0	0	0	9	0	0	12	0	2	0	0	0	0	0	0	0	1	0	0	0	0	0	0	0	0	0	0	0	0	0	0	1	0	0	0	0	0	0	0	0	0	0	44	0	0	0	0	0	0	0	0	0	3	0	0	2	0	0	0	0	0	0	0	0	0	0	0	0	1	0	0	0	0	2	2	0	0	0	0	0	0	1	0	0	0	0	0	0	0	0	0	0	1	0	2	0	0	0	0	0	0	0	0	0	0	1	0	0	0	0	7	0	0	0	2	0	0	0	0	2	0	0	1	0	2	0	0	0	0	0	0	0	3	0	0	0	0	0	0	4	0	0	0	2	3	1	0	0	0	0	0	0	0	0	0	0	0	9	0	0	0	0	0	0	0	0	13	0	0	0	1	0	0	0	0	0	0	0	0	0	1	2	0	0	0	0	0	0	0	0	0	0	0	1	0	2	0	0	0	2	0	0	7	10	0	0	0	1169	0	0	0	0	0	0	0	0	0	0	0	0	16	0	0	0	0	0	0	0	0	0	7	0	0	0	9	0	0	0	0	0	0	0	1	0	0	0	3	0	40	0	0	0	0	0	0	0	0	0	0	0	0	5	0	0	0	1	4	4	0	1	0	16	6	12	0	0	0	0	0	0	0	0	0	0	0	2	0	0	0	0	0	0	0	0
0	0	0	0	0	0	16	0	2	0	0	1	0	2	0	0	0	0	0	0	0	0	0	0	0	0	0	0	1	0	0	0	0	0	0	0	0	0	0	0	0	0	29	0	0	0	0	0	0	2	0	0	2	2	0	0	0	0	0	0	1	0	0	0	0	1	0	0	0	0	0	5	0	0	0	0	0	0	0	0	0	1	1	0	0	0	0	0	0	0	0	0	0	0	1	0	0	0	0	0	0	0	0	0	0	3	0	0	0	1	1	0	0	0	3	0	0	0	0	0	0	0	0	0	0	0	0	0	0	0	0	0	0	0	1	0	0	0	0	0	0	0	0	2	2	0	0	0	0	0	0	0	0	0	0	0	1	3	0	0	0	0	1	0	0	0	7	0	0	0	0	2	0	1	0	0	0	0	0	0	13	0	0	0	2	0	1	0	0	0	0	0	0	2	0	0	0	0	0	0	0	0	1	0	0	0	0	552	0	0	0	0	0	2	5	0	0	0	0	0	16	0	0	0	0	0	0	0	0	0	17	0	0	0	0	0	0	0	0	1	0	0	0	0	0	0	0	0	204	0	0	0	0	0	0	0	1	0	0	0	0	1	0	0	0	1	0	4	0	0	0	0	0	3	1	0	0	0	0	0	0	0	0	0	0	0	0	0	0	0	0	0	0	1
0	0	0	0	0	0	12	0	6	0	0	8	0	0	0	0	0	0	0	0	0	0	0	0	0	0	0	0	0	0	0	0	0	0	0	0	0	0	0	0	0	0	32	0	0	0	0	0	0	0	0	0	1	0	0	0	0	0	2	0	0	0	0	0	0	0	0	0	1	0	0	1	0	0	1	0	1	0	0	0	0	0	0	0	0	0	0	0	0	0	0	0	2	0	0	0	0	0	0	0	0	0	0	0	0	0	0	0	0	0	1	0	0	0	0	0	0	0	0	1	0	0	1	0	0	0	0	0	1	0	0	0	0	0	0	0	0	0	0	2	0	0	0	0	1	0	0	0	0	0	0	0	0	0	0	0	0	1	0	0	0	0	0	0	0	0	1	0	0	0	0	0	0	0	0	0	0	0	0	0	0	0	0	0	0	0	0	1	0	0	0	0	0	1	0	0	0	0	0	0	0	0	0	0	1	0	0	816	0	0	2	0	0	1	0	0	0	0	0	0	10	0	0	0	1	0	1	0	0	0	11	0	1	0	2	0	0	0	1	0	0	0	0	0	0	0	0	0	30	0	0	0	0	0	0	0	0	0	0	0	0	0	0	0	1	4	1	0	0	0	0	0	1	2	0	0	0	0	0	0	0	0	0	0	0	0	1	0	0	0	0	0	0	0
0	0	0	3	0	0	5	0	5	0	0	2	0	0	0	0	0	0	0	0	0	1	0	1	0	0	0	0	1	0	0	0	0	0	0	0	0	2	0	0	3	0	43	0	0	0	0	0	0	1	0	0	1	0	0	0	0	0	1	0	0	0	0	0	0	6	0	0	1	0	0	8	0	0	0	0	0	0	0	0	0	5	0	0	0	0	0	0	0	0	0	0	2	0	0	0	0	0	0	0	0	0	0	0	0	1	0	0	1	0	1	0	0	1	3	0	0	0	0	0	0	0	0	0	2	0	0	0	0	0	1	0	1	0	0	0	0	0	0	1	0	0	0	0	3	0	0	1	0	0	0	0	1	0	0	1	2	0	0	0	0	0	0	0	0	0	4	0	0	0	0	1	0	0	0	0	2	0	0	0	7	0	0	0	0	0	0	0	0	0	0	0	1	2	0	1	0	0	0	0	0	1	0	0	0	0	0	935	0	0	3	0	0	0	0	0	0	0	0	0	15	0	0	1	0	0	0	0	0	0	7	0	0	0	4	0	0	0	0	0	0	0	0	0	0	0	0	0	18	0	0	0	0	0	0	0	0	0	0	0	0	0	0	0	0	3	2	1	0	0	0	0	0	0	0	0	0	0	0	0	0	0	0	0	0	0	0	0	0	0	0	0	0	0
0	0	0	3	0	0	27	0	7	0	0	2	0	0	0	0	0	0	0	0	0	0	0	0	1	0	0	0	1	0	0	0	0	0	0	0	0	0	0	0	1	0	59	0	0	0	0	0	0	0	0	0	8	0	0	0	0	0	1	0	1	0	0	0	1	3	0	0	0	0	0	4	0	1	1	0	0	0	0	0	0	1	0	0	0	1	0	0	0	0	0	0	0	0	0	0	0	0	0	0	0	0	2	0	0	1	0	0	0	0	6	0	0	0	1	0	0	0	1	1	0	0	0	1	1	0	0	0	0	0	0	0	3	0	1	0	0	0	0	1	0	0	0	0	3	0	0	0	0	0	0	0	0	0	0	0	1	4	0	0	0	0	4	0	0	0	12	0	0	0	0	0	0	0	0	0	0	0	0	0	9	0	0	0	0	0	0	0	0	1	0	0	0	3	0	0	0	0	0	1	0	0	1	0	0	0	0	1036	0	0	0	0	0	1	0	0	0	0	1	0	15	0	0	0	0	0	0	1	0	0	23	0	0	0	3	0	0	0	0	1	0	0	0	0	0	0	1	0	7	0	0	0	0	0	0	0	0	0	0	0	0	0	0	0	0	4	3	0	0	0	0	2	1	4	0	0	0	0	0	0	0	0	0	0	0	1	0	0	0	0	0	0	0	0
0	0	0	8	0	0	4	0	3	0	0	3	0	2	0	0	0	0	0	0	0	0	0	0	0	0	0	0	0	0	0	0	0	0	0	0	0	1	0	0	2	0	38	0	0	0	0	0	0	0	0	0	4	0	0	0	0	0	1	0	1	0	0	0	1	2	0	0	1	0	0	1	0	1	0	0	0	0	0	0	0	0	0	0	1	1	1	0	0	0	0	0	2	0	1	0	0	0	0	0	0	0	0	0	0	0	0	0	0	0	0	0	0	0	0	0	0	0	0	3	0	0	0	1	1	0	0	0	0	0	0	0	4	0	1	0	0	0	0	2	0	0	0	0	1	0	0	0	0	0	0	0	0	0	0	0	0	1	0	0	0	0	1	0	0	0	1	0	0	0	0	0	0	0	0	0	0	0	0	0	3	0	0	0	0	0	0	0	0	0	0	0	0	0	0	0	0	0	0	0	0	0	0	1	0	0	0	684	0	0	0	0	0	0	1	0	0	0	0	0	5	0	0	0	0	0	0	0	0	0	2	0	0	0	4	0	0	0	0	0	0	0	0	0	0	0	2	0	67	0	0	0	0	0	0	1	0	0	0	0	0	1	0	0	0	5	3	1	0	0	0	1	2	2	0	0	0	0	0	0	0	0	0	0	0	0	0	0	0	0	0	0	0	0
0	0	0	1	0	0	14	0	14	0	0	2	0	0	0	0	0	0	0	0	0	0	0	0	0	0	0	0	0	0	0	1	0	0	1	0	0	0	0	0	0	0	70	0	0	0	0	1	0	1	0	0	2	0	0	0	0	0	1	0	0	0	0	2	0	0	0	0	2	0	0	2	0	1	0	0	0	0	0	0	0	2	0	0	2	0	0	0	0	0	0	0	0	0	0	0	0	0	0	0	0	0	0	0	0	2	0	0	0	0	0	0	0	1	10	0	0	0	0	0	0	0	0	0	2	0	0	0	0	0	0	0	0	0	1	0	0	0	1	0	0	0	0	0	4	0	0	0	0	0	5	0	1	1	0	0	1	5	0	0	0	0	4	0	0	0	3	0	0	0	0	1	0	0	0	0	0	0	0	0	18	0	0	4	3	0	0	0	0	0	0	0	0	1	0	0	0	0	0	0	0	0	0	0	0	0	0	1183	1	0	1	0	0	0	1	0	0	0	0	0	31	0	0	1	0	0	0	0	0	1	7	0	0	0	0	0	2	0	0	0	0	0	0	0	0	0	1	0	10	0	0	0	0	0	0	0	0	0	4	0	0	0	0	0	0	2	0	2	0	0	0	1	0	1	0	0	0	0	0	0	0	0	0	0	0	0	0	0	0	0	0	0	0	0
0	0	0	3	0	1	6	0	7	0	0	1	0	0	0	0	0	1	0	0	0	3	0	0	0	0	0	0	1	0	0	0	0	0	0	0	0	0	0	0	0	0	50	0	0	0	0	0	0	2	0	0	5	0	0	0	0	0	0	0	0	0	0	0	0	0	0	0	12	0	0	1	0	1	0	0	0	0	0	0	0	0	0	0	0	0	0	0	0	0	0	0	0	0	0	0	0	0	0	0	0	0	0	0	0	2	0	0	0	0	0	1	0	1	1	0	0	0	0	1	0	0	0	0	0	0	0	0	0	0	1	0	1	0	1	0	0	0	0	7	0	0	0	0	2	0	0	0	0	0	2	0	0	1	0	0	1	1	0	0	0	0	3	0	0	0	0	0	0	0	0	1	0	0	0	0	0	0	0	0	4	1	0	4	1	0	0	0	0	0	0	0	0	1	0	0	0	0	0	0	0	0	0	0	0	0	0	935	1	0	1	1	0	0	0	0	0	0	0	0	13	0	0	0	0	0	0	0	0	0	4	0	0	0	1	0	1	0	0	0	0	0	0	0	0	0	0	0	19	0	0	0	0	0	0	0	0	0	0	0	0	1	0	0	0	1	0	4	0	0	0	3	0	8	0	0	0	0	0	0	0	0	0	0	0	0	0	0	0	0	0	0	0	0
0	0	2	10	0	1	4	0	3	0	0	3	0	0	0	0	0	0	0	0	0	1	0	0	0	0	0	0	0	0	0	0	0	0	0	0	0	0	0	0	0	0	63	0	0	0	0	0	0	0	0	0	9	0	0	0	0	0	0	0	0	0	0	0	0	6	0	0	3	0	0	3	0	2	0	0	0	0	0	0	0	1	1	0	0	0	0	0	0	0	0	0	0	0	0	0	0	0	0	0	0	0	1	0	0	0	0	0	1	0	2	0	0	0	0	0	0	0	0	0	0	0	0	0	0	0	0	0	0	0	1	0	0	0	1	0	0	0	0	2	0	0	0	0	7	0	0	0	0	0	0	0	0	0	1	0	0	0	0	0	0	0	0	0	0	0	2	0	0	0	0	1	0	3	0	0	0	0	0	0	4	1	0	0	0	0	0	0	0	0	0	0	0	0	0	0	0	0	0	0	0	0	1	0	0	0	0	952	0	0	0	1	0	0	1	0	0	0	1	0	6	0	0	0	0	0	0	0	0	0	6	0	0	0	4	0	1	0	0	1	0	0	0	0	0	0	0	0	10	0	0	0	0	0	0	0	0	0	0	0	0	0	0	0	0	0	0	2	0	0	0	3	0	5	0	0	0	0	0	0	0	0	0	0	0	0	0	0	0	0	0	0	0	0
0	0	0	0	0	0	12	0	11	0	0	2	0	0	0	0	0	1	0	0	0	1	0	0	0	0	0	0	0	0	0	0	0	0	0	0	0	0	0	0	0	0	51	0	0	0	0	2	0	0	0	0	11	1	0	0	0	0	2	0	0	0	0	0	0	0	0	0	4	0	0	1	0	0	0	0	0	0	0	0	0	3	0	0	2	0	0	0	0	0	0	0	0	0	0	0	0	0	0	0	0	0	0	0	0	0	0	0	2	0	0	2	0	0	5	0	0	0	0	3	0	0	0	2	2	0	0	0	0	0	0	0	3	0	3	0	0	0	0	4	0	0	0	0	2	0	0	0	0	0	0	0	2	0	0	0	0	16	0	0	0	0	21	0	0	0	1	0	0	0	0	5	0	0	0	0	0	0	0	0	15	0	0	0	0	0	0	0	0	0	0	0	0	0	0	0	0	0	0	0	0	0	0	0	0	0	0	1073	0	0	1	0	0	0	0	0	0	0	0	0	10	0	0	2	0	0	0	0	0	3	5	2	0	0	1	0	0	0	0	0	0	0	0	0	0	0	0	0	22	0	0	0	0	0	0	0	0	0	0	0	0	2	0	0	0	0	0	3	0	0	0	6	0	4	0	0	0	0	0	0	0	0	0	0	2	0	0	0	0	0	0	0	0	0
0	0	3	0	0	0	9	0	2	0	0	1	0	0	0	0	0	0	0	0	0	0	0	0	0	0	0	0	0	0	0	0	0	0	0	0	0	0	0	0	0	0	30	0	0	0	0	0	0	1	0	0	3	0	0	0	0	0	1	0	0	0	0	2	0	0	0	0	1	0	0	2	0	0	0	0	0	0	0	0	0	1	0	0	0	0	0	0	0	0	0	0	0	0	0	0	0	0	0	0	0	0	2	0	0	0	0	0	1	0	0	0	0	0	2	0	0	0	0	0	0	0	0	0	1	0	0	0	0	0	0	0	0	0	0	0	0	0	0	0	0	0	0	1	5	0	0	0	0	0	2	0	0	0	1	0	1	12	0	0	0	0	11	0	0	0	4	0	0	0	0	0	0	2	0	0	0	0	0	0	1	0	0	1	0	0	0	0	0	0	0	0	1	1	0	0	0	0	0	0	0	0	0	0	0	0	0	485	0	0	0	0	0	0	1	0	0	0	0	0	8	0	0	0	0	0	0	1	0	0	0	0	0	0	2	0	3	0	0	1	0	0	0	0	0	0	0	0	6	0	0	0	0	0	0	0	0	0	0	0	0	0	0	0	0	1	0	0	0	0	0	1	0	0	0	0	0	0	0	0	0	0	0	0	0	0	0	0	0	0	0	0	0	0
3	0	15	0	1	0	26	0	5	0	0	0	2	0	11	0	0	0	12	0	0	0	0	0	0	1	0	0	0	1	6	0	0	0	0	0	5	0	1	0	0	0	45	4	5	0	1	0	0	0	0	11	3	0	0	0	0	2	4	0	0	3	0	1	0	1	1	1	0	0	0	0	2	0	2	0	0	0	4	0	0	0	1	0	0	0	0	0	0	1	0	0	1	0	0	6	0	9	0	1	0	0	0	1	0	0	0	0	6	12	5	1	0	0	0	0	0	0	0	0	6	1	0	0	0	13	5	0	0	49	0	0	0	0	5	22	0	0	0	6	0	0	0	0	5	2	1	0	1	0	0	0	0	0	0	2	0	1	10	0	1	1	0	0	16	0	33	0	0	2	0	2	0	0	2	0	0	0	17	0	0	2	0	0	0	1	0	0	0	0	6	0	0	0	14	1	11	0	0	15	4	0	2	0	33	1	0	42	0	0	0	22	0	71	3	0	2	0	0	0	2	0	4	21	0	0	0	0	0	0	0	0	0	6	0	1	0	4	0	0	1	1	0	6	0	1	0	0	50	0	14	3	0	0	0	0	0	1	0	0	0	0	0	0	0	13	0	18	0	0	0	1	0	4	0	0	0	0	0	1	0	0	0	0	0	0	0	0	1	0	0	0	0	8
6	0	7	0	0	0	135	0	2	0	2	12	0	0	4	0	0	0	12	0	1	0	2	0	0	1	1	1	0	0	2	0	0	0	0	1	8	0	0	0	0	0	39	5	3	12	0	0	0	0	0	65	0	0	0	0	0	0	6	0	0	0	0	0	0	0	0	0	0	0	0	0	1	0	1	0	0	0	9	0	0	1	0	0	0	0	0	0	3	0	0	0	0	0	0	0	0	8	0	0	0	0	0	3	0	0	0	0	0	5	2	0	0	0	16	0	3	2	0	0	3	2	0	0	0	5	0	0	0	22	0	0	0	0	0	0	0	0	0	0	0	1	0	0	0	2	0	0	0	0	0	5	0	0	0	1	0	0	4	0	0	0	5	0	88	2	111	0	1	3	0	0	0	0	7	5	0	0	4	6	1	0	0	0	0	0	0	0	0	0	1	0	0	2	8	0	10	5	0	12	0	0	0	0	9	0	1	5	0	0	1	12	0	72	1	0	0	7	0	0	0	0	1	54	0	1	0	0	0	0	0	0	0	17	0	6	0	4	0	0	0	4	0	1	2	2	3	3	17	0	12	0	1	0	0	0	0	3	0	0	0	0	0	0	0	28	0	10	1	0	0	0	0	2	0	0	0	0	1	1	0	0	0	0	0	0	0	0	4	0	0	0	0	11
1	1	2	0	0	0	134	0	2	0	1	0	2	0	7	2	0	0	3	0	1	1	0	0	0	3	2	0	0	0	0	0	0	0	0	0	0	0	0	0	1	3	44	0	1	0	0	0	0	1	0	27	2	0	0	0	2	0	5	2	0	0	2	4	0	1	0	0	0	0	0	1	1	0	2	0	0	0	5	0	2	0	3	0	0	0	0	0	3	3	0	1	1	0	0	4	0	5	0	0	1	0	1	6	0	2	0	0	2	3	9	0	0	0	0	0	0	3	0	0	2	0	0	0	0	13	3	0	0	24	0	0	0	0	2	48	0	0	0	9	0	0	0	0	5	0	0	0	1	0	0	4	0	0	0	5	0	1	2	0	0	3	0	0	36	0	41	1	0	5	0	1	0	0	2	0	0	0	14	11	8	0	0	0	0	0	0	0	0	0	6	0	0	0	9	0	5	7	0	2	1	0	4	1	14	0	2	16	0	0	0	8	0	52	0	2	1	0	1	0	5	0	1	92	0	1	0	0	1	0	0	0	0	7	0	18	0	2	0	1	0	11	0	3	15	3	3	1	61	0	9	4	2	1	0	0	0	3	0	0	0	2	0	0	0	21	0	9	6	0	2	0	0	21	0	0	0	0	0	1	3	0	0	3	0	0	0	2	12	0	0	0	0	1
3	0	0	0	0	0	120	0	2	0	5	0	0	1	1	0	0	0	7	0	0	0	1	0	0	1	3	0	0	2	0	0	1	0	0	0	3	0	1	5	1	0	44	3	0	0	0	0	0	2	0	65	6	0	0	2	2	2	7	0	0	0	0	1	0	0	2	3	0	0	0	0	1	0	0	0	0	0	1	0	0	0	0	0	0	0	0	0	0	2	0	0	5	0	0	0	0	3	0	1	1	0	0	0	0	0	0	0	1	8	1	1	0	0	0	0	0	3	0	0	2	1	0	0	0	4	0	0	2	24	0	0	0	0	1	10	0	0	0	13	0	1	1	0	9	0	0	0	0	0	0	7	0	0	1	6	0	12	1	0	1	2	4	0	59	4	72	5	1	3	0	2	0	2	1	0	1	0	34	5	0	0	0	0	0	0	0	0	0	2	2	0	0	0	1	2	4	2	0	7	0	0	2	1	10	0	0	69	0	0	5	4	0	41	0	0	0	0	0	0	5	0	0	61	0	0	0	0	0	0	0	0	0	14	0	5	0	3	0	0	3	8	0	0	1	0	6	1	38	0	8	4	0	0	0	0	0	3	7	0	0	0	0	0	0	23	0	11	2	5	0	0	0	7	0	0	0	0	0	1	0	0	0	0	0	0	0	0	3	0	0	0	0	7
0	0	1	0	0	0	255	1	3	0	3	2	0	0	4	1	0	0	1	0	1	0	2	0	0	1	2	0	0	0	0	0	0	1	0	0	0	0	0	0	1	0	57	0	0	0	0	0	0	0	0	27	2	0	0	0	1	0	25	0	0	0	0	1	0	1	0	0	0	0	0	0	0	0	1	0	1	0	4	1	1	0	0	0	0	1	0	0	1	0	0	2	0	0	0	4	0	7	0	0	0	0	0	6	0	0	0	0	2	2	4	0	0	0	0	0	0	0	0	0	1	0	0	1	0	4	1	0	0	15	0	0	0	1	2	23	0	0	0	4	0	0	2	0	4	0	0	0	0	0	0	3	0	0	0	0	0	0	1	0	0	0	0	0	60	1	207	0	0	3	0	4	0	0	0	0	0	0	9	7	0	0	0	0	0	1	0	0	0	0	0	0	0	0	2	0	1	5	0	1	1	0	0	0	14	0	0	50	0	0	0	2	0	16	1	1	0	0	0	0	2	0	0	96	0	0	0	0	0	0	0	0	0	12	0	10	0	0	0	0	0	14	0	1	8	0	16	2	25	0	2	2	1	0	0	0	0	6	0	0	0	0	0	0	0	34	0	8	3	0	0	0	0	5	0	0	0	0	0	0	0	0	0	0	0	0	0	1	5	0	0	0	0	5
2	2	0	0	0	0	90	0	6	0	3	1	0	0	6	2	0	0	1	0	0	1	0	0	1	2	0	0	0	0	0	0	0	0	0	0	0	0	0	0	0	2	56	0	0	0	0	0	0	3	1	14	1	0	0	0	0	0	28	0	0	0	0	2	0	1	0	0	0	0	0	0	0	0	0	0	0	0	1	0	0	0	0	0	0	0	0	0	0	1	0	1	1	0	0	0	0	10	0	1	0	0	0	0	0	0	0	0	0	3	3	0	0	0	0	0	0	0	0	0	1	0	0	0	0	7	1	0	0	14	0	0	0	0	0	73	0	0	0	6	0	0	0	0	7	0	1	0	0	0	0	10	0	0	0	4	0	1	1	0	0	1	0	0	24	0	121	1	0	0	0	0	0	1	1	0	0	0	15	0	0	0	2	0	0	0	0	0	0	0	1	0	0	0	7	0	2	1	0	1	1	0	1	1	13	0	1	35	0	0	0	2	0	23	0	0	1	0	0	0	10	0	0	27	0	0	0	0	0	0	0	0	0	4	1	1	0	0	0	0	0	1	0	1	0	0	12	0	34	0	3	1	0	1	0	0	0	0	0	0	0	1	0	0	0	14	0	7	9	0	0	0	1	11	0	0	0	0	0	0	0	0	0	0	0	0	0	0	1	0	1	0	0	4
2	0	1	0	0	0	45	1	3	0	0	3	2	1	6	0	0	0	4	0	1	0	1	0	0	2	0	0	0	0	0	0	1	0	0	0	0	0	1	1	5	0	42	0	1	0	0	0	0	0	0	11	3	0	0	1	1	0	15	5	0	0	3	3	0	3	0	1	0	0	0	1	1	0	0	0	1	1	9	0	0	1	4	0	0	0	0	0	3	5	0	1	4	0	0	1	0	11	0	1	2	0	1	2	0	6	0	0	2	6	13	0	0	0	1	0	0	1	0	0	3	1	0	1	0	8	1	0	3	22	0	0	0	0	3	20	0	0	0	7	0	2	0	0	11	0	1	0	2	0	0	3	0	0	0	3	0	3	3	0	1	2	1	0	17	0	105	1	0	2	0	8	0	1	8	0	0	0	25	1	24	0	0	0	1	0	0	0	0	1	5	1	0	1	9	0	9	0	0	7	1	0	6	0	17	0	4	83	0	0	1	7	0	60	0	0	0	0	0	0	3	0	0	20	0	1	0	0	1	0	0	0	0	1	0	4	0	3	0	3	0	0	0	3	4	7	6	0	73	0	21	1	0	0	0	0	0	0	1	0	0	1	0	0	0	12	1	13	1	0	0	0	0	13	0	0	0	0	0	3	0	0	0	0	0	0	0	0	3	0	0	0	0	8
1	0	2	0	0	0	43	1	16	0	1	2	0	0	0	1	0	0	0	0	2	2	0	0	0	1	1	0	0	0	0	0	1	0	0	0	0	0	0	0	8	0	59	0	1	1	0	0	0	0	0	2	2	0	1	0	0	1	1	0	0	0	1	2	0	0	1	0	2	0	0	5	0	0	1	0	1	3	0	0	0	5	6	0	0	0	0	0	0	1	0	0	8	0	0	0	0	1	0	0	0	6	0	0	0	6	0	0	12	3	24	0	0	0	3	2	0	0	0	0	0	0	0	0	0	1	1	0	0	12	0	0	0	0	2	36	0	0	0	16	0	0	0	0	17	0	1	0	0	0	0	11	0	0	0	0	0	7	3	0	0	1	59	0	9	0	49	1	0	0	2	8	0	0	7	0	0	0	51	0	20	0	4	0	0	0	0	0	0	1	0	0	0	0	1	3	0	0	0	0	0	0	6	4	9	0	1	151	0	0	0	1	0	10	4	0	0	0	0	0	14	0	1	20	0	0	0	0	0	0	0	0	2	1	0	0	0	1	0	0	0	0	0	1	0	0	1	1	125	0	3	2	0	0	0	0	0	0	0	0	0	1	0	0	0	7	0	27	9	0	0	0	0	37	0	0	0	0	1	0	1	0	0	0	0	0	0	0	0	0	0	1	0	3
0	1	6	0	0	0	59	0	15	0	4	9	0	1	9	0	0	0	2	0	0	4	0	0	0	0	3	0	0	0	0	0	0	1	0	2	0	1	2	0	8	0	148	0	0	0	0	0	0	0	0	1	5	3	1	0	0	1	17	0	0	0	0	9	0	1	0	0	1	0	0	3	1	0	1	0	2	2	0	0	0	2	3	3	0	0	0	0	0	2	2	2	9	0	0	0	0	2	0	0	0	1	0	0	0	0	0	0	4	6	4	1	1	0	5	2	0	0	0	0	4	0	0	2	0	4	0	0	0	10	0	0	1	0	2	19	0	0	0	13	0	0	0	0	26	4	1	0	0	0	0	14	0	0	1	0	0	27	1	4	1	3	35	0	28	0	64	0	0	1	5	5	1	3	3	0	0	0	18	0	12	0	3	1	0	0	0	0	0	1	0	0	0	0	0	3	3	0	0	3	0	0	2	3	17	0	0	264	0	1	0	0	0	20	1	0	0	0	0	0	12	0	1	47	0	0	0	0	0	0	0	0	0	4	0	1	0	4	0	1	0	1	0	1	0	0	2	3	66	0	1	0	1	0	0	0	0	0	1	0	0	2	0	0	0	15	0	14	4	0	0	2	0	25	0	0	0	0	0	1	1	0	4	0	0	0	0	0	1	1	0	0	0	2
0	1	0	0	0	0	120	0	13	0	3	0	0	0	1	0	0	0	1	0	0	1	0	0	0	1	0	0	0	0	0	0	3	0	0	4	0	0	1	0	16	0	95	0	0	2	0	0	0	0	1	8	5	0	1	0	0	0	5	0	0	0	0	4	0	0	0	0	2	0	0	2	0	0	2	0	0	8	0	0	0	0	7	0	0	0	0	0	0	1	7	0	2	0	0	0	0	1	0	0	0	0	0	0	0	0	0	0	8	2	61	1	0	0	0	11	0	0	0	0	0	0	0	0	0	2	0	0	1	5	0	0	1	0	3	2	0	0	0	17	0	1	2	0	17	1	0	0	0	0	0	2	0	0	0	0	0	4	1	5	0	0	9	0	27	0	56	1	2	2	0	1	0	2	0	0	0	1	11	2	2	1	2	0	0	1	0	0	0	1	0	1	0	0	1	0	0	0	0	1	0	0	1	0	2	0	0	70	0	5	0	0	0	2	1	0	0	0	0	0	9	0	0	46	0	0	0	0	0	0	0	0	1	7	0	1	1	1	0	0	0	7	0	0	0	0	2	0	66	0	1	0	1	0	0	0	0	1	0	0	0	1	0	0	0	19	0	70	3	0	0	0	0	48	0	0	0	0	0	0	0	1	0	0	0	0	0	0	1	0	0	1	0	0
1	3	1	0	0	0	27	0	18	0	0	3	0	1	2	0	0	0	2	0	0	0	1	0	0	0	0	0	0	0	1	0	1	1	0	1	0	3	2	0	18	0	54	0	1	3	0	0	0	0	0	2	1	1	0	0	0	2	7	0	0	0	0	10	0	0	1	0	0	0	0	0	2	0	1	0	0	3	0	0	0	2	7	4	0	0	0	0	0	0	1	1	1	0	0	0	0	3	0	0	0	1	0	0	0	0	0	0	19	5	28	0	0	0	8	5	0	0	0	0	2	0	0	0	0	2	1	0	0	10	0	1	0	0	4	52	0	0	0	23	0	0	0	0	19	2	0	0	0	0	0	0	0	0	0	0	0	39	0	2	0	0	5	0	6	0	23	2	0	0	0	4	0	3	2	0	0	1	16	1	0	0	2	0	0	0	0	0	0	0	0	0	0	0	0	2	2	0	0	0	0	0	3	2	6	0	1	91	0	1	0	0	0	12	2	0	0	0	0	0	8	0	0	14	0	0	0	0	1	0	0	0	0	1	0	0	0	1	1	0	0	2	0	0	0	0	2	0	109	0	2	1	0	0	0	0	0	0	0	0	0	2	0	0	0	5	0	40	1	1	0	0	0	40	0	0	0	0	1	1	2	0	0	0	0	0	0	0	0	2	0	0	0	0
0	4	3	0	0	0	25	0	14	0	0	4	0	0	2	0	1	0	2	0	1	1	0	0	0	2	0	0	0	1	0	0	0	0	0	0	0	1	0	0	1	0	81	0	0	0	0	0	1	0	0	5	1	0	0	0	0	0	6	0	0	0	0	0	0	0	0	0	0	0	0	4	1	0	0	0	1	0	0	0	0	2	0	2	0	0	0	0	0	1	0	0	5	1	0	0	0	2	0	0	0	2	0	1	0	0	0	0	2	3	11	0	0	0	5	1	0	0	0	0	2	0	0	0	1	1	0	0	0	8	0	0	0	0	0	30	0	0	0	12	0	0	0	0	14	0	0	0	0	0	0	4	0	0	0	0	0	24	1	0	0	0	15	0	16	0	35	1	2	0	1	4	0	1	3	0	0	0	14	0	5	0	3	1	0	0	0	0	0	0	0	0	1	0	0	1	1	0	0	0	0	0	2	0	6	0	0	132	0	0	0	2	0	18	1	4	0	0	0	0	9	0	1	27	0	0	0	0	1	0	0	0	3	7	0	1	0	2	1	1	0	2	0	0	0	0	0	0	77	0	0	0	0	0	0	0	0	1	0	0	0	0	0	0	0	4	0	12	6	0	0	1	0	24	0	0	0	0	0	1	0	0	0	0	0	0	0	0	0	1	0	0	0	1
0	0	0	0	0	0	1	0	2	0	0	6	0	0	0	0	0	0	0	0	0	0	0	1	0	0	0	0	0	0	0	0	0	0	0	0	0	0	0	0	0	0	11	0	0	0	0	0	0	0	0	0	0	0	0	0	0	0	2	0	0	0	0	0	0	0	0	0	1	0	0	2	0	0	0	0	0	0	0	0	0	1	0	0	0	0	0	0	0	0	0	0	0	1	0	0	0	1	0	0	0	0	0	0	0	0	2	0	0	0	0	0	0	0	0	0	0	0	0	0	0	0	0	0	0	0	0	0	0	0	0	0	0	0	0	0	1	0	0	0	0	0	0	0	2	0	0	0	0	0	0	4	0	0	0	0	0	27	0	0	0	0	4	0	0	0	4	0	0	0	0	1	0	0	0	0	0	0	2	0	2	0	2	0	0	0	0	0	0	0	0	0	0	2	0	0	0	1	0	0	0	0	1	1	0	0	0	504	0	0	0	0	0	0	0	0	0	0	0	0	0	0	0	0	1	0	0	0	0	0	0	0	0	0	0	0	0	0	0	0	0	0	0	0	0	0	3	0	1	0	0	0	0	0	1	0	0	3	2	0	0	1	0	0	1	1	0	1	0	1	0	0	0	0	0	1	0	0	0	0	1	0	0	0	0	0	0	0	0	0	0	0	0	0
0	0	0	0	0	0	6	0	7	0	0	6	2	2	0	0	0	0	0	0	0	0	0	0	0	0	0	1	0	0	0	1	0	0	0	0	0	0	0	0	2	0	22	0	0	0	1	0	0	3	0	0	1	1	0	0	6	0	6	0	0	0	0	2	0	2	0	0	0	0	0	15	0	0	0	0	1	0	0	0	1	2	0	0	1	0	0	0	1	1	0	0	2	0	0	0	1	2	1	0	0	0	2	0	2	0	14	0	0	0	0	0	0	0	0	0	0	1	1	0	0	0	1	0	20	0	0	0	0	2	0	2	0	0	0	0	2	15	0	1	0	0	0	0	12	1	0	0	0	0	3	2	0	0	0	0	0	57	0	0	0	0	23	1	0	0	40	0	0	1	0	3	0	0	0	0	1	0	2	0	6	1	0	3	0	0	1	0	0	0	0	0	0	0	0	0	0	0	0	0	0	0	2	2	0	0	0	875	1	0	0	0	0	0	0	1	0	2	0	3	8	1	0	0	0	0	1	1	0	0	0	0	0	0	9	0	0	0	0	0	0	0	3	0	0	0	3	0	14	0	0	0	0	4	6	7	1	0	3	2	0	1	0	1	0	1	2	5	0	0	0	1	0	3	0	2	0	1	0	0	0	0	0	0	0	0	0	0	1	0	0	0	0	0
0	0	1	0	0	0	10	0	8	1	0	3	0	0	0	4	0	0	0	0	0	0	0	0	0	0	0	1	0	0	0	1	0	0	3	0	0	2	0	0	0	0	16	0	0	0	0	0	1	0	0	0	2	0	0	0	1	0	4	0	0	0	0	0	0	0	0	0	6	0	0	10	0	0	0	0	0	0	0	0	0	1	0	0	2	0	0	0	0	2	0	0	7	0	0	0	3	0	3	0	0	0	2	0	2	0	9	2	0	0	0	0	0	0	2	0	0	0	0	0	0	0	0	0	13	0	0	0	0	0	3	0	0	0	0	0	2	0	0	1	0	0	0	0	10	0	0	0	0	0	0	2	0	1	0	0	0	30	0	0	0	0	40	0	0	0	23	0	0	0	0	1	0	1	0	0	0	0	0	0	7	0	0	0	0	0	0	0	0	0	0	0	0	0	0	0	0	0	0	0	0	0	34	20	0	0	0	911	0	0	1	0	0	0	0	0	0	1	0	1	6	0	0	1	0	0	0	3	0	0	0	0	0	0	2	0	0	0	0	0	0	3	3	0	0	0	2	0	6	0	0	0	0	1	0	1	0	0	4	1	0	0	0	0	0	7	6	3	0	0	0	0	0	2	0	0	0	3	0	0	0	0	0	0	0	0	0	2	0	1	0	0	0	0
0	0	0	0	0	0	9	0	17	0	0	8	0	4	0	0	0	0	0	0	0	1	0	0	0	0	0	0	0	0	0	0	5	0	0	0	0	0	0	0	0	0	30	0	0	0	0	0	0	0	0	0	2	1	0	0	0	0	10	0	0	0	0	1	0	1	0	0	2	0	0	3	0	0	0	0	2	0	0	0	0	0	0	0	0	0	2	0	0	2	0	0	9	0	0	0	0	0	0	0	0	0	2	0	0	0	2	0	2	0	0	0	1	0	1	0	0	0	0	0	0	0	0	1	2	0	1	0	0	0	0	0	1	0	0	0	0	0	0	5	0	0	0	5	7	0	0	0	0	2	6	2	0	0	0	0	0	51	0	0	0	0	3	1	0	0	8	0	0	0	0	8	0	0	0	0	0	0	3	0	1	0	3	0	2	0	9	0	0	0	0	0	0	1	0	0	0	0	0	0	0	0	1	1	0	1	0	667	0	0	0	0	0	0	1	0	0	0	0	0	2	0	0	0	0	0	0	0	0	0	0	0	0	0	0	0	0	0	0	0	0	0	3	0	0	0	2	0	63	0	0	0	0	0	0	0	0	0	7	0	0	0	0	4	0	4	2	3	2	0	0	0	0	17	0	0	0	0	0	0	0	0	0	0	4	1	0	0	0	0	1	2	0	0
0	0	1	0	0	0	0	0	3	0	0	2	0	1	0	0	0	0	0	0	0	0	0	0	0	1	0	1	0	0	0	0	0	0	0	0	0	0	0	0	1	0	12	0	0	0	0	0	0	1	2	0	0	0	0	0	0	0	7	0	0	0	0	0	0	0	0	0	1	0	0	9	0	0	0	0	1	0	0	0	0	0	0	0	0	0	0	0	1	0	0	0	2	0	0	0	0	0	0	0	0	0	0	1	1	0	2	0	0	0	0	0	0	0	0	0	0	0	0	0	0	0	0	0	4	0	0	0	0	1	0	0	1	0	0	0	0	0	1	0	0	0	0	0	9	0	0	0	0	0	2	0	0	2	0	0	0	37	0	0	0	0	7	0	0	0	6	0	0	0	0	1	0	0	0	0	1	0	0	0	5	0	1	2	1	0	0	0	2	0	0	0	1	0	0	0	0	0	0	0	0	0	0	0	1	0	0	385	0	0	0	0	0	0	0	0	0	2	0	1	3	1	0	0	0	0	0	0	0	0	0	1	0	0	1	0	0	0	0	0	0	0	2	0	0	0	0	0	14	0	1	0	0	1	0	4	0	0	1	1	0	0	0	0	0	3	0	1	1	0	0	1	0	0	1	0	0	0	0	0	0	0	0	0	0	0	0	0	0	0	0	0	0	0
0	0	0	0	0	0	7	0	3	0	2	14	0	1	0	0	0	0	0	0	0	0	0	0	0	0	0	0	0	0	0	0	0	0	0	0	0	0	0	0	0	0	18	0	0	0	0	0	2	0	0	0	1	0	0	0	0	0	3	0	0	0	0	0	0	0	0	0	3	0	0	8	0	0	0	0	1	0	0	0	0	2	0	0	1	0	1	0	0	0	0	0	1	0	0	0	0	0	0	0	0	0	0	0	0	0	1	1	0	0	0	0	0	0	0	0	0	0	0	0	0	0	0	6	1	0	0	1	0	0	0	0	0	0	0	0	1	0	0	0	0	0	1	0	16	0	0	2	0	1	0	2	0	0	0	0	0	89	0	0	0	0	11	0	0	0	9	0	0	0	0	0	0	1	0	0	0	0	0	0	5	0	0	0	0	0	0	0	1	0	0	0	0	1	0	0	0	0	0	0	0	1	0	2	0	0	0	838	0	0	0	0	0	2	1	0	0	0	1	0	3	1	0	0	0	0	0	4	0	0	0	0	0	0	0	0	0	0	0	0	0	0	7	0	0	0	2	0	5	0	0	0	0	0	1	0	0	0	6	0	0	0	0	0	1	6	0	1	1	0	0	0	0	1	2	1	0	0	0	0	0	0	0	0	0	0	0	0	0	3	0	0	0	0
0	0	0	0	0	0	5	0	8	0	0	3	0	0	0	0	0	0	0	0	0	1	0	0	0	0	0	0	0	0	0	0	0	0	0	0	0	0	0	0	0	0	22	0	0	0	0	0	0	0	0	0	0	0	0	0	0	0	2	0	0	0	0	0	0	0	0	0	4	1	0	9	0	0	0	0	0	0	0	0	0	0	0	0	0	1	0	0	0	0	0	0	2	0	0	0	0	0	0	1	0	0	0	0	0	0	7	0	0	0	0	0	0	0	0	0	0	0	0	0	0	0	4	1	9	0	0	0	0	0	0	0	1	3	0	1	1	0	0	0	0	1	0	0	41	0	0	0	0	0	0	1	0	0	0	0	0	33	0	0	0	0	13	2	0	0	11	0	0	0	0	0	2	0	0	0	0	0	0	0	0	0	0	0	0	0	0	0	0	0	0	0	0	0	0	0	0	0	0	0	0	1	0	0	0	0	0	395	0	0	0	0	0	0	0	0	0	0	0	0	0	0	0	0	0	0	0	0	0	0	0	0	0	0	2	0	0	0	0	0	0	0	1	0	0	0	5	0	5	0	0	0	0	0	0	0	0	0	9	0	0	1	0	1	0	0	0	0	0	0	0	2	0	3	2	0	0	0	0	0	0	1	0	0	0	0	0	0	0	3	0	0	0	0
0	0	0	0	0	0	5	0	7	3	0	14	0	1	0	0	0	0	0	0	1	0	0	0	0	2	0	0	0	0	0	1	0	0	0	0	0	0	0	0	0	0	18	0	0	0	0	1	0	0	0	0	0	0	0	0	0	0	3	0	0	0	0	0	0	0	0	0	3	2	0	16	0	0	0	0	0	0	0	0	0	0	0	1	0	0	1	0	2	0	0	0	3	0	3	0	0	0	0	0	0	0	0	0	0	0	9	2	0	0	0	0	0	1	0	0	0	0	0	0	0	0	2	0	3	0	0	0	0	0	3	0	0	0	0	0	0	0	1	1	0	0	0	0	31	0	0	0	0	1	0	3	0	0	0	0	0	58	0	0	0	0	50	0	0	0	14	0	0	2	0	0	0	0	0	0	0	0	0	0	0	0	0	0	1	0	1	1	0	0	0	0	0	0	0	1	0	0	0	0	0	0	5	0	0	0	0	524	1	0	0	0	0	0	0	0	0	2	0	0	3	0	0	2	0	0	0	0	0	0	0	0	0	0	2	0	0	0	0	0	0	2	0	0	0	0	1	0	6	0	0	0	0	0	0	4	0	0	0	0	0	0	4	0	0	0	0	0	0	0	0	0	0	4	0	0	1	0	0	0	0	0	0	0	1	0	1	0	1	4	0	2	0	0
0	0	0	0	0	0	1	0	13	0	0	3	0	0	0	0	1	0	0	0	0	0	0	0	0	0	0	0	0	0	1	0	1	0	0	0	0	2	0	1	0	0	14	0	0	0	0	0	0	0	0	0	0	0	1	0	0	0	8	0	0	0	0	0	0	0	0	0	3	0	0	4	0	0	0	3	0	0	0	0	0	0	0	0	1	0	1	0	0	2	0	0	3	0	0	0	0	0	2	0	0	0	0	0	0	1	4	0	0	0	0	0	1	0	0	0	0	0	0	0	0	0	0	0	2	0	0	0	1	0	0	0	0	0	0	0	0	0	0	2	0	0	2	0	24	1	0	0	0	1	0	0	0	0	0	0	0	51	0	0	0	0	26	0	0	0	7	0	0	0	0	3	0	0	0	0	1	0	0	1	0	0	1	0	0	0	0	1	0	0	0	0	0	0	0	0	0	0	0	0	0	0	3	0	0	0	0	501	0	0	1	0	0	0	0	0	0	0	0	0	1	1	0	6	1	0	0	0	0	0	0	0	0	1	1	0	0	0	0	0	0	0	0	0	0	0	0	0	9	0	0	0	0	0	1	2	1	0	0	0	0	0	0	0	0	2	0	1	4	1	0	0	0	1	0	0	0	1	0	0	0	0	0	0	0	1	1	0	0	0	1	0	1	0
0	0	0	0	0	0	8	0	13	0	0	9	0	0	0	0	3	0	0	0	0	0	0	0	0	0	0	0	0	0	0	0	1	0	0	0	0	1	0	1	0	0	46	0	0	0	0	0	0	0	0	0	0	0	2	0	0	0	10	0	0	0	0	0	0	0	0	0	2	1	0	23	0	0	0	0	0	0	0	0	0	0	0	0	2	0	0	0	1	0	0	0	5	1	3	0	0	0	1	0	0	0	0	0	0	1	11	3	0	0	0	0	0	0	0	0	0	0	0	0	0	0	1	0	8	0	0	1	0	0	3	0	0	0	0	0	0	0	0	8	0	0	3	0	136	0	0	0	0	2	0	0	0	0	0	0	0	30	0	0	0	0	67	0	0	0	15	0	0	0	1	5	0	0	0	0	0	0	0	0	0	0	0	0	1	0	0	0	0	0	0	0	0	0	0	0	0	0	0	0	0	0	10	0	0	0	0	846	0	1	0	0	0	0	0	3	0	4	0	0	2	0	0	7	1	0	0	0	0	0	0	0	0	3	2	2	2	0	0	0	0	0	0	0	0	0	2	2	13	0	0	1	0	0	1	8	0	0	3	0	0	2	4	0	3	3	0	9	3	1	0	2	0	3	0	0	0	0	0	0	0	0	0	0	0	0	0	0	0	13	0	2	1	0
