0.7468	0.2532
1.0000	0.0000
1.0000	0.0000
0.0003	0.9997
0.0014	0.9986
1.0000	0.0000
1.0000	0.0000
0.0016	0.9984
1.0000	0.0000
1.0000	0.0000
1.0000	0.0000
1.0000	0.0000
1.0000	0.0000
1.0000	0.0000
1.0000	0.0000
1.0000	0.0000
1.0000	0.0000
1.0000	0.0000
0.0026	0.9974
1.0000	0.0000
0.0000	1.0000
1.0000	0.0000
1.0000	0.0000
1.0000	0.0000
1.0000	0.0000
1.0000	0.0000
1.0000	0.0000
1.0000	0.0000
1.0000	0.0000
1.0000	0.0000
1.0000	0.0000
1.0000	0.0000
1.0000	0.0000
1.0000	0.0000
1.0000	0.0000
1.0000	0.0000
1.0000	0.0000
1.0000	0.0000
1.0000	0.0000
1.0000	0.0000
1.0000	0.0000
1.0000	0.0000
1.0000	0.0000
1.0000	0.0000
1.0000	0.0000
1.0000	0.0000
1.0000	0.0000
1.0000	0.0000
1.0000	0.0000
0.0000	1.0000
0.9999	0.0001
1.0000	0.0000
1.0000	0.0000
1.0000	0.0000
1.0000	0.0000
1.0000	0.0000
1.0000	0.0000
1.0000	0.0000
0.0000	1.0000
1.0000	0.0000
0.1168	0.8832
1.0000	0.0000
1.0000	0.0000
1.0000	0.0000
0.0000	1.0000
0.9991	0.0009
1.0000	0.0000
1.0000	0.0000
1.0000	0.0000
1.0000	0.0000
0.0207	0.9793
0.0000	1.0000
1.0000	0.0000
1.0000	0.0000
1.0000	0.0000
1.0000	0.0000
0.0010	0.9990
0.0000	1.0000
0.9649	0.0351
0.0000	1.0000
1.0000	0.0000
0.0000	1.0000
1.0000	0.0000
1.0000	0.0000
1.0000	0.0000
0.0021	0.9979
1.0000	0.0000
1.0000	0.0000
1.0000	0.0000
1.0000	0.0000
1.0000	0.0000
0.0006	0.9994
1.0000	0.0000
0.9508	0.0492
1.0000	0.0000
0.0010	0.9990
1.0000	0.0000
1.0000	0.0000
1.0000	0.0000
0.0393	0.9607
1.0000	0.0000
0.9999	0.0001
0.0000	1.0000
0.6201	0.3799
1.0000	0.0000
1.0000	0.0000
1.0000	0.0000
1.0000	0.0000
0.0000	1.0000
0.1935	0.8065
1.0000	0.0000
1.0000	0.0000
1.0000	0.0000
1.0000	0.0000
1.0000	0.0000
1.0000	0.0000
1.0000	0.0000
1.0000	0.0000
1.0000	0.0000
1.0000	0.0000
0.6001	0.3999
1.0000	0.0000
0.0050	0.9950
1.0000	0.0000
0.0000	1.0000
1.0000	0.0000
1.0000	0.0000
0.0726	0.9274
0.9800	0.0200
0.4367	0.5633
1.0000	0.0000
1.0000	0.0000
1.0000	0.0000
1.0000	0.0000
0.9998	0.0002
0.0012	0.9988
0.9989	0.0011
1.0000	0.0000
0.0000	1.0000
1.0000	0.0000
1.0000	0.0000
1.0000	0.0000
1.0000	0.0000
0.9526	0.0474
1.0000	0.0000
1.0000	0.0000
0.0017	0.9983
1.0000	0.0000
1.0000	0.0000
1.0000	0.0000
1.0000	0.0000
0.0024	0.9976
0.0008	0.9992
1.0000	0.0000
1.0000	0.0000
1.0000	0.0000
0.0000	1.0000
1.0000	0.0000
1.0000	0.0000
1.0000	0.0000
1.0000	0.0000
1.0000	0.0000
1.0000	0.0000
1.0000	0.0000
0.0014	0.9986
1.0000	0.0000
1.0000	0.0000
0.9656	0.0344
1.0000	0.0000
1.0000	0.0000
1.0000	0.0000
1.0000	0.0000
1.0000	0.0000
1.0000	0.0000
1.0000	0.0000
0.5667	0.4333
0.9992	0.0008
1.0000	0.0000
1.0000	0.0000
1.0000	0.0000
1.0000	0.0000
1.0000	0.0000
1.0000	0.0000
1.0000	0.0000
1.0000	0.0000
0.6735	0.3265
1.0000	0.0000
1.0000	0.0000
1.0000	0.0000
0.0000	1.0000
1.0000	0.0000
1.0000	0.0000
1.0000	0.0000
0.3722	0.6278
1.0000	0.0000
1.0000	0.0000
1.0000	0.0000
1.0000	0.0000
0.9694	0.0306
1.0000	0.0000
1.0000	0.0000
1.0000	0.0000
0.0000	1.0000
1.0000	0.0000
1.0000	0.0000
1.0000	0.0000
0.9907	0.0093
0.9944	0.0056
1.0000	0.0000
0.0499	0.9501
1.0000	0.0000
1.0000	0.0000
1.0000	0.0000
1.0000	0.0000
0.9975	0.0025
1.0000	0.0000
1.0000	0.0000
1.0000	0.0000
1.0000	0.0000
0.0505	0.9495
0.9776	0.0224
1.0000	0.0000
1.0000	0.0000
1.0000	0.0000
0.0672	0.9328
1.0000	0.0000
1.0000	0.0000
0.0002	0.9998
1.0000	0.0000
1.0000	0.0000
1.0000	0.0000
1.0000	0.0000
1.0000	0.0000
1.0000	0.0000
1.0000	0.0000
1.0000	0.0000
0.0016	0.9984
1.0000	0.0000
0.9995	0.0005
1.0000	0.0000
1.0000	0.0000
1.0000	0.0000
1.0000	0.0000
1.0000	0.0000
1.0000	0.0000
1.0000	0.0000
1.0000	0.0000
1.0000	0.0000
0.9998	0.0002
0.0010	0.9990
1.0000	0.0000
1.0000	0.0000
0.9780	0.0220
1.0000	0.0000
1.0000	0.0000
1.0000	0.0000
1.0000	0.0000
1.0000	0.0000
1.0000	0.0000
1.0000	0.0000
1.0000	0.0000
1.0000	0.0000
0.0000	1.0000
1.0000	0.0000
1.0000	0.0000
0.0000	1.0000
1.0000	0.0000
0.9997	0.0003
0.0000	1.0000
1.0000	0.0000
0.0000	1.0000
0.2883	0.7117
1.0000	0.0000
1.0000	0.0000
0.0000	1.0000
1.0000	0.0000
1.0000	0.0000
1.0000	0.0000
0.0164	0.9836
1.0000	0.0000
1.0000	0.0000
1.0000	0.0000
1.0000	0.0000
0.9993	0.0007
1.0000	0.0000
1.0000	0.0000
1.0000	0.0000
0.8979	0.1021
1.0000	0.0000
0.4800	0.5200
0.0000	1.0000
1.0000	0.0000
1.0000	0.0000
1.0000	0.0000
1.0000	0.0000
1.0000	0.0000
0.0137	0.9863
1.0000	0.0000
1.0000	0.0000
1.0000	0.0000
0.8436	0.1564
0.7825	0.2175
1.0000	0.0000
1.0000	0.0000
1.0000	0.0000
1.0000	0.0000
0.0005	0.9995
1.0000	0.0000
1.0000	0.0000
0.9345	0.0655
1.0000	0.0000
0.7424	0.2576
1.0000	0.0000
0.0001	0.9999
1.0000	0.0000
1.0000	0.0000
1.0000	0.0000
0.0000	1.0000
1.0000	0.0000
1.0000	0.0000
0.0584	0.9416
1.0000	0.0000
1.0000	0.0000
0.9360	0.0640
1.0000	0.0000
1.0000	0.0000
1.0000	0.0000
1.0000	0.0000
1.0000	0.0000
1.0000	0.0000
0.9709	0.0291
1.0000	0.0000
1.0000	0.0000
1.0000	0.0000
1.0000	0.0000
1.0000	0.0000
1.0000	0.0000
1.0000	0.0000
1.0000	0.0000
1.0000	0.0000
1.0000	0.0000
1.0000	0.0000
1.0000	0.0000
1.0000	0.0000
1.0000	0.0000
0.9943	0.0057
1.0000	0.0000
1.0000	0.0000
1.0000	0.0000
1.0000	0.0000
1.0000	0.0000
1.0000	0.0000
1.0000	0.0000
1.0000	0.0000
0.0293	0.9707
1.0000	0.0000
1.0000	0.0000
1.0000	0.0000
1.0000	0.0000
0.0009	0.9991
1.0000	0.0000
1.0000	0.0000
0.2474	0.7526
1.0000	0.0000
0.0000	1.0000
1.0000	0.0000
1.0000	0.0000
0.3739	0.6261
1.0000	0.0000
1.0000	0.0000
1.0000	0.0000
1.0000	0.0000
0.0000	1.0000
1.0000	0.0000
1.0000	0.0000
0.9922	0.0078
1.0000	0.0000
1.0000	0.0000
1.0000	0.0000
0.3175	0.6825
1.0000	0.0000
1.0000	0.0000
1.0000	0.0000
0.0000	1.0000
1.0000	0.0000
1.0000	0.0000
0.0000	1.0000
1.0000	0.0000
1.0000	0.0000
0.0444	0.9556
1.0000	0.0000
1.0000	0.0000
0.9422	0.0578
1.0000	0.0000
1.0000	0.0000
0.9994	0.0006
1.0000	0.0000
1.0000	0.0000
1.0000	0.0000
1.0000	0.0000
0.0000	1.0000
0.0000	1.0000
0.1533	0.8467
1.0000	0.0000
1.0000	0.0000
0.8988	0.1012
0.9956	0.0044
0.0000	1.0000
1.0000	0.0000
0.0000	1.0000
1.0000	0.0000
1.0000	0.0000
1.0000	0.0000
1.0000	0.0000
1.0000	0.0000
1.0000	0.0000
1.0000	0.0000
1.0000	0.0000
1.0000	0.0000
1.0000	0.0000
1.0000	0.0000
0.3128	0.6872
1.0000	0.0000
1.0000	0.0000
1.0000	0.0000
1.0000	0.0000
0.7245	0.2755
1.0000	0.0000
1.0000	0.0000
1.0000	0.0000
1.0000	0.0000
1.0000	0.0000
1.0000	0.0000
1.0000	0.0000
1.0000	0.0000
1.0000	0.0000
1.0000	0.0000
1.0000	0.0000
1.0000	0.0000
1.0000	0.0000
0.9664	0.0336
1.0000	0.0000
1.0000	0.0000
1.0000	0.0000
1.0000	0.0000
0.0000	1.0000
1.0000	0.0000
0.0003	0.9997
0.0744	0.9256
0.0000	1.0000
1.0000	0.0000
0.0002	0.9998
0.0110	0.9890
1.0000	0.0000
0.0000	1.0000
0.0000	1.0000
1.0000	0.0000
1.0000	0.0000
1.0000	0.0000
1.0000	0.0000
1.0000	0.0000
1.0000	0.0000
1.0000	0.0000
