0.5731	0.4269
1.0000	0.0000
1.0000	0.0000
0.0035	0.9965
0.0071	0.9929
1.0000	0.0000
0.9999	0.0001
0.1450	0.8550
0.0017	0.9983
1.0000	0.0000
1.0000	0.0000
1.0000	0.0000
1.0000	0.0000
1.0000	0.0000
1.0000	0.0000
1.0000	0.0000
0.8724	0.1276
0.9229	0.0771
0.0595	0.9405
1.0000	0.0000
0.3147	0.6853
1.0000	0.0000
1.0000	0.0000
1.0000	0.0000
1.0000	0.0000
1.0000	0.0000
1.0000	0.0000
1.0000	0.0000
1.0000	0.0000
1.0000	0.0000
1.0000	0.0000
1.0000	0.0000
1.0000	0.0000
1.0000	0.0000
1.0000	0.0000
0.9999	0.0001
1.0000	0.0000
1.0000	0.0000
1.0000	0.0000
1.0000	0.0000
1.0000	0.0000
1.0000	0.0000
0.6216	0.3784
1.0000	0.0000
1.0000	0.0000
1.0000	0.0000
1.0000	0.0000
1.0000	0.0000
1.0000	0.0000
0.0000	1.0000
1.0000	0.0000
1.0000	0.0000
1.0000	0.0000
1.0000	0.0000
1.0000	0.0000
1.0000	0.0000
1.0000	0.0000
1.0000	0.0000
0.0004	0.9996
1.0000	0.0000
0.0006	0.9994
1.0000	0.0000
1.0000	0.0000
1.0000	0.0000
0.0015	0.9985
0.0012	0.9988
1.0000	0.0000
1.0000	0.0000
1.0000	0.0000
1.0000	0.0000
0.0001	0.9999
0.0022	0.9978
1.0000	0.0000
1.0000	0.0000
1.0000	0.0000
1.0000	0.0000
0.2650	0.7350
0.0000	1.0000
0.0149	0.9851
0.0001	0.9999
0.9778	0.0222
0.0006	0.9994
1.0000	0.0000
1.0000	0.0000
1.0000	0.0000
0.0005	0.9995
1.0000	0.0000
1.0000	0.0000
1.0000	0.0000
1.0000	0.0000
0.9998	0.0002
0.0003	0.9997
1.0000	0.0000
0.0035	0.9965
1.0000	0.0000
0.0121	0.9879
1.0000	0.0000
1.0000	0.0000
1.0000	0.0000
0.0031	0.9969
1.0000	0.0000
0.5975	0.4025
0.0000	1.0000
1.0000	0.0000
1.0000	0.0000
1.0000	0.0000
1.0000	0.0000
1.0000	0.0000
0.0000	1.0000
0.1526	0.8474
1.0000	0.0000
0.9890	0.0110
1.0000	0.0000
0.9995	0.0005
1.0000	0.0000
1.0000	0.0000
1.0000	0.0000
1.0000	0.0000
1.0000	0.0000
1.0000	0.0000
0.0017	0.9983
1.0000	0.0000
0.1291	0.8709
1.0000	0.0000
0.0000	1.0000
1.0000	0.0000
1.0000	0.0000
0.0074	0.9926
0.0307	0.9693
0.2783	0.7217
1.0000	0.0000
1.0000	0.0000
1.0000	0.0000
1.0000	0.0000
0.0948	0.9052
0.0035	0.9965
0.5717	0.4283
1.0000	0.0000
0.0311	0.9689
1.0000	0.0000
1.0000	0.0000
1.0000	0.0000
1.0000	0.0000
0.0013	0.9987
1.0000	0.0000
1.0000	0.0000
0.9987	0.0013
1.0000	0.0000
1.0000	0.0000
1.0000	0.0000
1.0000	0.0000
0.0013	0.9987
0.0064	0.9936
0.9969	0.0031
1.0000	0.0000
1.0000	0.0000
0.0014	0.9986
1.0000	0.0000
1.0000	0.0000
0.9976	0.0024
1.0000	0.0000
1.0000	0.0000
1.0000	0.0000
0.9848	0.0152
0.0038	0.9962
1.0000	0.0000
0.2216	0.7784
0.3905	0.6095
0.8544	0.1456
1.0000	0.0000
0.9553	0.0447
0.9974	0.0026
0.9998	0.0002
1.0000	0.0000
0.9916	0.0084
0.9095	0.0905
0.9918	0.0082
1.0000	0.0000
1.0000	0.0000
1.0000	0.0000
1.0000	0.0000
1.0000	0.0000
1.0000	0.0000
0.7908	0.2092
1.0000	0.0000
0.9701	0.0299
1.0000	0.0000
1.0000	0.0000
0.7801	0.2199
0.0004	0.9996
1.0000	0.0000
1.0000	0.0000
1.0000	0.0000
0.9217	0.0783
0.9994	0.0006
1.0000	0.0000
1.0000	0.0000
1.0000	0.0000
0.0992	0.9008
1.0000	0.0000
1.0000	0.0000
0.4272	0.5728
0.0003	0.9997
1.0000	0.0000
1.0000	0.0000
1.0000	0.0000
0.2131	0.7869
0.1913	0.8087
1.0000	0.0000
0.0098	0.9902
1.0000	0.0000
1.0000	0.0000
1.0000	0.0000
1.0000	0.0000
0.8240	0.1760
0.4098	0.5902
1.0000	0.0000
1.0000	0.0000
1.0000	0.0000
0.0080	0.9920
0.8337	0.1663
1.0000	0.0000
1.0000	0.0000
1.0000	0.0000
0.0099	0.9901
1.0000	0.0000
1.0000	0.0000
0.0006	0.9994
1.0000	0.0000
1.0000	0.0000
1.0000	0.0000
1.0000	0.0000
1.0000	0.0000
1.0000	0.0000
1.0000	0.0000
1.0000	0.0000
0.0000	1.0000
1.0000	0.0000
0.9998	0.0002
1.0000	0.0000
1.0000	0.0000
1.0000	0.0000
1.0000	0.0000
1.0000	0.0000
1.0000	0.0000
1.0000	0.0000
1.0000	0.0000
1.0000	0.0000
0.6024	0.3976
0.0003	0.9997
1.0000	0.0000
1.0000	0.0000
0.0053	0.9947
1.0000	0.0000
1.0000	0.0000
1.0000	0.0000
1.0000	0.0000
1.0000	0.0000
1.0000	0.0000
1.0000	0.0000
1.0000	0.0000
1.0000	0.0000
1.0000	0.0000
1.0000	0.0000
1.0000	0.0000
0.9909	0.0091
1.0000	0.0000
0.0005	0.9995
0.0000	1.0000
1.0000	0.0000
0.0001	0.9999
1.0000	0.0000
1.0000	0.0000
1.0000	0.0000
0.0000	1.0000
1.0000	0.0000
1.0000	0.0000
1.0000	0.0000
0.0051	0.9949
1.0000	0.0000
1.0000	0.0000
0.9055	0.0945
1.0000	0.0000
0.5479	0.4521
1.0000	0.0000
0.9999	0.0001
1.0000	0.0000
0.5660	0.4340
1.0000	0.0000
0.0000	1.0000
0.0271	0.9729
0.2114	0.7886
1.0000	0.0000
0.9982	0.0018
1.0000	0.0000
0.9991	0.0009
0.0939	0.9061
0.9999	0.0001
1.0000	0.0000
1.0000	0.0000
0.4370	0.5630
0.4287	0.5713
1.0000	0.0000
1.0000	0.0000
1.0000	0.0000
1.0000	0.0000
0.0043	0.9957
0.8299	0.1701
1.0000	0.0000
0.9994	0.0006
1.0000	0.0000
0.1654	0.8346
1.0000	0.0000
0.0001	0.9999
1.0000	0.0000
1.0000	0.0000
1.0000	0.0000
0.0018	0.9982
1.0000	0.0000
1.0000	0.0000
0.0173	0.9827
0.9996	0.0004
1.0000	0.0000
0.0000	1.0000
0.9975	0.0025
1.0000	0.0000
0.4967	0.5033
1.0000	0.0000
1.0000	0.0000
1.0000	0.0000
0.7655	0.2345
1.0000	0.0000
1.0000	0.0000
1.0000	0.0000
1.0000	0.0000
1.0000	0.0000
1.0000	0.0000
1.0000	0.0000
1.0000	0.0000
1.0000	0.0000
1.0000	0.0000
1.0000	0.0000
1.0000	0.0000
1.0000	0.0000
1.0000	0.0000
0.9947	0.0053
1.0000	0.0000
1.0000	0.0000
1.0000	0.0000
1.0000	0.0000
0.9985	0.0015
1.0000	0.0000
1.0000	0.0000
1.0000	0.0000
0.0031	0.9969
1.0000	0.0000
1.0000	0.0000
1.0000	0.0000
1.0000	0.0000
0.0000	1.0000
0.9866	0.0134
1.0000	0.0000
0.0000	1.0000
0.4693	0.5307
0.0477	0.9523
1.0000	0.0000
1.0000	0.0000
0.0296	0.9704
1.0000	0.0000
1.0000	0.0000
1.0000	0.0000
1.0000	0.0000
0.0039	0.9961
1.0000	0.0000
1.0000	0.0000
0.5954	0.4046
1.0000	0.0000
1.0000	0.0000
1.0000	0.0000
0.4610	0.5390
1.0000	0.0000
0.0000	1.0000
1.0000	0.0000
0.0003	0.9997
1.0000	0.0000
1.0000	0.0000
0.0000	1.0000
1.0000	0.0000
1.0000	0.0000
0.0001	0.9999
0.7434	0.2566
1.0000	0.0000
0.0001	0.9999
1.0000	0.0000
1.0000	0.0000
0.9997	0.0003
1.0000	0.0000
0.2431	0.7569
1.0000	0.0000
0.2456	0.7544
0.0019	0.9981
0.0000	1.0000
0.0055	0.9945
1.0000	0.0000
0.0611	0.9389
0.3567	0.6433
0.6130	0.3870
0.0000	1.0000
1.0000	0.0000
0.0789	0.9211
1.0000	0.0000
1.0000	0.0000
1.0000	0.0000
1.0000	0.0000
1.0000	0.0000
1.0000	0.0000
1.0000	0.0000
1.0000	0.0000
1.0000	0.0000
1.0000	0.0000
1.0000	0.0000
0.1873	0.8127
1.0000	0.0000
0.9971	0.0029
1.0000	0.0000
1.0000	0.0000
1.0000	0.0000
1.0000	0.0000
1.0000	0.0000
0.9251	0.0749
1.0000	0.0000
0.9549	0.0451
1.0000	0.0000
0.9710	0.0290
1.0000	0.0000
0.6766	0.3234
1.0000	0.0000
1.0000	0.0000
1.0000	0.0000
1.0000	0.0000
0.0045	0.9955
1.0000	0.0000
1.0000	0.0000
0.0000	1.0000
1.0000	0.0000
0.0018	0.9982
1.0000	0.0000
0.0036	0.9964
0.0038	0.9962
0.3208	0.6792
1.0000	0.0000
0.0014	0.9986
0.7052	0.2948
1.0000	0.0000
0.0012	0.9988
0.0002	0.9998
1.0000	0.0000
0.9600	0.0400
1.0000	0.0000
1.0000	0.0000
1.0000	0.0000
0.9838	0.0162
1.0000	0.0000
