1.0000	0.0000
1.0000	0.0000
1.0000	0.0000
1.0000	0.0000
1.0000	0.0000
1.0000	0.0000
1.0000	0.0000
1.0000	0.0000
0.9992	0.0008
1.0000	0.0000
0.8040	0.1960
0.0030	0.9970
1.0000	0.0000
1.0000	0.0000
0.9986	0.0014
1.0000	0.0000
1.0000	0.0000
0.0582	0.9418
1.0000	0.0000
1.0000	0.0000
0.8621	0.1379
1.0000	0.0000
0.0003	0.9997
1.0000	0.0000
0.0000	1.0000
0.0022	0.9978
0.0000	1.0000
1.0000	0.0000
1.0000	0.0000
1.0000	0.0000
1.0000	0.0000
1.0000	0.0000
1.0000	0.0000
1.0000	0.0000
1.0000	0.0000
1.0000	0.0000
1.0000	0.0000
1.0000	0.0000
0.0000	1.0000
1.0000	0.0000
1.0000	0.0000
1.0000	0.0000
0.0000	1.0000
1.0000	0.0000
1.0000	0.0000
1.0000	0.0000
1.0000	0.0000
1.0000	0.0000
0.0008	0.9992
1.0000	0.0000
1.0000	0.0000
1.0000	0.0000
0.3482	0.6518
1.0000	0.0000
0.0000	1.0000
1.0000	0.0000
0.9991	0.0009
1.0000	0.0000
1.0000	0.0000
1.0000	0.0000
1.0000	0.0000
0.9994	0.0006
1.0000	0.0000
1.0000	0.0000
1.0000	0.0000
1.0000	0.0000
0.9336	0.0664
0.3514	0.6486
1.0000	0.0000
1.0000	0.0000
1.0000	0.0000
1.0000	0.0000
1.0000	0.0000
0.9999	0.0001
0.0256	0.9744
1.0000	0.0000
1.0000	0.0000
1.0000	0.0000
1.0000	0.0000
0.0885	0.9115
1.0000	0.0000
1.0000	0.0000
1.0000	0.0000
1.0000	0.0000
0.0004	0.9996
1.0000	0.0000
1.0000	0.0000
1.0000	0.0000
0.0000	1.0000
1.0000	0.0000
0.0126	0.9874
1.0000	0.0000
0.0002	0.9998
1.0000	0.0000
1.0000	0.0000
1.0000	0.0000
0.1691	0.8309
0.0000	1.0000
1.0000	0.0000
1.0000	0.0000
0.9999	0.0001
0.9906	0.0094
1.0000	0.0000
1.0000	0.0000
1.0000	0.0000
0.4119	0.5881
0.0000	1.0000
0.9662	0.0338
0.9993	0.0007
0.0000	1.0000
1.0000	0.0000
1.0000	0.0000
1.0000	0.0000
1.0000	0.0000
1.0000	0.0000
1.0000	0.0000
0.0000	1.0000
0.0000	1.0000
1.0000	0.0000
1.0000	0.0000
1.0000	0.0000
1.0000	0.0000
0.3387	0.6613
1.0000	0.0000
0.0003	0.9997
1.0000	0.0000
1.0000	0.0000
0.1667	0.8333
1.0000	0.0000
1.0000	0.0000
0.0000	1.0000
1.0000	0.0000
1.0000	0.0000
1.0000	0.0000
1.0000	0.0000
1.0000	0.0000
1.0000	0.0000
0.0002	0.9998
0.0007	0.9993
0.0000	1.0000
1.0000	0.0000
1.0000	0.0000
1.0000	0.0000
0.0338	0.9662
1.0000	0.0000
0.2824	0.7176
1.0000	0.0000
1.0000	0.0000
1.0000	0.0000
1.0000	0.0000
1.0000	0.0000
1.0000	0.0000
1.0000	0.0000
1.0000	0.0000
1.0000	0.0000
1.0000	0.0000
1.0000	0.0000
1.0000	0.0000
1.0000	0.0000
1.0000	0.0000
0.0000	1.0000
0.2124	0.7876
1.0000	0.0000
1.0000	0.0000
1.0000	0.0000
1.0000	0.0000
0.3270	0.6730
1.0000	0.0000
0.0000	1.0000
1.0000	0.0000
1.0000	0.0000
0.7410	0.2590
1.0000	0.0000
1.0000	0.0000
1.0000	0.0000
1.0000	0.0000
0.0000	1.0000
1.0000	0.0000
1.0000	0.0000
1.0000	0.0000
1.0000	0.0000
0.0003	0.9997
1.0000	0.0000
1.0000	0.0000
1.0000	0.0000
1.0000	0.0000
1.0000	0.0000
1.0000	0.0000
1.0000	0.0000
1.0000	0.0000
1.0000	0.0000
1.0000	0.0000
1.0000	0.0000
1.0000	0.0000
1.0000	0.0000
1.0000	0.0000
1.0000	0.0000
0.0095	0.9905
1.0000	0.0000
1.0000	0.0000
1.0000	0.0000
1.0000	0.0000
0.0000	1.0000
0.0000	1.0000
1.0000	0.0000
1.0000	0.0000
1.0000	0.0000
1.0000	0.0000
1.0000	0.0000
0.0001	0.9999
1.0000	0.0000
1.0000	0.0000
1.0000	0.0000
1.0000	0.0000
1.0000	0.0000
1.0000	0.0000
1.0000	0.0000
1.0000	0.0000
1.0000	0.0000
0.0000	1.0000
1.0000	0.0000
0.0513	0.9487
1.0000	0.0000
1.0000	0.0000
1.0000	0.0000
1.0000	0.0000
0.3712	0.6288
0.0091	0.9909
0.9985	0.0015
0.1330	0.8670
1.0000	0.0000
1.0000	0.0000
0.0001	0.9999
1.0000	0.0000
1.0000	0.0000
1.0000	0.0000
0.8260	0.1740
1.0000	0.0000
1.0000	0.0000
1.0000	0.0000
0.0000	1.0000
1.0000	0.0000
1.0000	0.0000
1.0000	0.0000
0.0334	0.9666
1.0000	0.0000
1.0000	0.0000
1.0000	0.0000
0.0003	0.9997
1.0000	0.0000
0.1329	0.8671
1.0000	0.0000
1.0000	0.0000
1.0000	0.0000
1.0000	0.0000
0.9874	0.0126
0.0028	0.9972
0.6095	0.3905
1.0000	0.0000
1.0000	0.0000
0.1269	0.8731
1.0000	0.0000
1.0000	0.0000
1.0000	0.0000
0.0002	0.9998
1.0000	0.0000
1.0000	0.0000
1.0000	0.0000
1.0000	0.0000
1.0000	0.0000
1.0000	0.0000
0.0000	1.0000
0.4664	0.5336
1.0000	0.0000
1.0000	0.0000
1.0000	0.0000
1.0000	0.0000
0.0202	0.9798
1.0000	0.0000
0.4210	0.5790
1.0000	0.0000
0.0000	1.0000
0.0022	0.9978
0.0015	0.9985
0.0359	0.9641
1.0000	0.0000
0.0000	1.0000
1.0000	0.0000
0.0000	1.0000
1.0000	0.0000
1.0000	0.0000
1.0000	0.0000
1.0000	0.0000
1.0000	0.0000
0.0000	1.0000
1.0000	0.0000
1.0000	0.0000
1.0000	0.0000
1.0000	0.0000
0.0000	1.0000
1.0000	0.0000
1.0000	0.0000
1.0000	0.0000
1.0000	0.0000
1.0000	0.0000
1.0000	0.0000
1.0000	0.0000
0.0001	0.9999
1.0000	0.0000
0.8814	0.1186
1.0000	0.0000
1.0000	0.0000
1.0000	0.0000
1.0000	0.0000
1.0000	0.0000
1.0000	0.0000
1.0000	0.0000
1.0000	0.0000
1.0000	0.0000
1.0000	0.0000
0.9660	0.0340
0.9973	0.0027
1.0000	0.0000
0.0000	1.0000
0.0157	0.9843
1.0000	0.0000
1.0000	0.0000
1.0000	0.0000
1.0000	0.0000
0.0003	0.9997
1.0000	0.0000
0.2174	0.7826
0.8390	0.1610
1.0000	0.0000
1.0000	0.0000
0.9946	0.0054
1.0000	0.0000
1.0000	0.0000
1.0000	0.0000
1.0000	0.0000
0.0005	0.9995
0.9014	0.0986
1.0000	0.0000
1.0000	0.0000
1.0000	0.0000
1.0000	0.0000
0.0000	1.0000
1.0000	0.0000
0.0002	0.9998
1.0000	0.0000
1.0000	0.0000
1.0000	0.0000
1.0000	0.0000
1.0000	0.0000
1.0000	0.0000
0.1444	0.8556
1.0000	0.0000
1.0000	0.0000
0.9892	0.0108
0.0232	0.9768
1.0000	0.0000
1.0000	0.0000
1.0000	0.0000
1.0000	0.0000
1.0000	0.0000
1.0000	0.0000
1.0000	0.0000
1.0000	0.0000
1.0000	0.0000
1.0000	0.0000
1.0000	0.0000
1.0000	0.0000
1.0000	0.0000
1.0000	0.0000
1.0000	0.0000
1.0000	0.0000
0.9991	0.0009
0.0742	0.9258
1.0000	0.0000
0.0002	0.9998
1.0000	0.0000
1.0000	0.0000
0.0008	0.9992
0.9999	0.0001
1.0000	0.0000
1.0000	0.0000
1.0000	0.0000
1.0000	0.0000
0.0021	0.9979
1.0000	0.0000
0.0043	0.9957
1.0000	0.0000
0.9991	0.0009
1.0000	0.0000
1.0000	0.0000
0.0000	1.0000
1.0000	0.0000
1.0000	0.0000
1.0000	0.0000
1.0000	0.0000
1.0000	0.0000
1.0000	0.0000
0.0005	0.9995
0.0000	1.0000
0.0000	1.0000
0.0000	1.0000
1.0000	0.0000
1.0000	0.0000
1.0000	0.0000
1.0000	0.0000
1.0000	0.0000
1.0000	0.0000
1.0000	0.0000
0.1493	0.8507
1.0000	0.0000
1.0000	0.0000
1.0000	0.0000
1.0000	0.0000
1.0000	0.0000
1.0000	0.0000
1.0000	0.0000
1.0000	0.0000
0.6347	0.3653
1.0000	0.0000
0.0000	1.0000
0.9999	0.0001
0.2453	0.7547
1.0000	0.0000
0.0163	0.9837
1.0000	0.0000
1.0000	0.0000
1.0000	0.0000
1.0000	0.0000
1.0000	0.0000
1.0000	0.0000
1.0000	0.0000
1.0000	0.0000
0.0000	1.0000
1.0000	0.0000
1.0000	0.0000
1.0000	0.0000
0.0000	1.0000
1.0000	0.0000
1.0000	0.0000
1.0000	0.0000
0.0000	1.0000
0.0050	0.9950
1.0000	0.0000
1.0000	0.0000
0.0024	0.9976
1.0000	0.0000
1.0000	0.0000
1.0000	0.0000
1.0000	0.0000
0.6353	0.3647
1.0000	0.0000
1.0000	0.0000
1.0000	0.0000
0.0588	0.9412
1.0000	0.0000
0.9949	0.0051
1.0000	0.0000
1.0000	0.0000
