1.0000	0.0000
0.0000	1.0000
1.0000	0.0000
0.0000	1.0000
1.0000	0.0000
0.0482	0.9518
0.9962	0.0038
0.0009	0.9991
1.0000	0.0000
0.9999	0.0001
1.0000	0.0000
1.0000	0.0000
1.0000	0.0000
1.0000	0.0000
0.8486	0.1514
1.0000	0.0000
1.0000	0.0000
1.0000	0.0000
1.0000	0.0000
1.0000	0.0000
1.0000	0.0000
1.0000	0.0000
1.0000	0.0000
1.0000	0.0000
0.0000	1.0000
1.0000	0.0000
1.0000	0.0000
1.0000	0.0000
0.4502	0.5498
1.0000	0.0000
0.9802	0.0198
1.0000	0.0000
1.0000	0.0000
1.0000	0.0000
1.0000	0.0000
1.0000	0.0000
1.0000	0.0000
0.0029	0.9971
1.0000	0.0000
0.8664	0.1336
1.0000	0.0000
0.5305	0.4695
1.0000	0.0000
1.0000	0.0000
0.9995	0.0005
1.0000	0.0000
0.0000	1.0000
1.0000	0.0000
1.0000	0.0000
1.0000	0.0000
0.9317	0.0683
0.0003	0.9997
0.0000	1.0000
1.0000	0.0000
1.0000	0.0000
1.0000	0.0000
1.0000	0.0000
1.0000	0.0000
1.0000	0.0000
0.9882	0.0118
1.0000	0.0000
1.0000	0.0000
0.0000	1.0000
1.0000	0.0000
1.0000	0.0000
1.0000	0.0000
0.0000	1.0000
1.0000	0.0000
1.0000	0.0000
0.0000	1.0000
1.0000	0.0000
0.9997	0.0003
0.0000	1.0000
1.0000	0.0000
1.0000	0.0000
1.0000	0.0000
1.0000	0.0000
1.0000	0.0000
1.0000	0.0000
0.0000	1.0000
0.9991	0.0009
0.0013	0.9987
0.5359	0.4641
0.0002	0.9998
1.0000	0.0000
1.0000	0.0000
1.0000	0.0000
1.0000	0.0000
1.0000	0.0000
1.0000	0.0000
1.0000	0.0000
0.9997	0.0003
1.0000	0.0000
0.9994	0.0006
1.0000	0.0000
0.0355	0.9645
0.0007	0.9993
0.0000	1.0000
1.0000	0.0000
1.0000	0.0000
0.0411	0.9589
0.3809	0.6191
1.0000	0.0000
1.0000	0.0000
1.0000	0.0000
1.0000	0.0000
1.0000	0.0000
1.0000	0.0000
1.0000	0.0000
0.0000	1.0000
0.0427	0.9573
0.9992	0.0008
1.0000	0.0000
1.0000	0.0000
1.0000	0.0000
0.0001	0.9999
1.0000	0.0000
1.0000	0.0000
0.9999	0.0001
1.0000	0.0000
1.0000	0.0000
0.9992	0.0008
1.0000	0.0000
0.0001	0.9999
1.0000	0.0000
0.0000	1.0000
0.9999	0.0001
1.0000	0.0000
1.0000	0.0000
1.0000	0.0000
0.0000	1.0000
1.0000	0.0000
1.0000	0.0000
1.0000	0.0000
0.0000	1.0000
1.0000	0.0000
1.0000	0.0000
1.0000	0.0000
0.0002	0.9998
1.0000	0.0000
1.0000	0.0000
1.0000	0.0000
0.9999	0.0001
1.0000	0.0000
0.3486	0.6514
1.0000	0.0000
0.0200	0.9800
0.0431	0.9569
0.6203	0.3797
0.9740	0.0260
1.0000	0.0000
1.0000	0.0000
1.0000	0.0000
0.0000	1.0000
0.0000	1.0000
1.0000	0.0000
1.0000	0.0000
1.0000	0.0000
1.0000	0.0000
1.0000	0.0000
1.0000	0.0000
0.0067	0.9933
1.0000	0.0000
1.0000	0.0000
0.9925	0.0075
0.0003	0.9997
0.9999	0.0001
1.0000	0.0000
1.0000	0.0000
1.0000	0.0000
0.0030	0.9970
1.0000	0.0000
1.0000	0.0000
0.0005	0.9995
1.0000	0.0000
1.0000	0.0000
1.0000	0.0000
0.0089	0.9911
1.0000	0.0000
0.0577	0.9423
1.0000	0.0000
1.0000	0.0000
0.9984	0.0016
1.0000	0.0000
1.0000	0.0000
1.0000	0.0000
0.0010	0.9990
0.9999	0.0001
1.0000	0.0000
0.9998	0.0002
1.0000	0.0000
1.0000	0.0000
0.0019	0.9981
1.0000	0.0000
0.9999	0.0001
1.0000	0.0000
1.0000	0.0000
1.0000	0.0000
0.0048	0.9952
1.0000	0.0000
0.9927	0.0073
1.0000	0.0000
0.0557	0.9443
0.0000	1.0000
1.0000	0.0000
1.0000	0.0000
1.0000	0.0000
1.0000	0.0000
1.0000	0.0000
1.0000	0.0000
1.0000	0.0000
0.0003	0.9997
1.0000	0.0000
1.0000	0.0000
0.9486	0.0514
1.0000	0.0000
1.0000	0.0000
1.0000	0.0000
0.0000	1.0000
0.4333	0.5667
1.0000	0.0000
1.0000	0.0000
1.0000	0.0000
1.0000	0.0000
1.0000	0.0000
1.0000	0.0000
1.0000	0.0000
0.1754	0.8246
1.0000	0.0000
1.0000	0.0000
0.6188	0.3812
0.3477	0.6523
1.0000	0.0000
1.0000	0.0000
0.0020	0.9980
1.0000	0.0000
1.0000	0.0000
1.0000	0.0000
1.0000	0.0000
1.0000	0.0000
1.0000	0.0000
1.0000	0.0000
0.9997	0.0003
1.0000	0.0000
1.0000	0.0000
1.0000	0.0000
1.0000	0.0000
1.0000	0.0000
0.9964	0.0036
1.0000	0.0000
1.0000	0.0000
1.0000	0.0000
0.9305	0.0695
1.0000	0.0000
0.0000	1.0000
1.0000	0.0000
1.0000	0.0000
0.0100	0.9900
1.0000	0.0000
1.0000	0.0000
0.0000	1.0000
1.0000	0.0000
1.0000	0.0000
0.3174	0.6826
1.0000	0.0000
1.0000	0.0000
1.0000	0.0000
1.0000	0.0000
1.0000	0.0000
1.0000	0.0000
1.0000	0.0000
1.0000	0.0000
1.0000	0.0000
1.0000	0.0000
1.0000	0.0000
0.0003	0.9997
0.0000	1.0000
1.0000	0.0000
1.0000	0.0000
1.0000	0.0000
1.0000	0.0000
1.0000	0.0000
1.0000	0.0000
1.0000	0.0000
1.0000	0.0000
0.0016	0.9984
1.0000	0.0000
1.0000	0.0000
0.0000	1.0000
0.9999	0.0001
0.9997	0.0003
0.0002	0.9998
1.0000	0.0000
1.0000	0.0000
1.0000	0.0000
0.5657	0.4343
1.0000	0.0000
0.9964	0.0036
0.9124	0.0876
0.9940	0.0060
0.9943	0.0057
0.9996	0.0004
0.9996	0.0004
1.0000	0.0000
1.0000	0.0000
1.0000	0.0000
0.0005	0.9995
1.0000	0.0000
0.9994	0.0006
1.0000	0.0000
1.0000	0.0000
1.0000	0.0000
1.0000	0.0000
0.9999	0.0001
0.9933	0.0067
0.2857	0.7143
1.0000	0.0000
1.0000	0.0000
1.0000	0.0000
1.0000	0.0000
1.0000	0.0000
0.2992	0.7008
1.0000	0.0000
1.0000	0.0000
1.0000	0.0000
0.0015	0.9985
0.8893	0.1107
0.0000	1.0000
0.9999	0.0001
1.0000	0.0000
1.0000	0.0000
1.0000	0.0000
1.0000	0.0000
1.0000	0.0000
0.0000	1.0000
1.0000	0.0000
1.0000	0.0000
0.9998	0.0002
1.0000	0.0000
0.9848	0.0152
1.0000	0.0000
1.0000	0.0000
0.9999	0.0001
0.9480	0.0520
1.0000	0.0000
1.0000	0.0000
1.0000	0.0000
1.0000	0.0000
1.0000	0.0000
1.0000	0.0000
1.0000	0.0000
1.0000	0.0000
0.0000	1.0000
1.0000	0.0000
1.0000	0.0000
0.0000	1.0000
0.0000	1.0000
1.0000	0.0000
1.0000	0.0000
1.0000	0.0000
1.0000	0.0000
1.0000	0.0000
1.0000	0.0000
0.9912	0.0088
1.0000	0.0000
1.0000	0.0000
0.0745	0.9255
1.0000	0.0000
1.0000	0.0000
1.0000	0.0000
1.0000	0.0000
1.0000	0.0000
0.0000	1.0000
0.9993	0.0007
1.0000	0.0000
1.0000	0.0000
1.0000	0.0000
1.0000	0.0000
1.0000	0.0000
1.0000	0.0000
1.0000	0.0000
0.9929	0.0071
1.0000	0.0000
1.0000	0.0000
1.0000	0.0000
1.0000	0.0000
1.0000	0.0000
1.0000	0.0000
1.0000	0.0000
1.0000	0.0000
0.0005	0.9995
0.0000	1.0000
1.0000	0.0000
1.0000	0.0000
1.0000	0.0000
0.5062	0.4938
1.0000	0.0000
1.0000	0.0000
0.9999	0.0001
0.0009	0.9991
1.0000	0.0000
1.0000	0.0000
0.0047	0.9953
1.0000	0.0000
1.0000	0.0000
1.0000	0.0000
1.0000	0.0000
1.0000	0.0000
1.0000	0.0000
1.0000	0.0000
0.0000	1.0000
1.0000	0.0000
0.0001	0.9999
1.0000	0.0000
1.0000	0.0000
0.5237	0.4763
0.0137	0.9863
0.9950	0.0050
0.9578	0.0422
0.0069	0.9931
0.0000	1.0000
1.0000	0.0000
1.0000	0.0000
1.0000	0.0000
1.0000	0.0000
1.0000	0.0000
1.0000	0.0000
1.0000	0.0000
1.0000	0.0000
0.0001	0.9999
1.0000	0.0000
0.9448	0.0552
0.0000	1.0000
1.0000	0.0000
1.0000	0.0000
1.0000	0.0000
0.0328	0.9672
1.0000	0.0000
0.0044	0.9956
0.0912	0.9088
0.9083	0.0917
1.0000	0.0000
1.0000	0.0000
0.0161	0.9839
1.0000	0.0000
1.0000	0.0000
0.0001	0.9999
1.0000	0.0000
0.0000	1.0000
0.0137	0.9863
1.0000	0.0000
0.9746	0.0254
1.0000	0.0000
1.0000	0.0000
1.0000	0.0000
0.0098	0.9902
1.0000	0.0000
1.0000	0.0000
1.0000	0.0000
1.0000	0.0000
0.1460	0.8540
0.9994	0.0006
1.0000	0.0000
