1.0000	0.0000
0.0205	0.9795
1.0000	0.0000
0.0000	1.0000
1.0000	0.0000
0.9590	0.0410
0.9996	0.0004
0.0001	0.9999
1.0000	0.0000
0.0233	0.9767
1.0000	0.0000
1.0000	0.0000
1.0000	0.0000
0.9999	0.0001
0.9988	0.0012
0.9999	0.0001
1.0000	0.0000
1.0000	0.0000
1.0000	0.0000
1.0000	0.0000
1.0000	0.0000
1.0000	0.0000
1.0000	0.0000
1.0000	0.0000
0.0002	0.9998
1.0000	0.0000
1.0000	0.0000
1.0000	0.0000
0.0002	0.9998
1.0000	0.0000
0.0000	1.0000
1.0000	0.0000
1.0000	0.0000
1.0000	0.0000
1.0000	0.0000
1.0000	0.0000
1.0000	0.0000
0.0001	0.9999
1.0000	0.0000
1.0000	0.0000
0.8726	0.1274
0.9157	0.0843
1.0000	0.0000
1.0000	0.0000
1.0000	0.0000
0.0000	1.0000
0.0000	1.0000
1.0000	0.0000
1.0000	0.0000
0.9993	0.0007
0.1556	0.8444
0.0000	1.0000
0.0000	1.0000
1.0000	0.0000
1.0000	0.0000
0.9996	0.0004
1.0000	0.0000
1.0000	0.0000
1.0000	0.0000
0.9994	0.0006
0.9990	0.0010
1.0000	0.0000
0.0006	0.9994
1.0000	0.0000
1.0000	0.0000
1.0000	0.0000
0.0000	1.0000
1.0000	0.0000
1.0000	0.0000
0.0000	1.0000
1.0000	0.0000
0.0000	1.0000
0.0000	1.0000
1.0000	0.0000
0.7885	0.2115
1.0000	0.0000
1.0000	0.0000
1.0000	0.0000
1.0000	0.0000
0.0000	1.0000
0.9974	0.0026
0.0007	0.9993
0.0011	0.9989
0.0000	1.0000
1.0000	0.0000
1.0000	0.0000
1.0000	0.0000
1.0000	0.0000
1.0000	0.0000
1.0000	0.0000
1.0000	0.0000
0.9999	0.0001
1.0000	0.0000
1.0000	0.0000
1.0000	0.0000
0.0000	1.0000
0.0562	0.9438
0.0123	0.9877
1.0000	0.0000
1.0000	0.0000
1.0000	0.0000
0.0002	0.9998
1.0000	0.0000
1.0000	0.0000
0.9936	0.0064
1.0000	0.0000
1.0000	0.0000
1.0000	0.0000
1.0000	0.0000
0.0000	1.0000
1.0000	0.0000
0.9976	0.0024
1.0000	0.0000
1.0000	0.0000
1.0000	0.0000
0.0000	1.0000
1.0000	0.0000
1.0000	0.0000
0.8069	0.1931
1.0000	0.0000
1.0000	0.0000
1.0000	0.0000
1.0000	0.0000
0.0001	0.9999
1.0000	0.0000
0.0000	1.0000
0.1400	0.8600
1.0000	0.0000
1.0000	0.0000
1.0000	0.0000
0.0000	1.0000
0.9996	0.0004
1.0000	0.0000
1.0000	0.0000
0.0000	1.0000
0.9997	0.0003
1.0000	0.0000
1.0000	0.0000
0.0002	0.9998
1.0000	0.0000
1.0000	0.0000
1.0000	0.0000
1.0000	0.0000
1.0000	0.0000
0.0200	0.9800
1.0000	0.0000
1.0000	0.0000
0.0000	1.0000
0.0002	0.9998
0.9998	0.0002
1.0000	0.0000
1.0000	0.0000
1.0000	0.0000
0.0000	1.0000
1.0000	0.0000
1.0000	0.0000
1.0000	0.0000
1.0000	0.0000
1.0000	0.0000
1.0000	0.0000
1.0000	0.0000
0.9999	0.0001
1.0000	0.0000
1.0000	0.0000
1.0000	0.0000
0.0005	0.9995
1.0000	0.0000
1.0000	0.0000
1.0000	0.0000
1.0000	0.0000
0.0000	1.0000
1.0000	0.0000
1.0000	0.0000
0.0049	0.9951
1.0000	0.0000
0.9996	0.0004
1.0000	0.0000
0.0001	0.9999
1.0000	0.0000
1.0000	0.0000
1.0000	0.0000
1.0000	0.0000
1.0000	0.0000
1.0000	0.0000
1.0000	0.0000
1.0000	0.0000
0.0000	1.0000
1.0000	0.0000
1.0000	0.0000
1.0000	0.0000
1.0000	0.0000
1.0000	0.0000
0.6936	0.3064
1.0000	0.0000
1.0000	0.0000
1.0000	0.0000
1.0000	0.0000
1.0000	0.0000
0.4575	0.5425
1.0000	0.0000
0.0737	0.9263
1.0000	0.0000
1.0000	0.0000
0.0000	1.0000
1.0000	0.0000
1.0000	0.0000
1.0000	0.0000
1.0000	0.0000
1.0000	0.0000
1.0000	0.0000
1.0000	0.0000
0.0002	0.9998
1.0000	0.0000
0.9955	0.0045
0.9909	0.0091
1.0000	0.0000
1.0000	0.0000
1.0000	0.0000
0.0001	0.9999
0.3550	0.6450
1.0000	0.0000
1.0000	0.0000
1.0000	0.0000
1.0000	0.0000
1.0000	0.0000
1.0000	0.0000
0.0000	1.0000
0.0000	1.0000
1.0000	0.0000
1.0000	0.0000
0.0829	0.9171
1.0000	0.0000
1.0000	0.0000
1.0000	0.0000
0.0128	0.9872
1.0000	0.0000
1.0000	0.0000
1.0000	0.0000
1.0000	0.0000
0.9977	0.0023
1.0000	0.0000
0.9884	0.0116
0.0002	0.9998
1.0000	0.0000
1.0000	0.0000
0.0002	0.9998
1.0000	0.0000
1.0000	0.0000
0.0071	0.9929
1.0000	0.0000
1.0000	0.0000
1.0000	0.0000
0.5242	0.4758
1.0000	0.0000
0.0000	1.0000
1.0000	0.0000
1.0000	0.0000
0.0000	1.0000
1.0000	0.0000
1.0000	0.0000
0.9999	0.0001
1.0000	0.0000
1.0000	0.0000
0.9347	0.0653
1.0000	0.0000
1.0000	0.0000
1.0000	0.0000
1.0000	0.0000
1.0000	0.0000
1.0000	0.0000
1.0000	0.0000
1.0000	0.0000
1.0000	0.0000
1.0000	0.0000
1.0000	0.0000
0.0000	1.0000
0.0000	1.0000
1.0000	0.0000
1.0000	0.0000
1.0000	0.0000
1.0000	0.0000
1.0000	0.0000
1.0000	0.0000
1.0000	0.0000
1.0000	0.0000
0.0041	0.9959
1.0000	0.0000
1.0000	0.0000
0.0000	1.0000
1.0000	0.0000
1.0000	0.0000
0.0000	1.0000
1.0000	0.0000
1.0000	0.0000
1.0000	0.0000
0.9999	0.0001
1.0000	0.0000
0.0386	0.9614
0.7940	0.2060
0.0101	0.9899
1.0000	0.0000
1.0000	0.0000
1.0000	0.0000
0.0000	1.0000
1.0000	0.0000
1.0000	0.0000
0.0001	0.9999
1.0000	0.0000
0.9791	0.0209
0.0061	0.9939
1.0000	0.0000
0.8670	0.1330
1.0000	0.0000
0.0001	0.9999
0.9999	0.0001
0.9991	0.0009
1.0000	0.0000
1.0000	0.0000
1.0000	0.0000
1.0000	0.0000
1.0000	0.0000
0.0268	0.9732
1.0000	0.0000
0.2184	0.7816
1.0000	0.0000
0.0000	1.0000
1.0000	0.0000
0.0000	1.0000
1.0000	0.0000
1.0000	0.0000
1.0000	0.0000
1.0000	0.0000
1.0000	0.0000
1.0000	0.0000
0.0003	0.9997
1.0000	0.0000
1.0000	0.0000
0.9907	0.0093
1.0000	0.0000
0.0011	0.9989
1.0000	0.0000
1.0000	0.0000
1.0000	0.0000
0.9990	0.0010
1.0000	0.0000
1.0000	0.0000
1.0000	0.0000
1.0000	0.0000
1.0000	0.0000
1.0000	0.0000
1.0000	0.0000
1.0000	0.0000
0.0000	1.0000
1.0000	0.0000
1.0000	0.0000
0.0000	1.0000
0.0000	1.0000
1.0000	0.0000
1.0000	0.0000
1.0000	0.0000
1.0000	0.0000
1.0000	0.0000
1.0000	0.0000
0.7624	0.2376
1.0000	0.0000
1.0000	0.0000
0.0038	0.9962
1.0000	0.0000
1.0000	0.0000
1.0000	0.0000
1.0000	0.0000
1.0000	0.0000
0.0069	0.9931
1.0000	0.0000
1.0000	0.0000
1.0000	0.0000
1.0000	0.0000
1.0000	0.0000
1.0000	0.0000
1.0000	0.0000
1.0000	0.0000
0.6130	0.3870
1.0000	0.0000
1.0000	0.0000
1.0000	0.0000
1.0000	0.0000
1.0000	0.0000
1.0000	0.0000
1.0000	0.0000
1.0000	0.0000
0.0000	1.0000
0.0000	1.0000
1.0000	0.0000
1.0000	0.0000
1.0000	0.0000
0.0004	0.9996
1.0000	0.0000
1.0000	0.0000
1.0000	0.0000
0.0046	0.9954
1.0000	0.0000
1.0000	0.0000
0.0000	1.0000
1.0000	0.0000
1.0000	0.0000
1.0000	0.0000
1.0000	0.0000
1.0000	0.0000
1.0000	0.0000
1.0000	0.0000
0.0000	1.0000
1.0000	0.0000
0.0000	1.0000
1.0000	0.0000
1.0000	0.0000
0.0008	0.9992
1.0000	0.0000
1.0000	0.0000
1.0000	0.0000
0.1005	0.8995
0.0000	1.0000
1.0000	0.0000
1.0000	0.0000
1.0000	0.0000
1.0000	0.0000
1.0000	0.0000
1.0000	0.0000
1.0000	0.0000
1.0000	0.0000
0.0000	1.0000
1.0000	0.0000
0.3446	0.6554
0.0000	1.0000
1.0000	0.0000
1.0000	0.0000
1.0000	0.0000
0.0001	0.9999
1.0000	0.0000
0.0000	1.0000
0.0002	0.9998
0.9969	0.0031
1.0000	0.0000
1.0000	0.0000
0.0001	0.9999
1.0000	0.0000
1.0000	0.0000
0.0000	1.0000
1.0000	0.0000
0.0001	0.9999
1.0000	0.0000
1.0000	0.0000
0.9961	0.0039
1.0000	0.0000
1.0000	0.0000
1.0000	0.0000
0.4396	0.5604
1.0000	0.0000
1.0000	0.0000
1.0000	0.0000
1.0000	0.0000
0.0015	0.9985
0.0354	0.9646
1.0000	0.0000
