1.0000	0.0000
0.4923	0.5077
1.0000	0.0000
0.0037	0.9963
1.0000	0.0000
0.0204	0.9796
0.6375	0.3625
0.0043	0.9957
1.0000	0.0000
0.6004	0.3996
1.0000	0.0000
1.0000	0.0000
1.0000	0.0000
1.0000	0.0000
0.9984	0.0016
1.0000	0.0000
1.0000	0.0000
1.0000	0.0000
1.0000	0.0000
1.0000	0.0000
1.0000	0.0000
1.0000	0.0000
1.0000	0.0000
1.0000	0.0000
0.0722	0.9278
1.0000	0.0000
1.0000	0.0000
1.0000	0.0000
0.0769	0.9231
1.0000	0.0000
0.0995	0.9005
1.0000	0.0000
1.0000	0.0000
1.0000	0.0000
1.0000	0.0000
1.0000	0.0000
1.0000	0.0000
0.0000	1.0000
1.0000	0.0000
0.3968	0.6032
1.0000	0.0000
0.9350	0.0650
1.0000	0.0000
1.0000	0.0000
1.0000	0.0000
0.0558	0.9442
0.0000	1.0000
1.0000	0.0000
1.0000	0.0000
1.0000	0.0000
0.1593	0.8407
0.0000	1.0000
0.0000	1.0000
1.0000	0.0000
1.0000	0.0000
1.0000	0.0000
1.0000	0.0000
1.0000	0.0000
1.0000	0.0000
0.9876	0.0124
1.0000	0.0000
1.0000	0.0000
0.9204	0.0796
1.0000	0.0000
1.0000	0.0000
1.0000	0.0000
0.0000	1.0000
1.0000	0.0000
1.0000	0.0000
0.0000	1.0000
1.0000	0.0000
1.0000	0.0000
0.0000	1.0000
0.9535	0.0465
1.0000	0.0000
1.0000	0.0000
1.0000	0.0000
1.0000	0.0000
1.0000	0.0000
0.0000	1.0000
0.9989	0.0011
0.0027	0.9973
0.0625	0.9375
0.0001	0.9999
1.0000	0.0000
1.0000	0.0000
1.0000	0.0000
1.0000	0.0000
1.0000	0.0000
1.0000	0.0000
1.0000	0.0000
1.0000	0.0000
1.0000	0.0000
1.0000	0.0000
1.0000	0.0000
0.0000	1.0000
0.9793	0.0207
0.0000	1.0000
1.0000	0.0000
1.0000	0.0000
1.0000	0.0000
0.9237	0.0763
1.0000	0.0000
1.0000	0.0000
0.2764	0.7236
1.0000	0.0000
1.0000	0.0000
1.0000	0.0000
1.0000	0.0000
0.0000	1.0000
0.5625	0.4375
1.0000	0.0000
1.0000	0.0000
1.0000	0.0000
1.0000	0.0000
0.0001	0.9999
1.0000	0.0000
1.0000	0.0000
0.9303	0.0697
1.0000	0.0000
1.0000	0.0000
1.0000	0.0000
1.0000	0.0000
0.0000	1.0000
1.0000	0.0000
0.0000	1.0000
1.0000	0.0000
1.0000	0.0000
1.0000	0.0000
1.0000	0.0000
0.0000	1.0000
1.0000	0.0000
1.0000	0.0000
1.0000	0.0000
0.0000	1.0000
1.0000	0.0000
1.0000	0.0000
1.0000	0.0000
0.0002	0.9998
1.0000	0.0000
1.0000	0.0000
1.0000	0.0000
1.0000	0.0000
1.0000	0.0000
0.8058	0.1942
1.0000	0.0000
0.9966	0.0034
0.0048	0.9952
0.0033	0.9967
0.9988	0.0012
1.0000	0.0000
1.0000	0.0000
1.0000	0.0000
0.0000	1.0000
0.0000	1.0000
1.0000	0.0000
1.0000	0.0000
1.0000	0.0000
1.0000	0.0000
1.0000	0.0000
1.0000	0.0000
0.8743	0.1257
1.0000	0.0000
1.0000	0.0000
0.0001	0.9999
0.0077	0.9923
0.7164	0.2836
1.0000	0.0000
1.0000	0.0000
1.0000	0.0000
0.0000	1.0000
1.0000	0.0000
1.0000	0.0000
0.0038	0.9962
1.0000	0.0000
1.0000	0.0000
1.0000	0.0000
0.0003	0.9997
1.0000	0.0000
0.0000	1.0000
1.0000	0.0000
1.0000	0.0000
1.0000	0.0000
1.0000	0.0000
1.0000	0.0000
1.0000	0.0000
0.0000	1.0000
0.9795	0.0205
0.9934	0.0066
1.0000	0.0000
1.0000	0.0000
1.0000	0.0000
0.2170	0.7830
1.0000	0.0000
1.0000	0.0000
1.0000	0.0000
1.0000	0.0000
1.0000	0.0000
0.1544	0.8456
1.0000	0.0000
0.9891	0.0109
1.0000	0.0000
0.0004	0.9996
0.0000	1.0000
1.0000	0.0000
1.0000	0.0000
1.0000	0.0000
1.0000	0.0000
1.0000	0.0000
1.0000	0.0000
1.0000	0.0000
0.0000	1.0000
1.0000	0.0000
1.0000	0.0000
0.9999	0.0001
1.0000	0.0000
1.0000	0.0000
1.0000	0.0000
0.0002	0.9998
0.0020	0.9980
1.0000	0.0000
1.0000	0.0000
1.0000	0.0000
1.0000	0.0000
1.0000	0.0000
1.0000	0.0000
1.0000	0.0000
0.9656	0.0344
1.0000	0.0000
1.0000	0.0000
1.0000	0.0000
1.0000	0.0000
1.0000	0.0000
0.8277	0.1723
0.7170	0.2830
1.0000	0.0000
1.0000	0.0000
1.0000	0.0000
1.0000	0.0000
0.9124	0.0876
1.0000	0.0000
0.9999	0.0001
0.7867	0.2133
1.0000	0.0000
1.0000	0.0000
0.9005	0.0995
0.9999	0.0001
1.0000	0.0000
0.0000	1.0000
1.0000	0.0000
1.0000	0.0000
1.0000	0.0000
1.0000	0.0000
1.0000	0.0000
0.0000	1.0000
1.0000	0.0000
1.0000	0.0000
0.0000	1.0000
1.0000	0.0000
1.0000	0.0000
1.0000	0.0000
1.0000	0.0000
1.0000	0.0000
0.0161	0.9839
1.0000	0.0000
1.0000	0.0000
1.0000	0.0000
1.0000	0.0000
1.0000	0.0000
1.0000	0.0000
1.0000	0.0000
1.0000	0.0000
0.5878	0.4122
1.0000	0.0000
1.0000	0.0000
0.0303	0.9697
0.0000	1.0000
1.0000	0.0000
1.0000	0.0000
1.0000	0.0000
0.9993	0.0007
1.0000	0.0000
1.0000	0.0000
1.0000	0.0000
1.0000	0.0000
0.0001	0.9999
1.0000	0.0000
1.0000	0.0000
0.0000	1.0000
0.9894	0.0106
1.0000	0.0000
0.0000	1.0000
1.0000	0.0000
1.0000	0.0000
1.0000	0.0000
0.9999	0.0001
1.0000	0.0000
0.0000	1.0000
0.3555	0.6445
0.9996	0.0004
1.0000	0.0000
1.0000	0.0000
0.9848	0.0152
1.0000	0.0000
1.0000	0.0000
1.0000	0.0000
0.0000	1.0000
1.0000	0.0000
0.9994	0.0006
0.9999	0.0001
1.0000	0.0000
0.1914	0.8086
1.0000	0.0000
0.9865	0.0135
0.5302	0.4698
0.0000	1.0000
1.0000	0.0000
1.0000	0.0000
1.0000	0.0000
1.0000	0.0000
1.0000	0.0000
0.3522	0.6478
1.0000	0.0000
1.0000	0.0000
1.0000	0.0000
0.0000	1.0000
1.0000	0.0000
0.0006	0.9994
1.0000	0.0000
1.0000	0.0000
1.0000	0.0000
1.0000	0.0000
1.0000	0.0000
1.0000	0.0000
0.0000	1.0000
1.0000	0.0000
1.0000	0.0000
0.5893	0.4107
1.0000	0.0000
0.2574	0.7426
1.0000	0.0000
1.0000	0.0000
0.9999	0.0001
0.1632	0.8368
1.0000	0.0000
1.0000	0.0000
1.0000	0.0000
1.0000	0.0000
1.0000	0.0000
1.0000	0.0000
1.0000	0.0000
1.0000	0.0000
0.0000	1.0000
1.0000	0.0000
1.0000	0.0000
0.0000	1.0000
0.0000	1.0000
1.0000	0.0000
1.0000	0.0000
1.0000	0.0000
1.0000	0.0000
1.0000	0.0000
1.0000	0.0000
0.9629	0.0371
1.0000	0.0000
1.0000	0.0000
0.8962	0.1038
0.9874	0.0126
1.0000	0.0000
1.0000	0.0000
1.0000	0.0000
1.0000	0.0000
0.0014	0.9986
0.9973	0.0027
1.0000	0.0000
1.0000	0.0000
1.0000	0.0000
1.0000	0.0000
1.0000	0.0000
1.0000	0.0000
1.0000	0.0000
1.0000	0.0000
1.0000	0.0000
1.0000	0.0000
1.0000	0.0000
1.0000	0.0000
1.0000	0.0000
1.0000	0.0000
1.0000	0.0000
1.0000	0.0000
0.0000	1.0000
0.0000	1.0000
1.0000	0.0000
1.0000	0.0000
1.0000	0.0000
0.0001	0.9999
1.0000	0.0000
1.0000	0.0000
1.0000	0.0000
0.0019	0.9981
0.0000	1.0000
1.0000	0.0000
0.0004	0.9996
1.0000	0.0000
1.0000	0.0000
1.0000	0.0000
1.0000	0.0000
1.0000	0.0000
1.0000	0.0000
1.0000	0.0000
0.0000	1.0000
1.0000	0.0000
0.0000	1.0000
1.0000	0.0000
1.0000	0.0000
0.9997	0.0003
0.0006	0.9994
1.0000	0.0000
0.5447	0.4553
0.0182	0.9818
0.0000	1.0000
1.0000	0.0000
1.0000	0.0000
1.0000	0.0000
1.0000	0.0000
1.0000	0.0000
1.0000	0.0000
1.0000	0.0000
1.0000	0.0000
0.0000	1.0000
1.0000	0.0000
0.9378	0.0622
0.0000	1.0000
1.0000	0.0000
1.0000	0.0000
1.0000	0.0000
0.0354	0.9646
1.0000	0.0000
0.0000	1.0000
0.0001	0.9999
0.0009	0.9991
1.0000	0.0000
1.0000	0.0000
0.2211	0.7789
1.0000	0.0000
1.0000	0.0000
0.0000	1.0000
1.0000	0.0000
0.0005	0.9995
0.2341	0.7659
1.0000	0.0000
0.9838	0.0162
1.0000	0.0000
1.0000	0.0000
1.0000	0.0000
0.8758	0.1242
1.0000	0.0000
1.0000	0.0000
1.0000	0.0000
1.0000	0.0000
0.5493	0.4507
0.7414	0.2586
1.0000	0.0000
