1.0000	0.0000
1.0000	0.0000
1.0000	0.0000
1.0000	0.0000
0.0000	1.0000
0.9999	0.0001
0.0000	1.0000
1.0000	0.0000
1.0000	0.0000
1.0000	0.0000
1.0000	0.0000
0.9944	0.0056
1.0000	0.0000
0.0000	1.0000
0.0000	1.0000
1.0000	0.0000
0.0001	0.9999
1.0000	0.0000
1.0000	0.0000
1.0000	0.0000
0.0000	1.0000
0.0001	0.9999
0.0000	1.0000
0.0000	1.0000
1.0000	0.0000
1.0000	0.0000
1.0000	0.0000
1.0000	0.0000
1.0000	0.0000
0.4419	0.5581
1.0000	0.0000
0.0000	1.0000
1.0000	0.0000
1.0000	0.0000
0.0000	1.0000
0.0000	1.0000
1.0000	0.0000
1.0000	0.0000
1.0000	0.0000
1.0000	0.0000
1.0000	0.0000
0.2815	0.7185
0.9972	0.0028
1.0000	0.0000
0.0000	1.0000
1.0000	0.0000
1.0000	0.0000
0.0000	1.0000
1.0000	0.0000
0.9967	0.0033
1.0000	0.0000
0.0467	0.9533
1.0000	0.0000
1.0000	0.0000
1.0000	0.0000
0.0000	1.0000
1.0000	0.0000
1.0000	0.0000
1.0000	0.0000
1.0000	0.0000
1.0000	0.0000
0.0000	1.0000
1.0000	0.0000
1.0000	0.0000
0.0659	0.9341
0.9902	0.0098
0.3451	0.6549
1.0000	0.0000
1.0000	0.0000
0.0007	0.9993
0.0001	0.9999
1.0000	0.0000
1.0000	0.0000
1.0000	0.0000
1.0000	0.0000
1.0000	0.0000
0.0491	0.9509
0.0000	1.0000
1.0000	0.0000
0.0000	1.0000
0.0005	0.9995
1.0000	0.0000
1.0000	0.0000
1.0000	0.0000
1.0000	0.0000
1.0000	0.0000
1.0000	0.0000
0.0000	1.0000
1.0000	0.0000
1.0000	0.0000
1.0000	0.0000
1.0000	0.0000
1.0000	0.0000
1.0000	0.0000
1.0000	0.0000
1.0000	0.0000
1.0000	0.0000
1.0000	0.0000
1.0000	0.0000
0.0000	1.0000
1.0000	0.0000
0.0000	1.0000
1.0000	0.0000
1.0000	0.0000
0.0000	1.0000
1.0000	0.0000
1.0000	0.0000
1.0000	0.0000
0.4511	0.5489
0.0765	0.9235
1.0000	0.0000
0.0206	0.9794
1.0000	0.0000
1.0000	0.0000
1.0000	0.0000
0.0000	1.0000
1.0000	0.0000
0.7836	0.2164
0.0000	1.0000
0.9953	0.0047
1.0000	0.0000
0.2880	0.7120
1.0000	0.0000
1.0000	0.0000
0.3203	0.6797
1.0000	0.0000
1.0000	0.0000
1.0000	0.0000
1.0000	0.0000
0.9999	0.0001
1.0000	0.0000
1.0000	0.0000
0.0000	1.0000
1.0000	0.0000
1.0000	0.0000
0.0006	0.9994
1.0000	0.0000
1.0000	0.0000
1.0000	0.0000
1.0000	0.0000
0.9397	0.0603
0.5031	0.4969
1.0000	0.0000
1.0000	0.0000
1.0000	0.0000
1.0000	0.0000
1.0000	0.0000
0.0000	1.0000
0.2593	0.7407
0.0000	1.0000
1.0000	0.0000
1.0000	0.0000
1.0000	0.0000
0.9790	0.0210
1.0000	0.0000
1.0000	0.0000
1.0000	0.0000
1.0000	0.0000
1.0000	0.0000
1.0000	0.0000
1.0000	0.0000
1.0000	0.0000
0.4969	0.5031
1.0000	0.0000
1.0000	0.0000
1.0000	0.0000
1.0000	0.0000
0.0000	1.0000
0.9984	0.0016
1.0000	0.0000
1.0000	0.0000
0.9999	0.0001
1.0000	0.0000
1.0000	0.0000
1.0000	0.0000
1.0000	0.0000
1.0000	0.0000
1.0000	0.0000
0.9958	0.0042
1.0000	0.0000
1.0000	0.0000
1.0000	0.0000
1.0000	0.0000
1.0000	0.0000
1.0000	0.0000
1.0000	0.0000
1.0000	0.0000
1.0000	0.0000
1.0000	0.0000
0.0000	1.0000
0.0114	0.9886
1.0000	0.0000
1.0000	0.0000
0.7661	0.2339
1.0000	0.0000
1.0000	0.0000
0.0001	0.9999
1.0000	0.0000
1.0000	0.0000
1.0000	0.0000
1.0000	0.0000
0.0006	0.9994
1.0000	0.0000
0.0000	1.0000
1.0000	0.0000
1.0000	0.0000
1.0000	0.0000
1.0000	0.0000
1.0000	0.0000
1.0000	0.0000
1.0000	0.0000
0.1190	0.8810
1.0000	0.0000
0.8084	0.1916
1.0000	0.0000
0.8335	0.1665
0.0000	1.0000
1.0000	0.0000
1.0000	0.0000
1.0000	0.0000
1.0000	0.0000
1.0000	0.0000
0.9785	0.0215
1.0000	0.0000
1.0000	0.0000
1.0000	0.0000
1.0000	0.0000
1.0000	0.0000
1.0000	0.0000
0.9954	0.0046
0.0000	1.0000
1.0000	0.0000
1.0000	0.0000
1.0000	0.0000
0.4100	0.5900
0.0001	0.9999
1.0000	0.0000
1.0000	0.0000
0.0001	0.9999
0.0734	0.9266
1.0000	0.0000
1.0000	0.0000
1.0000	0.0000
1.0000	0.0000
1.0000	0.0000
1.0000	0.0000
0.0000	1.0000
0.9968	0.0032
0.3041	0.6959
1.0000	0.0000
1.0000	0.0000
1.0000	0.0000
1.0000	0.0000
1.0000	0.0000
1.0000	0.0000
0.0000	1.0000
1.0000	0.0000
1.0000	0.0000
1.0000	0.0000
1.0000	0.0000
1.0000	0.0000
1.0000	0.0000
0.3824	0.6176
1.0000	0.0000
1.0000	0.0000
0.9999	0.0001
1.0000	0.0000
1.0000	0.0000
1.0000	0.0000
1.0000	0.0000
1.0000	0.0000
0.0068	0.9932
0.8102	0.1898
0.0026	0.9974
1.0000	0.0000
1.0000	0.0000
1.0000	0.0000
1.0000	0.0000
1.0000	0.0000
1.0000	0.0000
1.0000	0.0000
0.7702	0.2298
1.0000	0.0000
0.0005	0.9995
1.0000	0.0000
1.0000	0.0000
1.0000	0.0000
1.0000	0.0000
0.0000	1.0000
0.0148	0.9852
1.0000	0.0000
0.0000	1.0000
0.0000	1.0000
0.0000	1.0000
1.0000	0.0000
1.0000	0.0000
1.0000	0.0000
0.3967	0.6033
1.0000	0.0000
1.0000	0.0000
1.0000	0.0000
0.0000	1.0000
1.0000	0.0000
1.0000	0.0000
1.0000	0.0000
0.9381	0.0619
1.0000	0.0000
1.0000	0.0000
1.0000	0.0000
1.0000	0.0000
0.0000	1.0000
1.0000	0.0000
0.0000	1.0000
1.0000	0.0000
1.0000	0.0000
0.7239	0.2761
1.0000	0.0000
1.0000	0.0000
1.0000	0.0000
1.0000	0.0000
0.0013	0.9987
0.0000	1.0000
0.0001	0.9999
0.8790	0.1210
0.9981	0.0019
0.4589	0.5411
1.0000	0.0000
1.0000	0.0000
1.0000	0.0000
1.0000	0.0000
0.0000	1.0000
0.0000	1.0000
0.0000	1.0000
1.0000	0.0000
0.9998	0.0002
1.0000	0.0000
1.0000	0.0000
1.0000	0.0000
1.0000	0.0000
0.9999	0.0001
0.0000	1.0000
1.0000	0.0000
0.7766	0.2234
1.0000	0.0000
0.0142	0.9858
1.0000	0.0000
1.0000	0.0000
1.0000	0.0000
1.0000	0.0000
0.0000	1.0000
1.0000	0.0000
0.6370	0.3630
1.0000	0.0000
1.0000	0.0000
1.0000	0.0000
1.0000	0.0000
1.0000	0.0000
0.9987	0.0013
0.0258	0.9742
0.1812	0.8188
0.0000	1.0000
0.0000	1.0000
0.4100	0.5900
1.0000	0.0000
1.0000	0.0000
1.0000	0.0000
1.0000	0.0000
0.1327	0.8673
1.0000	0.0000
1.0000	0.0000
0.9994	0.0006
0.9962	0.0038
1.0000	0.0000
0.0311	0.9689
0.0000	1.0000
1.0000	0.0000
1.0000	0.0000
1.0000	0.0000
0.0000	1.0000
1.0000	0.0000
1.0000	0.0000
0.9786	0.0214
0.0000	1.0000
0.0000	1.0000
1.0000	0.0000
0.9999	0.0001
1.0000	0.0000
0.0000	1.0000
0.0000	1.0000
1.0000	0.0000
1.0000	0.0000
1.0000	0.0000
0.1119	0.8881
1.0000	0.0000
1.0000	0.0000
1.0000	0.0000
1.0000	0.0000
1.0000	0.0000
1.0000	0.0000
1.0000	0.0000
1.0000	0.0000
1.0000	0.0000
1.0000	0.0000
0.0335	0.9665
1.0000	0.0000
1.0000	0.0000
1.0000	0.0000
1.0000	0.0000
1.0000	0.0000
1.0000	0.0000
1.0000	0.0000
0.0019	0.9981
1.0000	0.0000
1.0000	0.0000
1.0000	0.0000
1.0000	0.0000
1.0000	0.0000
1.0000	0.0000
1.0000	0.0000
1.0000	0.0000
1.0000	0.0000
0.0011	0.9989
1.0000	0.0000
1.0000	0.0000
0.0000	1.0000
1.0000	0.0000
1.0000	0.0000
0.9847	0.0153
0.9996	0.0004
1.0000	0.0000
0.0000	1.0000
1.0000	0.0000
1.0000	0.0000
1.0000	0.0000
0.9984	0.0016
0.0000	1.0000
1.0000	0.0000
0.0001	0.9999
1.0000	0.0000
1.0000	0.0000
1.0000	0.0000
1.0000	0.0000
1.0000	0.0000
0.3283	0.6717
0.9925	0.0075
0.0250	0.9750
1.0000	0.0000
1.0000	0.0000
1.0000	0.0000
1.0000	0.0000
0.0000	1.0000
0.0000	1.0000
1.0000	0.0000
1.0000	0.0000
0.0000	1.0000
1.0000	0.0000
1.0000	0.0000
1.0000	0.0000
1.0000	0.0000
0.0381	0.9619
1.0000	0.0000
0.0000	1.0000
0.9959	0.0041
