1.0000	0.0000
1.0000	0.0000
1.0000	0.0000
1.0000	0.0000
0.9246	0.0754
0.9995	0.0005
0.0000	1.0000
1.0000	0.0000
1.0000	0.0000
1.0000	0.0000
1.0000	0.0000
0.0000	1.0000
1.0000	0.0000
0.0000	1.0000
0.0000	1.0000
1.0000	0.0000
0.0002	0.9998
1.0000	0.0000
1.0000	0.0000
1.0000	0.0000
0.0000	1.0000
0.0000	1.0000
0.0085	0.9915
0.0000	1.0000
0.0007	0.9993
1.0000	0.0000
1.0000	0.0000
1.0000	0.0000
1.0000	0.0000
0.0242	0.9758
1.0000	0.0000
0.0000	1.0000
1.0000	0.0000
1.0000	0.0000
0.0002	0.9998
0.0000	1.0000
1.0000	0.0000
1.0000	0.0000
1.0000	0.0000
1.0000	0.0000
1.0000	0.0000
0.0017	0.9983
0.5265	0.4735
1.0000	0.0000
0.0000	1.0000
1.0000	0.0000
1.0000	0.0000
0.0000	1.0000
1.0000	0.0000
0.0001	0.9999
1.0000	0.0000
0.0000	1.0000
1.0000	0.0000
0.9970	0.0030
1.0000	0.0000
0.0000	1.0000
1.0000	0.0000
1.0000	0.0000
1.0000	0.0000
0.9998	0.0002
1.0000	0.0000
0.0000	1.0000
1.0000	0.0000
1.0000	0.0000
1.0000	0.0000
0.9707	0.0293
0.0000	1.0000
0.9896	0.0104
1.0000	0.0000
1.0000	0.0000
0.0000	1.0000
1.0000	0.0000
1.0000	0.0000
1.0000	0.0000
1.0000	0.0000
1.0000	0.0000
1.0000	0.0000
0.0000	1.0000
1.0000	0.0000
0.0000	1.0000
0.0000	1.0000
1.0000	0.0000
1.0000	0.0000
1.0000	0.0000
1.0000	0.0000
1.0000	0.0000
1.0000	0.0000
0.0000	1.0000
1.0000	0.0000
1.0000	0.0000
1.0000	0.0000
1.0000	0.0000
1.0000	0.0000
1.0000	0.0000
1.0000	0.0000
1.0000	0.0000
1.0000	0.0000
1.0000	0.0000
1.0000	0.0000
0.9969	0.0031
1.0000	0.0000
0.0000	1.0000
1.0000	0.0000
1.0000	0.0000
1.0000	0.0000
1.0000	0.0000
1.0000	0.0000
0.0000	1.0000
0.1488	0.8512
0.0000	1.0000
1.0000	0.0000
1.0000	0.0000
1.0000	0.0000
1.0000	0.0000
1.0000	0.0000
0.0000	1.0000
1.0000	0.0000
0.7531	0.2469
0.0000	1.0000
0.9845	0.0155
1.0000	0.0000
0.1531	0.8469
1.0000	0.0000
1.0000	0.0000
0.7611	0.2389
1.0000	0.0000
1.0000	0.0000
1.0000	0.0000
1.0000	0.0000
1.0000	0.0000
1.0000	0.0000
1.0000	0.0000
0.0000	1.0000
1.0000	0.0000
1.0000	0.0000
0.0000	1.0000
1.0000	0.0000
1.0000	0.0000
1.0000	0.0000
1.0000	0.0000
1.0000	0.0000
1.0000	0.0000
1.0000	0.0000
1.0000	0.0000
1.0000	0.0000
1.0000	0.0000
1.0000	0.0000
0.0000	1.0000
0.4940	0.5060
0.0000	1.0000
1.0000	0.0000
0.0000	1.0000
1.0000	0.0000
0.9997	0.0003
0.8126	0.1874
1.0000	0.0000
1.0000	0.0000
1.0000	0.0000
1.0000	0.0000
0.0773	0.9227
1.0000	0.0000
1.0000	0.0000
0.0000	1.0000
1.0000	0.0000
0.0402	0.9598
0.9894	0.0106
1.0000	0.0000
0.0000	1.0000
0.0000	1.0000
1.0000	0.0000
1.0000	0.0000
0.9979	0.0021
1.0000	0.0000
1.0000	0.0000
1.0000	0.0000
1.0000	0.0000
1.0000	0.0000
0.8711	0.1289
0.0184	0.9816
1.0000	0.0000
1.0000	0.0000
1.0000	0.0000
1.0000	0.0000
1.0000	0.0000
1.0000	0.0000
1.0000	0.0000
1.0000	0.0000
1.0000	0.0000
1.0000	0.0000
0.0000	1.0000
0.0141	0.9859
1.0000	0.0000
1.0000	0.0000
0.1856	0.8144
1.0000	0.0000
1.0000	0.0000
0.0000	1.0000
1.0000	0.0000
1.0000	0.0000
1.0000	0.0000
1.0000	0.0000
0.9402	0.0598
1.0000	0.0000
0.0000	1.0000
1.0000	0.0000
1.0000	0.0000
1.0000	0.0000
1.0000	0.0000
1.0000	0.0000
1.0000	0.0000
1.0000	0.0000
0.0001	0.9999
1.0000	0.0000
0.9673	0.0327
0.6543	0.3457
0.0013	0.9987
0.0000	1.0000
1.0000	0.0000
1.0000	0.0000
1.0000	0.0000
1.0000	0.0000
1.0000	0.0000
0.0234	0.9766
1.0000	0.0000
1.0000	0.0000
1.0000	0.0000
1.0000	0.0000
1.0000	0.0000
1.0000	0.0000
1.0000	0.0000
0.9990	0.0010
1.0000	0.0000
1.0000	0.0000
0.1429	0.8571
0.9778	0.0222
0.0000	1.0000
1.0000	0.0000
1.0000	0.0000
0.0001	0.9999
0.0000	1.0000
1.0000	0.0000
1.0000	0.0000
1.0000	0.0000
1.0000	0.0000
1.0000	0.0000
1.0000	0.0000
0.0026	0.9974
1.0000	0.0000
0.0000	1.0000
1.0000	0.0000
1.0000	0.0000
1.0000	0.0000
1.0000	0.0000
1.0000	0.0000
1.0000	0.0000
0.0000	1.0000
0.9999	0.0001
1.0000	0.0000
1.0000	0.0000
1.0000	0.0000
1.0000	0.0000
1.0000	0.0000
0.0000	1.0000
1.0000	0.0000
1.0000	0.0000
0.0000	1.0000
1.0000	0.0000
1.0000	0.0000
1.0000	0.0000
1.0000	0.0000
1.0000	0.0000
1.0000	0.0000
0.0251	0.9749
0.0000	1.0000
1.0000	0.0000
1.0000	0.0000
1.0000	0.0000
1.0000	0.0000
1.0000	0.0000
1.0000	0.0000
1.0000	0.0000
0.0000	1.0000
0.1485	0.8515
0.0000	1.0000
1.0000	0.0000
1.0000	0.0000
1.0000	0.0000
1.0000	0.0000
0.0000	1.0000
0.3542	0.6458
1.0000	0.0000
0.0000	1.0000
0.0010	0.9990
0.0000	1.0000
1.0000	0.0000
1.0000	0.0000
1.0000	0.0000
0.9997	0.0003
1.0000	0.0000
1.0000	0.0000
1.0000	0.0000
0.0000	1.0000
1.0000	0.0000
1.0000	0.0000
1.0000	0.0000
0.0006	0.9994
1.0000	0.0000
0.4394	0.5606
0.7770	0.2230
0.9988	0.0012
0.0000	1.0000
1.0000	0.0000
0.0000	1.0000
1.0000	0.0000
1.0000	0.0000
0.9730	0.0270
1.0000	0.0000
1.0000	0.0000
1.0000	0.0000
1.0000	0.0000
0.0000	1.0000
0.0000	1.0000
0.0000	1.0000
0.0003	0.9997
1.0000	0.0000
0.0004	0.9996
1.0000	0.0000
0.9998	0.0002
1.0000	0.0000
1.0000	0.0000
0.0005	0.9995
0.0016	0.9984
0.0000	1.0000
1.0000	0.0000
0.0000	1.0000
1.0000	0.0000
1.0000	0.0000
0.9997	0.0003
1.0000	0.0000
0.0000	1.0000
0.0000	1.0000
1.0000	0.0000
0.3167	0.6833
1.0000	0.0000
0.0042	0.9958
1.0000	0.0000
1.0000	0.0000
1.0000	0.0000
1.0000	0.0000
0.9968	0.0032
1.0000	0.0000
0.0421	0.9579
1.0000	0.0000
1.0000	0.0000
1.0000	0.0000
1.0000	0.0000
1.0000	0.0000
0.0016	0.9984
0.0000	1.0000
0.0000	1.0000
0.5901	0.4099
0.0000	1.0000
0.2335	0.7665
1.0000	0.0000
1.0000	0.0000
1.0000	0.0000
1.0000	0.0000
0.0000	1.0000
1.0000	0.0000
1.0000	0.0000
0.9999	0.0001
0.9999	0.0001
1.0000	0.0000
0.0000	1.0000
0.0027	0.9973
1.0000	0.0000
0.9999	0.0001
1.0000	0.0000
0.0000	1.0000
1.0000	0.0000
1.0000	0.0000
0.0065	0.9935
0.0000	1.0000
0.0000	1.0000
1.0000	0.0000
0.9340	0.0660
1.0000	0.0000
0.0000	1.0000
0.0066	0.9934
1.0000	0.0000
1.0000	0.0000
1.0000	0.0000
0.0000	1.0000
1.0000	0.0000
1.0000	0.0000
1.0000	0.0000
1.0000	0.0000
1.0000	0.0000
1.0000	0.0000
1.0000	0.0000
1.0000	0.0000
1.0000	0.0000
0.9532	0.0468
0.0000	1.0000
1.0000	0.0000
1.0000	0.0000
0.9992	0.0008
1.0000	0.0000
1.0000	0.0000
1.0000	0.0000
1.0000	0.0000
0.0000	1.0000
1.0000	0.0000
1.0000	0.0000
1.0000	0.0000
0.0398	0.9602
1.0000	0.0000
1.0000	0.0000
1.0000	0.0000
1.0000	0.0000
1.0000	0.0000
0.0001	0.9999
1.0000	0.0000
1.0000	0.0000
0.0000	1.0000
1.0000	0.0000
1.0000	0.0000
0.0644	0.9356
0.0000	1.0000
1.0000	0.0000
0.0000	1.0000
0.9942	0.0058
1.0000	0.0000
1.0000	0.0000
0.1644	0.8356
0.0000	1.0000
1.0000	0.0000
0.0000	1.0000
1.0000	0.0000
1.0000	0.0000
1.0000	0.0000
1.0000	0.0000
1.0000	0.0000
0.9971	0.0029
1.0000	0.0000
0.0000	1.0000
1.0000	0.0000
1.0000	0.0000
1.0000	0.0000
1.0000	0.0000
0.0000	1.0000
0.0000	1.0000
1.0000	0.0000
1.0000	0.0000
0.0000	1.0000
1.0000	0.0000
1.0000	0.0000
1.0000	0.0000
1.0000	0.0000
0.0000	1.0000
1.0000	0.0000
0.0001	0.9999
0.0014	0.9986
