0.0000	1.0000
1.0000	0.0000
1.0000	0.0000
1.0000	0.0000
0.0516	0.9484
0.9169	0.0831
0.0309	0.9691
1.0000	0.0000
1.0000	0.0000
1.0000	0.0000
0.3690	0.6310
0.9983	0.0017
1.0000	0.0000
0.0000	1.0000
0.0009	0.9991
1.0000	0.0000
0.0000	1.0000
1.0000	0.0000
1.0000	0.0000
1.0000	0.0000
0.0000	1.0000
0.0013	0.9987
0.0003	0.9997
0.0001	0.9999
0.0646	0.9354
0.9969	0.0031
1.0000	0.0000
1.0000	0.0000
1.0000	0.0000
0.4547	0.5453
1.0000	0.0000
0.0000	1.0000
1.0000	0.0000
1.0000	0.0000
0.0001	0.9999
0.0000	1.0000
0.7099	0.2901
1.0000	0.0000
1.0000	0.0000
1.0000	0.0000
1.0000	0.0000
0.3797	0.6203
0.4511	0.5489
1.0000	0.0000
0.0000	1.0000
1.0000	0.0000
1.0000	0.0000
0.0000	1.0000
1.0000	0.0000
0.9990	0.0010
1.0000	0.0000
0.0040	0.9960
1.0000	0.0000
0.9096	0.0904
1.0000	0.0000
0.0000	1.0000
1.0000	0.0000
1.0000	0.0000
1.0000	0.0000
0.9999	0.0001
1.0000	0.0000
0.0000	1.0000
1.0000	0.0000
1.0000	0.0000
1.0000	0.0000
0.5973	0.4027
0.0092	0.9908
1.0000	0.0000
1.0000	0.0000
0.4488	0.5512
0.0007	0.9993
1.0000	0.0000
1.0000	0.0000
0.9999	0.0001
1.0000	0.0000
0.9996	0.0004
0.0336	0.9664
0.0000	1.0000
1.0000	0.0000
0.0002	0.9998
0.0020	0.9980
1.0000	0.0000
1.0000	0.0000
1.0000	0.0000
1.0000	0.0000
1.0000	0.0000
1.0000	0.0000
0.0000	1.0000
1.0000	0.0000
1.0000	0.0000
1.0000	0.0000
1.0000	0.0000
1.0000	0.0000
1.0000	0.0000
1.0000	0.0000
1.0000	0.0000
1.0000	0.0000
1.0000	0.0000
1.0000	0.0000
0.0001	0.9999
1.0000	0.0000
0.0000	1.0000
1.0000	0.0000
1.0000	0.0000
0.0000	1.0000
1.0000	0.0000
1.0000	0.0000
0.9999	0.0001
0.0344	0.9656
0.3261	0.6739
0.9857	0.0143
0.0093	0.9907
1.0000	0.0000
1.0000	0.0000
1.0000	0.0000
0.0000	1.0000
1.0000	0.0000
1.0000	0.0000
0.0000	1.0000
1.0000	0.0000
1.0000	0.0000
0.0152	0.9848
1.0000	0.0000
1.0000	0.0000
0.9999	0.0001
1.0000	0.0000
1.0000	0.0000
1.0000	0.0000
1.0000	0.0000
0.9428	0.0572
1.0000	0.0000
1.0000	0.0000
0.0009	0.9991
1.0000	0.0000
1.0000	0.0000
0.0007	0.9993
1.0000	0.0000
1.0000	0.0000
1.0000	0.0000
1.0000	0.0000
0.4160	0.5840
1.0000	0.0000
1.0000	0.0000
1.0000	0.0000
1.0000	0.0000
1.0000	0.0000
1.0000	0.0000
0.0000	1.0000
0.4547	0.5453
0.0000	1.0000
1.0000	0.0000
0.6958	0.3042
1.0000	0.0000
0.2038	0.7962
1.0000	0.0000
1.0000	0.0000
1.0000	0.0000
1.0000	0.0000
1.0000	0.0000
1.0000	0.0000
1.0000	0.0000
1.0000	0.0000
0.0020	0.9980
0.8709	0.1291
0.9271	0.0729
1.0000	0.0000
1.0000	0.0000
0.0000	1.0000
0.4550	0.5450
1.0000	0.0000
1.0000	0.0000
0.7227	0.2773
1.0000	0.0000
1.0000	0.0000
1.0000	0.0000
1.0000	0.0000
0.9999	0.0001
1.0000	0.0000
0.4009	0.5991
1.0000	0.0000
1.0000	0.0000
1.0000	0.0000
1.0000	0.0000
1.0000	0.0000
1.0000	0.0000
1.0000	0.0000
0.0001	0.9999
1.0000	0.0000
1.0000	0.0000
0.0000	1.0000
0.0919	0.9081
1.0000	0.0000
1.0000	0.0000
0.4547	0.5453
1.0000	0.0000
0.0000	1.0000
0.0001	0.9999
0.9999	0.0001
0.9998	0.0002
1.0000	0.0000
0.9999	0.0001
0.2264	0.7736
1.0000	0.0000
0.0000	1.0000
1.0000	0.0000
1.0000	0.0000
1.0000	0.0000
1.0000	0.0000
1.0000	0.0000
1.0000	0.0000
1.0000	0.0000
0.9977	0.0023
1.0000	0.0000
1.0000	0.0000
0.0000	1.0000
0.0141	0.9859
0.0000	1.0000
1.0000	0.0000
1.0000	0.0000
1.0000	0.0000
1.0000	0.0000
1.0000	0.0000
1.0000	0.0000
1.0000	0.0000
1.0000	0.0000
1.0000	0.0000
1.0000	0.0000
1.0000	0.0000
1.0000	0.0000
0.9999	0.0001
0.0000	1.0000
1.0000	0.0000
1.0000	0.0000
0.0000	1.0000
0.4547	0.5453
0.0419	0.9581
1.0000	0.0000
1.0000	0.0000
0.0793	0.9207
0.0000	1.0000
1.0000	0.0000
1.0000	0.0000
1.0000	0.0000
1.0000	0.0000
1.0000	0.0000
1.0000	0.0000
0.0300	0.9700
1.0000	0.0000
0.1780	0.8220
1.0000	0.0000
1.0000	0.0000
1.0000	0.0000
1.0000	0.0000
1.0000	0.0000
1.0000	0.0000
0.0197	0.9803
0.9998	0.0002
1.0000	0.0000
1.0000	0.0000
1.0000	0.0000
1.0000	0.0000
1.0000	0.0000
0.4508	0.5492
1.0000	0.0000
1.0000	0.0000
0.0000	1.0000
1.0000	0.0000
0.9780	0.0220
1.0000	0.0000
1.0000	0.0000
1.0000	0.0000
0.0000	1.0000
0.1181	0.8819
0.0024	0.9976
1.0000	0.0000
1.0000	0.0000
1.0000	0.0000
1.0000	0.0000
1.0000	0.0000
1.0000	0.0000
1.0000	0.0000
0.2343	0.7657
1.0000	0.0000
0.0265	0.9735
1.0000	0.0000
1.0000	0.0000
1.0000	0.0000
1.0000	0.0000
0.0000	1.0000
0.0000	1.0000
1.0000	0.0000
0.0000	1.0000
0.0000	1.0000
0.0000	1.0000
1.0000	0.0000
1.0000	0.0000
1.0000	0.0000
1.0000	0.0000
1.0000	0.0000
1.0000	0.0000
1.0000	0.0000
0.0000	1.0000
1.0000	0.0000
1.0000	0.0000
1.0000	0.0000
0.9990	0.0010
1.0000	0.0000
0.0000	1.0000
1.0000	0.0000
1.0000	0.0000
0.0001	0.9999
1.0000	0.0000
0.0000	1.0000
1.0000	0.0000
1.0000	0.0000
0.1094	0.8906
1.0000	0.0000
1.0000	0.0000
0.9970	0.0030
1.0000	0.0000
0.4200	0.5800
0.0000	1.0000
0.0000	1.0000
0.6433	0.3567
0.9981	0.0019
0.1123	0.8877
0.9881	0.0119
1.0000	0.0000
1.0000	0.0000
1.0000	0.0000
0.6107	0.3893
0.0992	0.9008
0.0000	1.0000
1.0000	0.0000
0.9678	0.0322
0.9815	0.0185
1.0000	0.0000
1.0000	0.0000
1.0000	0.0000
0.4547	0.5453
0.0054	0.9946
1.0000	0.0000
0.9997	0.0003
1.0000	0.0000
0.0068	0.9932
1.0000	0.0000
1.0000	0.0000
1.0000	0.0000
1.0000	0.0000
0.0006	0.9994
1.0000	0.0000
0.4547	0.5453
1.0000	0.0000
1.0000	0.0000
1.0000	0.0000
1.0000	0.0000
1.0000	0.0000
0.6925	0.3075
0.0428	0.9572
0.3190	0.6810
0.3663	0.6337
0.0000	1.0000
0.3452	0.6548
1.0000	0.0000
1.0000	0.0000
1.0000	0.0000
1.0000	0.0000
0.0008	0.9992
1.0000	0.0000
1.0000	0.0000
1.0000	0.0000
0.9163	0.0837
1.0000	0.0000
0.0457	0.9543
0.0000	1.0000
1.0000	0.0000
1.0000	0.0000
1.0000	0.0000
0.0000	1.0000
1.0000	0.0000
1.0000	0.0000
0.9926	0.0074
0.0001	0.9999
0.0000	1.0000
1.0000	0.0000
0.3165	0.6835
1.0000	0.0000
0.0155	0.9845
0.0251	0.9749
1.0000	0.0000
1.0000	0.0000
1.0000	0.0000
0.1569	0.8431
1.0000	0.0000
1.0000	0.0000
1.0000	0.0000
1.0000	0.0000
1.0000	0.0000
1.0000	0.0000
1.0000	0.0000
1.0000	0.0000
1.0000	0.0000
1.0000	0.0000
0.2989	0.7011
1.0000	0.0000
1.0000	0.0000
0.8394	0.1606
1.0000	0.0000
1.0000	0.0000
1.0000	0.0000
0.9924	0.0076
0.0031	0.9969
1.0000	0.0000
1.0000	0.0000
1.0000	0.0000
0.8237	0.1763
1.0000	0.0000
1.0000	0.0000
1.0000	0.0000
1.0000	0.0000
1.0000	0.0000
0.0250	0.9750
1.0000	0.0000
1.0000	0.0000
0.0000	1.0000
1.0000	0.0000
1.0000	0.0000
0.9998	0.0002
1.0000	0.0000
1.0000	0.0000
0.0000	1.0000
1.0000	0.0000
1.0000	0.0000
1.0000	0.0000
0.9990	0.0010
0.0032	0.9968
1.0000	0.0000
0.0749	0.9251
1.0000	0.0000
1.0000	0.0000
1.0000	0.0000
0.9988	0.0012
1.0000	0.0000
0.0000	1.0000
0.9748	0.0252
0.0179	0.9821
1.0000	0.0000
1.0000	0.0000
1.0000	0.0000
1.0000	0.0000
0.0001	0.9999
0.0000	1.0000
1.0000	0.0000
1.0000	0.0000
0.0001	0.9999
1.0000	0.0000
1.0000	0.0000
1.0000	0.0000
0.9990	0.0010
0.0000	1.0000
1.0000	0.0000
0.2942	0.7058
0.8223	0.1777
