1.0000	0.0000
0.7318	0.2682
1.0000	0.0000
1.0000	0.0000
1.0000	0.0000
0.5157	0.4843
1.0000	0.0000
1.0000	0.0000
1.0000	0.0000
1.0000	0.0000
1.0000	0.0000
0.8520	0.1480
1.0000	0.0000
1.0000	0.0000
0.0003	0.9997
1.0000	0.0000
1.0000	0.0000
1.0000	0.0000
1.0000	0.0000
1.0000	0.0000
1.0000	0.0000
1.0000	0.0000
0.0005	0.9995
1.0000	0.0000
1.0000	0.0000
1.0000	0.0000
1.0000	0.0000
0.0003	0.9997
1.0000	0.0000
1.0000	0.0000
0.0002	0.9998
1.0000	0.0000
1.0000	0.0000
1.0000	0.0000
0.1823	0.8177
1.0000	0.0000
1.0000	0.0000
1.0000	0.0000
1.0000	0.0000
1.0000	0.0000
1.0000	0.0000
1.0000	0.0000
1.0000	0.0000
1.0000	0.0000
1.0000	0.0000
1.0000	0.0000
1.0000	0.0000
1.0000	0.0000
0.9434	0.0566
1.0000	0.0000
0.0000	1.0000
1.0000	0.0000
1.0000	0.0000
1.0000	0.0000
1.0000	0.0000
1.0000	0.0000
1.0000	0.0000
0.0000	1.0000
1.0000	0.0000
1.0000	0.0000
1.0000	0.0000
0.9634	0.0366
1.0000	0.0000
1.0000	0.0000
1.0000	0.0000
1.0000	0.0000
1.0000	0.0000
1.0000	0.0000
0.1896	0.8104
1.0000	0.0000
1.0000	0.0000
0.0124	0.9876
1.0000	0.0000
1.0000	0.0000
1.0000	0.0000
0.0076	0.9924
1.0000	0.0000
0.0291	0.9709
0.0005	0.9995
1.0000	0.0000
0.9994	0.0006
1.0000	0.0000
0.0001	0.9999
0.0002	0.9998
1.0000	0.0000
0.9999	0.0001
1.0000	0.0000
1.0000	0.0000
1.0000	0.0000
1.0000	0.0000
1.0000	0.0000
0.0016	0.9984
1.0000	0.0000
0.9934	0.0066
0.1580	0.8420
1.0000	0.0000
1.0000	0.0000
1.0000	0.0000
0.4945	0.5055
0.0003	0.9997
1.0000	0.0000
0.7766	0.2234
1.0000	0.0000
1.0000	0.0000
1.0000	0.0000
1.0000	0.0000
1.0000	0.0000
1.0000	0.0000
1.0000	0.0000
1.0000	0.0000
1.0000	0.0000
0.8475	0.1525
0.0071	0.9929
1.0000	0.0000
1.0000	0.0000
1.0000	0.0000
0.7272	0.2728
1.0000	0.0000
1.0000	0.0000
1.0000	0.0000
0.0001	0.9999
1.0000	0.0000
1.0000	0.0000
1.0000	0.0000
1.0000	0.0000
0.0435	0.9565
1.0000	0.0000
1.0000	0.0000
0.0000	1.0000
1.0000	0.0000
1.0000	0.0000
0.4692	0.5308
0.7708	0.2292
0.9984	0.0016
1.0000	0.0000
1.0000	0.0000
1.0000	0.0000
1.0000	0.0000
1.0000	0.0000
1.0000	0.0000
1.0000	0.0000
1.0000	0.0000
1.0000	0.0000
0.0003	0.9997
0.0000	1.0000
1.0000	0.0000
1.0000	0.0000
0.9990	0.0010
1.0000	0.0000
1.0000	0.0000
1.0000	0.0000
0.2121	0.7879
1.0000	0.0000
0.0002	0.9998
0.0011	0.9989
1.0000	0.0000
1.0000	0.0000
0.0001	0.9999
1.0000	0.0000
1.0000	0.0000
1.0000	0.0000
1.0000	0.0000
1.0000	0.0000
1.0000	0.0000
1.0000	0.0000
0.9278	0.0722
1.0000	0.0000
1.0000	0.0000
1.0000	0.0000
1.0000	0.0000
1.0000	0.0000
1.0000	0.0000
0.7168	0.2832
1.0000	0.0000
1.0000	0.0000
1.0000	0.0000
1.0000	0.0000
0.1570	0.8430
0.9968	0.0032
0.0042	0.9958
0.9977	0.0023
1.0000	0.0000
0.0001	0.9999
1.0000	0.0000
1.0000	0.0000
1.0000	0.0000
1.0000	0.0000
1.0000	0.0000
1.0000	0.0000
1.0000	0.0000
1.0000	0.0000
1.0000	0.0000
0.6238	0.3762
0.9949	0.0051
1.0000	0.0000
1.0000	0.0000
1.0000	0.0000
1.0000	0.0000
1.0000	0.0000
0.0000	1.0000
1.0000	0.0000
1.0000	0.0000
1.0000	0.0000
1.0000	0.0000
0.0452	0.9548
1.0000	0.0000
1.0000	0.0000
1.0000	0.0000
0.9660	0.0340
0.0001	0.9999
0.8376	0.1624
1.0000	0.0000
1.0000	0.0000
1.0000	0.0000
0.8694	0.1306
1.0000	0.0000
0.0000	1.0000
1.0000	0.0000
1.0000	0.0000
1.0000	0.0000
1.0000	0.0000
1.0000	0.0000
1.0000	0.0000
1.0000	0.0000
1.0000	0.0000
1.0000	0.0000
0.0001	0.9999
0.3856	0.6144
1.0000	0.0000
1.0000	0.0000
0.9942	0.0058
1.0000	0.0000
0.0000	1.0000
1.0000	0.0000
0.9916	0.0084
1.0000	0.0000
1.0000	0.0000
1.0000	0.0000
1.0000	0.0000
0.0000	1.0000
0.9999	0.0001
1.0000	0.0000
1.0000	0.0000
0.0008	0.9992
1.0000	0.0000
1.0000	0.0000
1.0000	0.0000
1.0000	0.0000
1.0000	0.0000
1.0000	0.0000
0.0001	0.9999
0.1176	0.8824
1.0000	0.0000
0.9997	0.0003
0.9999	0.0001
1.0000	0.0000
1.0000	0.0000
0.4806	0.5194
1.0000	0.0000
1.0000	0.0000
0.9981	0.0019
0.5663	0.4337
1.0000	0.0000
0.0004	0.9996
1.0000	0.0000
1.0000	0.0000
1.0000	0.0000
1.0000	0.0000
0.9604	0.0396
0.0110	0.9890
0.0021	0.9979
1.0000	0.0000
1.0000	0.0000
1.0000	0.0000
1.0000	0.0000
1.0000	0.0000
1.0000	0.0000
1.0000	0.0000
1.0000	0.0000
1.0000	0.0000
1.0000	0.0000
1.0000	0.0000
0.0015	0.9985
0.0086	0.9914
1.0000	0.0000
0.0504	0.9496
1.0000	0.0000
0.0009	0.9991
1.0000	0.0000
1.0000	0.0000
1.0000	0.0000
1.0000	0.0000
0.0007	0.9993
1.0000	0.0000
1.0000	0.0000
1.0000	0.0000
0.9912	0.0088
0.0000	1.0000
1.0000	0.0000
0.9980	0.0020
1.0000	0.0000
0.8385	0.1615
0.9989	0.0011
1.0000	0.0000
1.0000	0.0000
0.7820	0.2180
1.0000	0.0000
0.0052	0.9948
1.0000	0.0000
1.0000	0.0000
0.9974	0.0026
0.0019	0.9981
1.0000	0.0000
1.0000	0.0000
0.0034	0.9966
0.0015	0.9985
0.0000	1.0000
1.0000	0.0000
1.0000	0.0000
0.0032	0.9968
1.0000	0.0000
1.0000	0.0000
1.0000	0.0000
1.0000	0.0000
1.0000	0.0000
0.0005	0.9995
1.0000	0.0000
0.1972	0.8028
1.0000	0.0000
1.0000	0.0000
1.0000	0.0000
0.0101	0.9899
1.0000	0.0000
1.0000	0.0000
1.0000	0.0000
0.0000	1.0000
1.0000	0.0000
1.0000	0.0000
0.9077	0.0923
1.0000	0.0000
1.0000	0.0000
1.0000	0.0000
1.0000	0.0000
1.0000	0.0000
1.0000	0.0000
1.0000	0.0000
1.0000	0.0000
0.0000	1.0000
0.9998	0.0002
1.0000	0.0000
1.0000	0.0000
1.0000	0.0000
0.0000	1.0000
1.0000	0.0000
1.0000	0.0000
1.0000	0.0000
1.0000	0.0000
1.0000	0.0000
1.0000	0.0000
1.0000	0.0000
1.0000	0.0000
1.0000	0.0000
1.0000	0.0000
1.0000	0.0000
1.0000	0.0000
1.0000	0.0000
1.0000	0.0000
0.0000	1.0000
1.0000	0.0000
0.0000	1.0000
1.0000	0.0000
1.0000	0.0000
0.0093	0.9907
1.0000	0.0000
1.0000	0.0000
1.0000	0.0000
0.0004	0.9996
1.0000	0.0000
1.0000	0.0000
1.0000	0.0000
0.9970	0.0030
1.0000	0.0000
1.0000	0.0000
1.0000	0.0000
0.0210	0.9790
1.0000	0.0000
0.3850	0.6150
1.0000	0.0000
0.9977	0.0023
1.0000	0.0000
1.0000	0.0000
1.0000	0.0000
1.0000	0.0000
0.0229	0.9771
0.5351	0.4649
1.0000	0.0000
1.0000	0.0000
1.0000	0.0000
1.0000	0.0000
1.0000	0.0000
1.0000	0.0000
1.0000	0.0000
0.1892	0.8108
1.0000	0.0000
1.0000	0.0000
1.0000	0.0000
1.0000	0.0000
1.0000	0.0000
1.0000	0.0000
1.0000	0.0000
1.0000	0.0000
1.0000	0.0000
1.0000	0.0000
1.0000	0.0000
1.0000	0.0000
0.9999	0.0001
1.0000	0.0000
1.0000	0.0000
0.9927	0.0073
0.9921	0.0079
1.0000	0.0000
0.0302	0.9698
1.0000	0.0000
1.0000	0.0000
1.0000	0.0000
1.0000	0.0000
1.0000	0.0000
0.9728	0.0272
1.0000	0.0000
0.9923	0.0077
1.0000	0.0000
1.0000	0.0000
0.9765	0.0235
1.0000	0.0000
0.0011	0.9989
1.0000	0.0000
1.0000	0.0000
1.0000	0.0000
1.0000	0.0000
1.0000	0.0000
1.0000	0.0000
1.0000	0.0000
1.0000	0.0000
0.0012	0.9988
1.0000	0.0000
1.0000	0.0000
1.0000	0.0000
0.9826	0.0174
1.0000	0.0000
1.0000	0.0000
0.0197	0.9803
0.9524	0.0476
1.0000	0.0000
1.0000	0.0000
0.0789	0.9211
0.0033	0.9967
1.0000	0.0000
1.0000	0.0000
1.0000	0.0000
1.0000	0.0000
0.9999	0.0001
0.5143	0.4857
1.0000	0.0000
