1.0000	0.0000
0.4518	0.5482
1.0000	0.0000
1.0000	0.0000
1.0000	0.0000
0.0006	0.9994
1.0000	0.0000
1.0000	0.0000
1.0000	0.0000
0.1005	0.8995
1.0000	0.0000
0.1126	0.8874
1.0000	0.0000
1.0000	0.0000
0.0000	1.0000
1.0000	0.0000
0.9999	0.0001
1.0000	0.0000
1.0000	0.0000
1.0000	0.0000
1.0000	0.0000
0.9999	0.0001
0.0000	1.0000
1.0000	0.0000
1.0000	0.0000
1.0000	0.0000
1.0000	0.0000
0.0001	0.9999
1.0000	0.0000
1.0000	0.0000
0.0000	1.0000
1.0000	0.0000
1.0000	0.0000
1.0000	0.0000
0.0131	0.9869
1.0000	0.0000
1.0000	0.0000
1.0000	0.0000
1.0000	0.0000
1.0000	0.0000
1.0000	0.0000
1.0000	0.0000
1.0000	0.0000
1.0000	0.0000
1.0000	0.0000
1.0000	0.0000
1.0000	0.0000
1.0000	0.0000
0.9796	0.0204
1.0000	0.0000
0.0000	1.0000
1.0000	0.0000
1.0000	0.0000
1.0000	0.0000
1.0000	0.0000
1.0000	0.0000
1.0000	0.0000
0.0000	1.0000
1.0000	0.0000
1.0000	0.0000
1.0000	0.0000
0.7582	0.2418
1.0000	0.0000
1.0000	0.0000
1.0000	0.0000
1.0000	0.0000
1.0000	0.0000
1.0000	0.0000
0.0001	0.9999
1.0000	0.0000
1.0000	0.0000
0.0000	1.0000
1.0000	0.0000
1.0000	0.0000
1.0000	0.0000
0.0004	0.9996
1.0000	0.0000
0.0001	0.9999
0.0000	1.0000
1.0000	0.0000
1.0000	0.0000
1.0000	0.0000
0.0000	1.0000
0.0000	1.0000
1.0000	0.0000
1.0000	0.0000
1.0000	0.0000
1.0000	0.0000
1.0000	0.0000
1.0000	0.0000
1.0000	0.0000
0.0020	0.9980
1.0000	0.0000
0.2369	0.7631
0.0100	0.9900
1.0000	0.0000
1.0000	0.0000
1.0000	0.0000
0.0009	0.9991
0.0000	1.0000
1.0000	0.0000
0.9619	0.0381
1.0000	0.0000
1.0000	0.0000
1.0000	0.0000
1.0000	0.0000
1.0000	0.0000
1.0000	0.0000
1.0000	0.0000
1.0000	0.0000
1.0000	0.0000
0.8024	0.1976
0.0011	0.9989
1.0000	0.0000
1.0000	0.0000
1.0000	0.0000
0.1885	0.8115
1.0000	0.0000
1.0000	0.0000
1.0000	0.0000
0.0001	0.9999
1.0000	0.0000
1.0000	0.0000
1.0000	0.0000
1.0000	0.0000
0.0223	0.9777
1.0000	0.0000
1.0000	0.0000
0.0000	1.0000
1.0000	0.0000
1.0000	0.0000
0.9439	0.0561
0.9543	0.0457
1.0000	0.0000
1.0000	0.0000
1.0000	0.0000
1.0000	0.0000
1.0000	0.0000
1.0000	0.0000
1.0000	0.0000
0.9477	0.0523
1.0000	0.0000
1.0000	0.0000
0.0000	1.0000
0.0000	1.0000
1.0000	0.0000
1.0000	0.0000
0.6886	0.3114
1.0000	0.0000
1.0000	0.0000
1.0000	0.0000
0.1936	0.8064
1.0000	0.0000
0.0000	1.0000
0.0004	0.9996
1.0000	0.0000
1.0000	0.0000
0.0000	1.0000
1.0000	0.0000
1.0000	0.0000
1.0000	0.0000
1.0000	0.0000
1.0000	0.0000
1.0000	0.0000
1.0000	0.0000
0.1183	0.8817
1.0000	0.0000
0.3081	0.6919
1.0000	0.0000
0.2344	0.7656
1.0000	0.0000
1.0000	0.0000
0.0172	0.9828
1.0000	0.0000
1.0000	0.0000
1.0000	0.0000
1.0000	0.0000
0.0070	0.9930
0.0604	0.9396
0.0543	0.9457
0.8735	0.1265
1.0000	0.0000
0.0000	1.0000
1.0000	0.0000
1.0000	0.0000
1.0000	0.0000
1.0000	0.0000
1.0000	0.0000
1.0000	0.0000
1.0000	0.0000
1.0000	0.0000
1.0000	0.0000
0.0200	0.9800
1.0000	0.0000
1.0000	0.0000
1.0000	0.0000
1.0000	0.0000
1.0000	0.0000
0.9826	0.0174
0.0000	1.0000
1.0000	0.0000
1.0000	0.0000
1.0000	0.0000
1.0000	0.0000
0.4131	0.5869
1.0000	0.0000
1.0000	0.0000
1.0000	0.0000
0.6547	0.3453
0.0002	0.9998
0.0001	0.9999
1.0000	0.0000
1.0000	0.0000
1.0000	0.0000
0.0010	0.9990
1.0000	0.0000
0.0000	1.0000
1.0000	0.0000
1.0000	0.0000
1.0000	0.0000
1.0000	0.0000
1.0000	0.0000
1.0000	0.0000
1.0000	0.0000
1.0000	0.0000
1.0000	0.0000
0.0001	0.9999
0.0001	0.9999
1.0000	0.0000
1.0000	0.0000
0.9685	0.0315
1.0000	0.0000
0.0000	1.0000
1.0000	0.0000
0.5805	0.4195
1.0000	0.0000
1.0000	0.0000
1.0000	0.0000
1.0000	0.0000
0.0000	1.0000
0.6605	0.3395
1.0000	0.0000
1.0000	0.0000
0.3047	0.6953
1.0000	0.0000
1.0000	0.0000
1.0000	0.0000
1.0000	0.0000
1.0000	0.0000
1.0000	0.0000
0.0000	1.0000
0.0001	0.9999
1.0000	0.0000
0.9436	0.0564
1.0000	0.0000
1.0000	0.0000
1.0000	0.0000
0.0059	0.9941
1.0000	0.0000
1.0000	0.0000
1.0000	0.0000
0.3062	0.6938
1.0000	0.0000
0.0000	1.0000
1.0000	0.0000
0.9948	0.0052
1.0000	0.0000
1.0000	0.0000
0.9902	0.0098
0.0006	0.9994
0.0944	0.9056
1.0000	0.0000
1.0000	0.0000
1.0000	0.0000
0.9993	0.0007
1.0000	0.0000
1.0000	0.0000
1.0000	0.0000
1.0000	0.0000
1.0000	0.0000
1.0000	0.0000
1.0000	0.0000
0.1188	0.8812
0.0099	0.9901
1.0000	0.0000
0.5377	0.4623
1.0000	0.0000
0.0257	0.9743
0.9997	0.0003
1.0000	0.0000
1.0000	0.0000
1.0000	0.0000
0.0001	0.9999
1.0000	0.0000
1.0000	0.0000
1.0000	0.0000
0.9985	0.0015
0.0000	1.0000
1.0000	0.0000
0.9999	0.0001
1.0000	0.0000
0.4065	0.5935
0.9965	0.0035
1.0000	0.0000
1.0000	0.0000
0.4876	0.5124
0.9996	0.0004
0.0000	1.0000
1.0000	0.0000
1.0000	0.0000
0.9199	0.0801
0.0005	0.9995
1.0000	0.0000
1.0000	0.0000
0.0469	0.9531
0.0001	0.9999
0.0000	1.0000
1.0000	0.0000
1.0000	0.0000
0.2083	0.7917
1.0000	0.0000
1.0000	0.0000
1.0000	0.0000
1.0000	0.0000
1.0000	0.0000
0.0000	1.0000
1.0000	0.0000
0.0005	0.9995
1.0000	0.0000
1.0000	0.0000
1.0000	0.0000
0.0019	0.9981
1.0000	0.0000
1.0000	0.0000
1.0000	0.0000
0.0000	1.0000
1.0000	0.0000
1.0000	0.0000
0.9613	0.0387
1.0000	0.0000
1.0000	0.0000
1.0000	0.0000
1.0000	0.0000
1.0000	0.0000
1.0000	0.0000
1.0000	0.0000
1.0000	0.0000
0.0030	0.9970
0.9830	0.0170
1.0000	0.0000
1.0000	0.0000
1.0000	0.0000
0.0000	1.0000
1.0000	0.0000
0.0000	1.0000
1.0000	0.0000
0.9108	0.0892
1.0000	0.0000
1.0000	0.0000
1.0000	0.0000
1.0000	0.0000
1.0000	0.0000
1.0000	0.0000
1.0000	0.0000
1.0000	0.0000
1.0000	0.0000
1.0000	0.0000
0.0000	1.0000
1.0000	0.0000
0.0000	1.0000
1.0000	0.0000
1.0000	0.0000
0.0001	0.9999
1.0000	0.0000
1.0000	0.0000
1.0000	0.0000
0.0042	0.9958
1.0000	0.0000
1.0000	0.0000
1.0000	0.0000
1.0000	0.0000
1.0000	0.0000
1.0000	0.0000
1.0000	0.0000
0.0001	0.9999
1.0000	0.0000
0.3909	0.6091
1.0000	0.0000
0.9957	0.0043
1.0000	0.0000
0.9999	0.0001
1.0000	0.0000
1.0000	0.0000
0.0001	0.9999
0.9999	0.0001
1.0000	0.0000
1.0000	0.0000
1.0000	0.0000
1.0000	0.0000
1.0000	0.0000
1.0000	0.0000
1.0000	0.0000
0.0070	0.9930
1.0000	0.0000
0.9973	0.0027
1.0000	0.0000
1.0000	0.0000
1.0000	0.0000
1.0000	0.0000
1.0000	0.0000
1.0000	0.0000
0.7890	0.2110
1.0000	0.0000
1.0000	0.0000
1.0000	0.0000
1.0000	0.0000
1.0000	0.0000
1.0000	0.0000
0.9145	0.0855
0.0142	0.9858
1.0000	0.0000
0.0009	0.9991
1.0000	0.0000
1.0000	0.0000
1.0000	0.0000
1.0000	0.0000
1.0000	0.0000
0.0168	0.9832
1.0000	0.0000
0.1833	0.8167
1.0000	0.0000
1.0000	0.0000
0.4265	0.5735
1.0000	0.0000
0.0002	0.9998
1.0000	0.0000
1.0000	0.0000
1.0000	0.0000
0.0010	0.9990
1.0000	0.0000
1.0000	0.0000
0.9998	0.0002
0.0000	1.0000
0.0053	0.9947
1.0000	0.0000
1.0000	0.0000
1.0000	0.0000
0.9966	0.0034
1.0000	0.0000
1.0000	0.0000
0.0015	0.9985
1.0000	0.0000
1.0000	0.0000
0.0009	0.9991
0.1438	0.8562
0.9983	0.0017
1.0000	0.0000
1.0000	0.0000
1.0000	0.0000
1.0000	0.0000
0.9990	0.0010
0.8760	0.1240
1.0000	0.0000
