1.0000	0.0000
1.0000	0.0000
1.0000	0.0000
1.0000	0.0000
1.0000	0.0000
0.2300	0.7700
1.0000	0.0000
1.0000	0.0000
1.0000	0.0000
1.0000	0.0000
1.0000	0.0000
0.3813	0.6187
1.0000	0.0000
1.0000	0.0000
0.0000	1.0000
1.0000	0.0000
0.9991	0.0009
1.0000	0.0000
1.0000	0.0000
1.0000	0.0000
1.0000	0.0000
0.9962	0.0038
0.0000	1.0000
0.3813	0.6187
0.9999	0.0001
1.0000	0.0000
1.0000	0.0000
0.0000	1.0000
1.0000	0.0000
1.0000	0.0000
0.0000	1.0000
1.0000	0.0000
1.0000	0.0000
1.0000	0.0000
0.0000	1.0000
1.0000	0.0000
1.0000	0.0000
0.9501	0.0499
1.0000	0.0000
1.0000	0.0000
1.0000	0.0000
1.0000	0.0000
1.0000	0.0000
1.0000	0.0000
1.0000	0.0000
1.0000	0.0000
1.0000	0.0000
1.0000	0.0000
0.9911	0.0089
1.0000	0.0000
0.0000	1.0000
1.0000	0.0000
1.0000	0.0000
1.0000	0.0000
1.0000	0.0000
1.0000	0.0000
1.0000	0.0000
0.0000	1.0000
1.0000	0.0000
1.0000	0.0000
1.0000	0.0000
0.0000	1.0000
1.0000	0.0000
1.0000	0.0000
0.9961	0.0039
1.0000	0.0000
1.0000	0.0000
1.0000	0.0000
0.0000	1.0000
0.0011	0.9989
1.0000	0.0000
0.0000	1.0000
1.0000	0.0000
1.0000	0.0000
1.0000	0.0000
0.0084	0.9916
1.0000	0.0000
0.0009	0.9991
0.0000	1.0000
0.0000	1.0000
0.9503	0.0497
1.0000	0.0000
0.0000	1.0000
0.0006	0.9994
0.9996	0.0004
0.0740	0.9260
1.0000	0.0000
0.8970	0.1030
1.0000	0.0000
0.9996	0.0004
1.0000	0.0000
0.0001	0.9999
1.0000	0.0000
0.4270	0.5730
0.0006	0.9994
1.0000	0.0000
1.0000	0.0000
1.0000	0.0000
0.0000	1.0000
0.0000	1.0000
1.0000	0.0000
0.0000	1.0000
1.0000	0.0000
1.0000	0.0000
1.0000	0.0000
1.0000	0.0000
1.0000	0.0000
1.0000	0.0000
1.0000	0.0000
1.0000	0.0000
1.0000	0.0000
0.9990	0.0010
0.0000	1.0000
1.0000	0.0000
0.9741	0.0259
1.0000	0.0000
0.9962	0.0038
1.0000	0.0000
1.0000	0.0000
1.0000	0.0000
0.0000	1.0000
1.0000	0.0000
0.9757	0.0243
1.0000	0.0000
1.0000	0.0000
0.0000	1.0000
1.0000	0.0000
1.0000	0.0000
0.0000	1.0000
1.0000	0.0000
1.0000	0.0000
0.0000	1.0000
0.1793	0.8207
1.0000	0.0000
0.9275	0.0725
1.0000	0.0000
1.0000	0.0000
1.0000	0.0000
1.0000	0.0000
1.0000	0.0000
1.0000	0.0000
1.0000	0.0000
1.0000	0.0000
0.0000	1.0000
0.0000	1.0000
1.0000	0.0000
1.0000	0.0000
1.0000	0.0000
1.0000	0.0000
1.0000	0.0000
1.0000	0.0000
0.4957	0.5043
1.0000	0.0000
0.0000	1.0000
0.0000	1.0000
1.0000	0.0000
1.0000	0.0000
0.0000	1.0000
1.0000	0.0000
1.0000	0.0000
1.0000	0.0000
1.0000	0.0000
1.0000	0.0000
1.0000	0.0000
0.1490	0.8510
0.2359	0.7641
1.0000	0.0000
0.6217	0.3783
1.0000	0.0000
0.4451	0.5549
1.0000	0.0000
1.0000	0.0000
0.0003	0.9997
1.0000	0.0000
1.0000	0.0000
1.0000	0.0000
0.9960	0.0040
0.0002	0.9998
0.4203	0.5797
0.2579	0.7421
0.9775	0.0225
1.0000	0.0000
0.0000	1.0000
1.0000	0.0000
1.0000	0.0000
1.0000	0.0000
1.0000	0.0000
1.0000	0.0000
1.0000	0.0000
0.7978	0.2022
0.0072	0.9928
1.0000	0.0000
0.0000	1.0000
0.5235	0.4765
1.0000	0.0000
1.0000	0.0000
1.0000	0.0000
1.0000	0.0000
0.0000	1.0000
0.0000	1.0000
1.0000	0.0000
1.0000	0.0000
1.0000	0.0000
1.0000	0.0000
0.0006	0.9994
0.9999	0.0001
1.0000	0.0000
1.0000	0.0000
0.3503	0.6497
0.0000	1.0000
0.0018	0.9982
1.0000	0.0000
1.0000	0.0000
1.0000	0.0000
0.9999	0.0001
1.0000	0.0000
0.0000	1.0000
1.0000	0.0000
1.0000	0.0000
1.0000	0.0000
1.0000	0.0000
1.0000	0.0000
1.0000	0.0000
1.0000	0.0000
1.0000	0.0000
1.0000	0.0000
0.0000	1.0000
0.0000	1.0000
1.0000	0.0000
0.9994	0.0006
0.2365	0.7635
1.0000	0.0000
0.0000	1.0000
1.0000	0.0000
1.0000	0.0000
1.0000	0.0000
1.0000	0.0000
1.0000	0.0000
1.0000	0.0000
0.0000	1.0000
0.5791	0.4209
1.0000	0.0000
0.3936	0.6064
0.4635	0.5365
1.0000	0.0000
1.0000	0.0000
1.0000	0.0000
1.0000	0.0000
1.0000	0.0000
1.0000	0.0000
0.0000	1.0000
0.0001	0.9999
1.0000	0.0000
0.5466	0.4534
1.0000	0.0000
1.0000	0.0000
1.0000	0.0000
0.0000	1.0000
1.0000	0.0000
1.0000	0.0000
1.0000	0.0000
0.0306	0.9694
1.0000	0.0000
0.0000	1.0000
1.0000	0.0000
1.0000	0.0000
1.0000	0.0000
1.0000	0.0000
0.0004	0.9996
0.0000	1.0000
0.0165	0.9835
1.0000	0.0000
1.0000	0.0000
1.0000	0.0000
0.5329	0.4671
1.0000	0.0000
0.9315	0.0685
1.0000	0.0000
0.9997	0.0003
1.0000	0.0000
1.0000	0.0000
1.0000	0.0000
0.6873	0.3127
0.0005	0.9995
1.0000	0.0000
0.0005	0.9995
1.0000	0.0000
0.8866	0.1134
0.0196	0.9804
1.0000	0.0000
1.0000	0.0000
1.0000	0.0000
0.0004	0.9996
1.0000	0.0000
1.0000	0.0000
1.0000	0.0000
0.3727	0.6273
0.0000	1.0000
1.0000	0.0000
0.0000	1.0000
1.0000	0.0000
0.9999	0.0001
0.3813	0.6187
1.0000	0.0000
1.0000	0.0000
0.8261	0.1739
0.9797	0.0203
0.0000	1.0000
1.0000	0.0000
1.0000	0.0000
0.3813	0.6187
0.0011	0.9989
1.0000	0.0000
1.0000	0.0000
0.0178	0.9822
0.0000	1.0000
0.0000	1.0000
1.0000	0.0000
1.0000	0.0000
0.1186	0.8814
1.0000	0.0000
0.9244	0.0756
1.0000	0.0000
1.0000	0.0000
1.0000	0.0000
0.0000	1.0000
1.0000	0.0000
0.0000	1.0000
1.0000	0.0000
1.0000	0.0000
1.0000	0.0000
0.0000	1.0000
1.0000	0.0000
1.0000	0.0000
1.0000	0.0000
0.0000	1.0000
1.0000	0.0000
1.0000	0.0000
1.0000	0.0000
1.0000	0.0000
1.0000	0.0000
1.0000	0.0000
1.0000	0.0000
1.0000	0.0000
1.0000	0.0000
1.0000	0.0000
1.0000	0.0000
0.0000	1.0000
0.9957	0.0043
1.0000	0.0000
1.0000	0.0000
1.0000	0.0000
0.0000	1.0000
1.0000	0.0000
0.0000	1.0000
1.0000	0.0000
0.9998	0.0002
1.0000	0.0000
1.0000	0.0000
1.0000	0.0000
1.0000	0.0000
1.0000	0.0000
1.0000	0.0000
1.0000	0.0000
1.0000	0.0000
1.0000	0.0000
1.0000	0.0000
0.0000	1.0000
1.0000	0.0000
0.0000	1.0000
1.0000	0.0000
1.0000	0.0000
0.0000	1.0000
1.0000	0.0000
1.0000	0.0000
1.0000	0.0000
0.0000	1.0000
1.0000	0.0000
1.0000	0.0000
1.0000	0.0000
1.0000	0.0000
0.8671	0.1329
1.0000	0.0000
1.0000	0.0000
0.0000	1.0000
1.0000	0.0000
0.0061	0.9939
1.0000	0.0000
1.0000	0.0000
1.0000	0.0000
0.0000	1.0000
1.0000	0.0000
1.0000	0.0000
0.2600	0.7400
0.0000	1.0000
1.0000	0.0000
1.0000	0.0000
1.0000	0.0000
1.0000	0.0000
1.0000	0.0000
1.0000	0.0000
0.0000	1.0000
0.0007	0.9993
1.0000	0.0000
1.0000	0.0000
1.0000	0.0000
1.0000	0.0000
1.0000	0.0000
1.0000	0.0000
1.0000	0.0000
1.0000	0.0000
0.9998	0.0002
1.0000	0.0000
1.0000	0.0000
1.0000	0.0000
0.8980	0.1020
1.0000	0.0000
1.0000	0.0000
1.0000	0.0000
0.4611	0.5389
1.0000	0.0000
0.0065	0.9935
1.0000	0.0000
1.0000	0.0000
1.0000	0.0000
1.0000	0.0000
1.0000	0.0000
0.0003	0.9997
1.0000	0.0000
0.7855	0.2145
1.0000	0.0000
1.0000	0.0000
0.5444	0.4556
1.0000	0.0000
0.0000	1.0000
1.0000	0.0000
1.0000	0.0000
1.0000	0.0000
0.0000	1.0000
1.0000	0.0000
1.0000	0.0000
1.0000	0.0000
0.0000	1.0000
0.0029	0.9971
1.0000	0.0000
1.0000	0.0000
1.0000	0.0000
0.3813	0.6187
1.0000	0.0000
1.0000	0.0000
0.0000	1.0000
1.0000	0.0000
1.0000	0.0000
0.0000	1.0000
0.0001	0.9999
0.3997	0.6003
1.0000	0.0000
1.0000	0.0000
1.0000	0.0000
1.0000	0.0000
1.0000	0.0000
0.1555	0.8445
1.0000	0.0000
