1.0000	0.0000
0.9118	0.0882
1.0000	0.0000
1.0000	0.0000
1.0000	0.0000
0.2107	0.7893
1.0000	0.0000
1.0000	0.0000
1.0000	0.0000
1.0000	0.0000
1.0000	0.0000
0.1339	0.8661
1.0000	0.0000
1.0000	0.0000
0.2180	0.7820
1.0000	0.0000
0.9997	0.0003
1.0000	0.0000
1.0000	0.0000
1.0000	0.0000
1.0000	0.0000
1.0000	0.0000
0.0000	1.0000
1.0000	0.0000
1.0000	0.0000
1.0000	0.0000
1.0000	0.0000
0.0001	0.9999
0.9971	0.0029
1.0000	0.0000
0.0001	0.9999
1.0000	0.0000
1.0000	0.0000
1.0000	0.0000
0.0013	0.9987
1.0000	0.0000
1.0000	0.0000
1.0000	0.0000
1.0000	0.0000
1.0000	0.0000
1.0000	0.0000
1.0000	0.0000
1.0000	0.0000
1.0000	0.0000
0.9998	0.0002
1.0000	0.0000
1.0000	0.0000
1.0000	0.0000
0.5706	0.4294
1.0000	0.0000
0.0000	1.0000
1.0000	0.0000
0.8537	0.1463
1.0000	0.0000
1.0000	0.0000
1.0000	0.0000
1.0000	0.0000
0.0079	0.9921
1.0000	0.0000
1.0000	0.0000
1.0000	0.0000
0.8445	0.1555
1.0000	0.0000
1.0000	0.0000
1.0000	0.0000
1.0000	0.0000
1.0000	0.0000
1.0000	0.0000
0.3399	0.6601
0.1825	0.8175
1.0000	0.0000
0.1177	0.8823
1.0000	0.0000
1.0000	0.0000
0.7285	0.2715
0.0014	0.9986
1.0000	0.0000
0.0750	0.9250
0.0003	0.9997
0.9303	0.0697
0.9705	0.0295
1.0000	0.0000
0.0000	1.0000
0.2205	0.7795
1.0000	0.0000
1.0000	0.0000
1.0000	0.0000
0.9991	0.0009
1.0000	0.0000
1.0000	0.0000
1.0000	0.0000
0.0610	0.9390
1.0000	0.0000
0.2188	0.7812
0.0520	0.9480
1.0000	0.0000
1.0000	0.0000
1.0000	0.0000
0.0001	0.9999
0.0000	1.0000
1.0000	0.0000
0.0004	0.9996
1.0000	0.0000
1.0000	0.0000
1.0000	0.0000
1.0000	0.0000
0.9995	0.0005
1.0000	0.0000
1.0000	0.0000
1.0000	0.0000
1.0000	0.0000
0.3882	0.6118
0.3552	0.6448
1.0000	0.0000
0.8271	0.1729
1.0000	0.0000
0.0931	0.9069
1.0000	0.0000
1.0000	0.0000
1.0000	0.0000
0.0003	0.9997
1.0000	0.0000
1.0000	0.0000
1.0000	0.0000
1.0000	0.0000
0.0019	0.9981
1.0000	0.0000
1.0000	0.0000
0.0000	1.0000
1.0000	0.0000
1.0000	0.0000
0.1664	0.8336
0.3385	0.6615
0.9994	0.0006
0.9995	0.0005
1.0000	0.0000
1.0000	0.0000
1.0000	0.0000
0.9995	0.0005
1.0000	0.0000
1.0000	0.0000
1.0000	0.0000
1.0000	0.0000
0.0000	1.0000
0.0000	1.0000
1.0000	0.0000
1.0000	0.0000
0.6833	0.3167
1.0000	0.0000
1.0000	0.0000
1.0000	0.0000
0.2206	0.7794
1.0000	0.0000
0.0002	0.9998
0.0834	0.9166
1.0000	0.0000
1.0000	0.0000
0.0001	0.9999
1.0000	0.0000
1.0000	0.0000
1.0000	0.0000
1.0000	0.0000
1.0000	0.0000
1.0000	0.0000
0.9999	0.0001
0.3143	0.6857
1.0000	0.0000
1.0000	0.0000
1.0000	0.0000
1.0000	0.0000
1.0000	0.0000
1.0000	0.0000
0.0161	0.9839
1.0000	0.0000
1.0000	0.0000
1.0000	0.0000
1.0000	0.0000
0.0346	0.9654
0.0013	0.9987
0.0097	0.9903
0.9999	0.0001
0.9990	0.0010
0.0004	0.9996
1.0000	0.0000
1.0000	0.0000
1.0000	0.0000
1.0000	0.0000
1.0000	0.0000
1.0000	0.0000
1.0000	0.0000
1.0000	0.0000
1.0000	0.0000
0.0000	1.0000
0.9987	0.0013
1.0000	0.0000
1.0000	0.0000
1.0000	0.0000
1.0000	0.0000
1.0000	0.0000
0.0002	0.9998
1.0000	0.0000
0.9998	0.0002
1.0000	0.0000
1.0000	0.0000
0.6503	0.3497
1.0000	0.0000
1.0000	0.0000
1.0000	0.0000
0.4886	0.5114
0.0002	0.9998
0.0011	0.9989
1.0000	0.0000
1.0000	0.0000
1.0000	0.0000
0.0010	0.9990
1.0000	0.0000
0.0000	1.0000
1.0000	0.0000
1.0000	0.0000
1.0000	0.0000
1.0000	0.0000
1.0000	0.0000
1.0000	0.0000
1.0000	0.0000
1.0000	0.0000
1.0000	0.0000
0.0003	0.9997
0.5756	0.4244
1.0000	0.0000
0.9995	0.0005
0.1885	0.8115
1.0000	0.0000
0.0000	1.0000
1.0000	0.0000
0.9917	0.0083
1.0000	0.0000
1.0000	0.0000
1.0000	0.0000
1.0000	0.0000
0.0235	0.9765
0.9511	0.0489
1.0000	0.0000
0.9971	0.0029
0.2935	0.7065
1.0000	0.0000
1.0000	0.0000
1.0000	0.0000
1.0000	0.0000
1.0000	0.0000
1.0000	0.0000
0.0000	1.0000
0.0017	0.9983
1.0000	0.0000
0.9997	0.0003
0.9971	0.0029
1.0000	0.0000
1.0000	0.0000
0.9991	0.0009
1.0000	0.0000
1.0000	0.0000
1.0000	0.0000
0.9975	0.0025
1.0000	0.0000
0.0001	0.9999
1.0000	0.0000
1.0000	0.0000
1.0000	0.0000
0.3685	0.6315
0.9985	0.0015
0.0007	0.9993
0.2286	0.7714
1.0000	0.0000
1.0000	0.0000
1.0000	0.0000
0.9893	0.0107
1.0000	0.0000
1.0000	0.0000
1.0000	0.0000
0.9999	0.0001
1.0000	0.0000
1.0000	0.0000
1.0000	0.0000
0.0246	0.9754
0.3321	0.6679
1.0000	0.0000
1.0000	0.0000
1.0000	0.0000
0.0024	0.9976
0.0283	0.9717
0.9994	0.0006
1.0000	0.0000
1.0000	0.0000
0.2167	0.7833
1.0000	0.0000
1.0000	0.0000
1.0000	0.0000
0.9283	0.0717
0.0000	1.0000
1.0000	0.0000
0.0000	1.0000
1.0000	0.0000
0.9976	0.0024
0.2598	0.7402
1.0000	0.0000
1.0000	0.0000
0.0090	0.9910
0.9990	0.0010
0.0005	0.9995
1.0000	0.0000
1.0000	0.0000
0.9746	0.0254
0.1264	0.8736
1.0000	0.0000
1.0000	0.0000
0.0776	0.9224
0.0009	0.9991
0.0000	1.0000
1.0000	0.0000
1.0000	0.0000
0.9754	0.0246
1.0000	0.0000
1.0000	0.0000
1.0000	0.0000
1.0000	0.0000
1.0000	0.0000
0.0003	0.9997
1.0000	0.0000
0.5667	0.4333
1.0000	0.0000
1.0000	0.0000
1.0000	0.0000
0.0019	0.9981
1.0000	0.0000
1.0000	0.0000
1.0000	0.0000
0.0001	0.9999
1.0000	0.0000
1.0000	0.0000
0.0959	0.9041
1.0000	0.0000
1.0000	0.0000
1.0000	0.0000
1.0000	0.0000
1.0000	0.0000
1.0000	0.0000
1.0000	0.0000
1.0000	0.0000
0.0000	1.0000
0.9994	0.0006
1.0000	0.0000
1.0000	0.0000
1.0000	0.0000
0.0002	0.9998
1.0000	0.0000
0.9962	0.0038
1.0000	0.0000
0.7128	0.2872
1.0000	0.0000
1.0000	0.0000
1.0000	0.0000
1.0000	0.0000
1.0000	0.0000
1.0000	0.0000
1.0000	0.0000
1.0000	0.0000
1.0000	0.0000
1.0000	0.0000
0.0000	1.0000
1.0000	0.0000
0.0000	1.0000
1.0000	0.0000
1.0000	0.0000
0.0001	0.9999
1.0000	0.0000
1.0000	0.0000
1.0000	0.0000
0.0010	0.9990
1.0000	0.0000
1.0000	0.0000
1.0000	0.0000
1.0000	0.0000
1.0000	0.0000
1.0000	0.0000
1.0000	0.0000
0.1877	0.8123
1.0000	0.0000
0.0035	0.9965
1.0000	0.0000
0.9997	0.0003
1.0000	0.0000
0.8525	0.1475
1.0000	0.0000
1.0000	0.0000
0.9157	0.0843
0.3759	0.6241
1.0000	0.0000
1.0000	0.0000
1.0000	0.0000
1.0000	0.0000
1.0000	0.0000
1.0000	0.0000
1.0000	0.0000
0.1398	0.8602
1.0000	0.0000
0.9958	0.0042
1.0000	0.0000
1.0000	0.0000
1.0000	0.0000
1.0000	0.0000
1.0000	0.0000
0.9997	0.0003
0.9998	0.0002
1.0000	0.0000
1.0000	0.0000
1.0000	0.0000
0.0000	1.0000
1.0000	0.0000
1.0000	0.0000
0.7572	0.2428
0.4057	0.5943
1.0000	0.0000
0.0005	0.9995
1.0000	0.0000
1.0000	0.0000
1.0000	0.0000
1.0000	0.0000
1.0000	0.0000
0.9218	0.0782
1.0000	0.0000
0.9616	0.0384
1.0000	0.0000
1.0000	0.0000
0.7581	0.2419
1.0000	0.0000
0.0774	0.9226
1.0000	0.0000
1.0000	0.0000
1.0000	0.0000
0.9165	0.0835
1.0000	0.0000
1.0000	0.0000
0.9767	0.0233
0.0003	0.9997
0.1942	0.8058
1.0000	0.0000
1.0000	0.0000
0.9999	0.0001
0.9611	0.0389
1.0000	0.0000
1.0000	0.0000
0.0006	0.9994
1.0000	0.0000
1.0000	0.0000
0.9887	0.0113
0.9778	0.0222
0.9036	0.0964
1.0000	0.0000
1.0000	0.0000
1.0000	0.0000
1.0000	0.0000
0.9998	0.0002
0.9843	0.0157
1.0000	0.0000
