0.0099	0.9901	0.0000	0.0000	0.0000	0.0000
1.0000	0.0000	0.0000	0.0000	0.0000	0.0000
0.0010	0.9989	0.0000	0.0000	0.0001	0.0000
0.0001	0.8382	0.0000	0.0000	0.1616	0.0001
1.0000	0.0000	0.0000	0.0000	0.0000	0.0000
0.0330	0.9669	0.0000	0.0000	0.0001	0.0000
1.0000	0.0000	0.0000	0.0000	0.0000	0.0000
0.9834	0.0165	0.0000	0.0000	0.0001	0.0000
0.9952	0.0048	0.0000	0.0000	0.0000	0.0000
0.0000	1.0000	0.0000	0.0000	0.0000	0.0000
0.0000	0.0000	0.0000	1.0000	0.0000	0.0000
0.0000	0.0000	1.0000	0.0000	0.0000	0.0000
0.0000	0.0000	1.0000	0.0000	0.0000	0.0000
0.0000	0.0000	0.0000	1.0000	0.0000	0.0000
0.1458	0.0000	0.0044	0.8499	0.0000	0.0000
0.0000	0.0000	0.0000	0.9951	0.0000	0.0049
0.0035	0.0000	0.0018	0.9944	0.0003	0.0000
0.0000	0.0000	1.0000	0.0000	0.0000	0.0000
0.0000	0.0000	1.0000	0.0000	0.0000	0.0000
0.0000	0.0000	1.0000	0.0000	0.0000	0.0000
0.0000	0.0000	1.0000	0.0000	0.0000	0.0000
0.0000	0.0000	0.0142	0.9858	0.0000	0.0000
0.0000	0.0035	0.0000	0.0000	0.9955	0.0009
0.0000	0.0000	0.0000	0.0000	0.0000	1.0000
0.0015	0.0001	0.0000	0.0000	0.9984	0.0000
0.0000	0.0003	0.0000	0.0000	0.9986	0.0012
0.0000	0.0000	0.0000	0.0000	0.0000	1.0000
0.0000	0.0000	0.0000	0.0000	0.9766	0.0234
0.0000	0.0000	0.0000	0.0000	1.0000	0.0000
0.0000	0.0000	0.0000	0.0000	0.9818	0.0182
0.0000	0.0000	0.0000	0.0000	0.9994	0.0006
0.0000	0.0000	0.0000	0.0000	0.0000	1.0000
0.0001	0.9772	0.0000	0.0000	0.0227	0.0000
