0.7991	0.1999	0.0000	0.0000	0.0010	0.0000	0.0000	0.0000	0.0000	0.0000	0.0000	0.0000
1.0000	0.0000	0.0000	0.0000	0.0000	0.0000	0.0000	0.0000	0.0000	0.0000	0.0000	0.0000
0.2104	0.7677	0.0000	0.0000	0.0219	0.0000	0.0000	0.0000	0.0000	0.0000	0.0000	0.0000
0.0050	0.0840	0.0000	0.0000	0.9109	0.0001	0.0000	0.0000	0.0000	0.0000	0.0000	0.0000
0.9982	0.0017	0.0000	0.0000	0.0001	0.0000	0.0000	0.0000	0.0000	0.0000	0.0000	0.0000
0.8303	0.1675	0.0000	0.0000	0.0022	0.0000	0.0000	0.0000	0.0000	0.0000	0.0000	0.0000
0.9985	0.0000	0.0000	0.0000	0.0015	0.0000	0.0000	0.0000	0.0000	0.0000	0.0000	0.0000
0.9996	0.0002	0.0000	0.0000	0.0002	0.0000	0.0000	0.0000	0.0000	0.0000	0.0000	0.0000
0.8915	0.1084	0.0000	0.0000	0.0001	0.0000	0.0000	0.0000	0.0000	0.0000	0.0000	0.0000
0.0002	0.9997	0.0000	0.0000	0.0000	0.0000	0.0000	0.0000	0.0000	0.0000	0.0000	0.0000
0.0010	0.0000	0.0000	0.9990	0.0000	0.0000	0.0000	0.0000	0.0000	0.0000	0.0000	0.0000
0.0000	0.0000	1.0000	0.0000	0.0000	0.0000	0.0000	0.0000	0.0000	0.0000	0.0000	0.0000
0.0000	0.0000	1.0000	0.0000	0.0000	0.0000	0.0000	0.0000	0.0000	0.0000	0.0000	0.0000
0.0000	0.0000	0.0362	0.9638	0.0000	0.0000	0.0000	0.0000	0.0000	0.0000	0.0000	0.0000
0.0754	0.0000	0.0001	0.9245	0.0000	0.0000	0.0000	0.0000	0.0000	0.0000	0.0000	0.0000
0.0000	0.0000	0.0002	0.9995	0.0000	0.0003	0.0000	0.0000	0.0000	0.0000	0.0000	0.0000
0.0003	0.0000	0.0000	0.9996	0.0000	0.0000	0.0000	0.0000	0.0000	0.0000	0.0000	0.0000
0.0000	0.0000	1.0000	0.0000	0.0000	0.0000	0.0000	0.0000	0.0000	0.0000	0.0000	0.0000
0.0000	0.0000	1.0000	0.0000	0.0000	0.0000	0.0000	0.0000	0.0000	0.0000	0.0000	0.0000
0.0000	0.0000	1.0000	0.0000	0.0000	0.0000	0.0000	0.0000	0.0000	0.0000	0.0000	0.0000
0.0000	0.0000	1.0000	0.0000	0.0000	0.0000	0.0000	0.0000	0.0000	0.0000	0.0000	0.0000
0.0000	0.0000	0.8065	0.1935	0.0000	0.0000	0.0000	0.0000	0.0000	0.0000	0.0000	0.0000
0.0001	0.0000	0.0000	0.0000	0.9989	0.0010	0.0000	0.0000	0.0000	0.0000	0.0000	0.0000
0.0000	0.0000	0.0000	0.0000	0.0000	1.0000	0.0000	0.0000	0.0000	0.0000	0.0000	0.0000
0.0651	0.0000	0.0000	0.0000	0.9349	0.0000	0.0000	0.0000	0.0000	0.0000	0.0000	0.0000
0.0000	0.0121	0.0000	0.0000	0.9676	0.0202	0.0000	0.0000	0.0000	0.0000	0.0000	0.0000
0.0000	0.0000	0.0000	0.0000	0.0001	0.9999	0.0000	0.0000	0.0000	0.0000	0.0000	0.0000
0.0000	0.0000	0.0000	0.0026	0.5213	0.4761	0.0000	0.0000	0.0000	0.0000	0.0000	0.0000
0.0009	0.0000	0.0000	0.0000	0.9990	0.0000	0.0000	0.0000	0.0000	0.0000	0.0000	0.0000
0.0000	0.0000	0.0000	0.0020	0.8069	0.1911	0.0000	0.0000	0.0000	0.0000	0.0000	0.0000
0.0000	0.0000	0.0000	0.0000	0.9875	0.0125	0.0000	0.0000	0.0000	0.0000	0.0000	0.0000
0.0000	0.0000	0.0000	0.0000	0.0000	1.0000	0.0000	0.0000	0.0000	0.0000	0.0000	0.0000
0.0027	0.9154	0.0000	0.0000	0.0818	0.0000	0.0000	0.0000	0.0000	0.0000	0.0000	0.0000
