0.9173	0.0827	0.0000	0.0000	0.0000	0.0000
1.0000	0.0000	0.0000	0.0000	0.0000	0.0000
0.9824	0.0176	0.0000	0.0000	0.0000	0.0000
0.9999	0.0001	0.0000	0.0000	0.0000	0.0000
1.0000	0.0000	0.0000	0.0000	0.0000	0.0000
0.9939	0.0059	0.0000	0.0001	0.0001	0.0000
1.0000	0.0000	0.0000	0.0000	0.0000	0.0000
0.9961	0.0039	0.0000	0.0000	0.0000	0.0000
0.0002	0.9998	0.0000	0.0000	0.0000	0.0000
0.0012	0.9988	0.0000	0.0000	0.0000	0.0000
0.0000	0.0000	1.0000	0.0000	0.0000	0.0000
0.0000	0.0000	0.1059	0.8941	0.0000	0.0000
0.0000	0.0000	0.9947	0.0044	0.0000	0.0009
0.0036	0.0000	0.0001	0.9963	0.0000	0.0000
0.0000	0.0000	0.9735	0.0261	0.0000	0.0004
0.0000	0.0000	1.0000	0.0000	0.0000	0.0000
0.0000	0.0000	1.0000	0.0000	0.0000	0.0000
0.0000	0.0000	1.0000	0.0000	0.0000	0.0000
0.0000	0.0000	1.0000	0.0000	0.0000	0.0000
0.0000	0.0000	1.0000	0.0000	0.0000	0.0000
0.0000	0.0000	1.0000	0.0000	0.0000	0.0000
0.0000	0.0000	0.0001	0.9999	0.0000	0.0000
0.0000	0.0000	0.0000	0.0000	0.9998	0.0002
0.0000	0.0000	0.0000	0.0000	0.1476	0.8524
0.0000	0.0000	0.0000	0.0000	0.0001	0.9999
0.0000	0.0000	0.0000	0.0000	1.0000	0.0000
0.0000	0.0017	0.0000	0.0000	0.9982	0.0001
0.0000	0.0000	0.0000	0.0000	0.6493	0.3507
0.0000	0.0000	0.0000	0.0000	0.0927	0.9073
0.0000	0.0000	0.0000	0.0000	1.0000	0.0000
0.0007	0.4452	0.0000	0.0000	0.5540	0.0001
0.0000	0.0449	0.0000	0.0000	0.9550	0.0001
0.0000	0.0000	0.0000	0.0000	0.0000	1.0000
