0.5057	0.4904	0.0001	0.0010	0.0027	0.0000	0.0000	0.0000	0.0000	0.0000	0.0000	0.0000
0.3632	0.6127	0.0003	0.0024	0.0209	0.0003	0.0000	0.0000	0.0000	0.0000	0.0000	0.0000
0.7166	0.2810	0.0001	0.0016	0.0007	0.0000	0.0000	0.0000	0.0000	0.0000	0.0000	0.0000
0.3379	0.6547	0.0001	0.0006	0.0066	0.0000	0.0000	0.0000	0.0000	0.0000	0.0000	0.0000
0.1836	0.7520	0.0003	0.0010	0.0621	0.0007	0.0001	0.0000	0.0000	0.0000	0.0000	0.0000
0.8850	0.1097	0.0002	0.0049	0.0002	0.0000	0.0000	0.0000	0.0000	0.0000	0.0000	0.0000
0.3278	0.6653	0.0001	0.0004	0.0063	0.0000	0.0000	0.0000	0.0000	0.0000	0.0000	0.0000
0.9001	0.0938	0.0002	0.0057	0.0002	0.0000	0.0000	0.0000	0.0000	0.0000	0.0000	0.0000
0.5527	0.4448	0.0001	0.0009	0.0015	0.0000	0.0000	0.0000	0.0000	0.0000	0.0000	0.0000
0.8320	0.1626	0.0002	0.0047	0.0004	0.0000	0.0000	0.0000	0.0000	0.0000	0.0000	0.0000
0.0000	0.0000	0.9827	0.0173	0.0000	0.0000	0.0000	0.0000	0.0000	0.0000	0.0000	0.0000
0.0032	0.0000	0.0001	0.9967	0.0000	0.0000	0.0000	0.0000	0.0000	0.0000	0.0000	0.0000
0.0000	0.0000	1.0000	0.0000	0.0000	0.0000	0.0000	0.0000	0.0000	0.0000	0.0000	0.0000
0.0000	0.0000	0.3970	0.6029	0.0000	0.0000	0.0000	0.0000	0.0000	0.0000	0.0000	0.0000
0.0072	0.0000	0.0011	0.9916	0.0000	0.0000	0.0000	0.0000	0.0000	0.0000	0.0000	0.0000
0.0004	0.0000	0.0028	0.9968	0.0000	0.0000	0.0000	0.0000	0.0000	0.0000	0.0000	0.0000
0.0000	0.0000	0.9980	0.0020	0.0000	0.0000	0.0000	0.0000	0.0000	0.0000	0.0000	0.0000
0.0000	0.0000	0.9941	0.0059	0.0000	0.0000	0.0000	0.0000	0.0000	0.0000	0.0000	0.0000
0.0000	0.0000	0.9996	0.0004	0.0000	0.0000	0.0000	0.0000	0.0000	0.0000	0.0000	0.0000
0.0005	0.0000	0.0002	0.9993	0.0000	0.0000	0.0000	0.0000	0.0000	0.0000	0.0000	0.0000
0.0019	0.0000	0.0039	0.9943	0.0000	0.0000	0.0000	0.0000	0.0000	0.0000	0.0000	0.0000
0.0000	0.0000	0.9999	0.0001	0.0000	0.0000	0.0000	0.0000	0.0000	0.0000	0.0000	0.0000
0.0150	0.1384	0.0003	0.0015	0.7507	0.0934	0.0001	0.0001	0.0001	0.0001	0.0001	0.0001
0.0123	0.0665	0.0004	0.0035	0.6592	0.2574	0.0001	0.0001	0.0001	0.0001	0.0001	0.0001
0.0000	0.0000	0.0000	0.0001	0.0095	0.9904	0.0000	0.0000	0.0000	0.0000	0.0000	0.0000
0.0005	0.0021	0.0001	0.0016	0.1519	0.8435	0.0000	0.0000	0.0000	0.0000	0.0000	0.0000
0.0010	0.0025	0.0002	0.0031	0.1489	0.8442	0.0000	0.0000	0.0000	0.0000	0.0000	0.0000
0.0000	0.0002	0.0000	0.0002	0.0687	0.9308	0.0000	0.0000	0.0000	0.0000	0.0000	0.0000
0.0018	0.0230	0.0001	0.0006	0.7004	0.2737	0.0001	0.0000	0.0000	0.0000	0.0000	0.0000
0.0670	0.0512	0.0067	0.0982	0.2205	0.5523	0.0008	0.0007	0.0007	0.0006	0.0007	0.0007
0.0000	0.0001	0.0000	0.0003	0.0249	0.9747	0.0000	0.0000	0.0000	0.0000	0.0000	0.0000
0.0001	0.0000	0.0001	0.0025	0.0063	0.9910	0.0000	0.0000	0.0000	0.0000	0.0000	0.0000
0.0000	0.0000	0.0000	0.0000	0.0000	1.0000	0.0000	0.0000	0.0000	0.0000	0.0000	0.0000
