0.0150	0.9850	0.0000	0.0000	0.0000	0.0000
0.8650	0.0543	0.0000	0.0000	0.0806	0.0000
0.9918	0.0082	0.0000	0.0000	0.0000	0.0000
0.0000	1.0000	0.0000	0.0000	0.0000	0.0000
0.0104	0.7799	0.0000	0.0000	0.2097	0.0000
1.0000	0.0000	0.0000	0.0000	0.0000	0.0000
0.0005	0.9995	0.0000	0.0000	0.0000	0.0000
1.0000	0.0000	0.0000	0.0000	0.0000	0.0000
0.0000	1.0000	0.0000	0.0000	0.0000	0.0000
0.9440	0.0560	0.0000	0.0000	0.0000	0.0000
0.0000	0.0000	0.9980	0.0020	0.0000	0.0000
0.0015	0.0000	0.0000	0.9985	0.0000	0.0000
0.0000	0.0000	1.0000	0.0000	0.0000	0.0000
0.0000	0.0000	0.9998	0.0002	0.0000	0.0000
0.0000	0.0000	0.0000	1.0000	0.0000	0.0000
0.0000	0.0000	0.0000	1.0000	0.0000	0.0000
0.0000	0.0000	1.0000	0.0000	0.0000	0.0000
0.0000	0.0000	1.0000	0.0000	0.0000	0.0000
0.0000	0.0000	1.0000	0.0000	0.0000	0.0000
0.0000	0.0000	0.0000	1.0000	0.0000	0.0000
0.0000	0.0000	0.0000	1.0000	0.0000	0.0000
0.0000	0.0000	1.0000	0.0000	0.0000	0.0000
0.0000	0.0000	0.0000	0.0000	0.9998	0.0002
0.0000	0.0000	0.0000	0.0000	1.0000	0.0000
0.0000	0.0000	0.0000	0.0000	0.2324	0.7676
0.0000	0.0000	0.0000	0.0000	0.0166	0.9834
0.0000	0.0000	0.0000	0.0000	0.0018	0.9982
0.0000	0.0000	0.0000	0.0000	0.0006	0.9994
0.0000	0.0000	0.0000	0.0000	0.9970	0.0030
0.0000	0.0000	0.0000	0.2979	0.0000	0.7021
0.0000	0.0000	0.0000	0.0000	0.0000	1.0000
0.0000	0.0000	0.0000	0.0000	0.0000	1.0000
0.0000	0.0000	0.0000	0.0000	0.0000	1.0000
