0.0790	0.9210	0.0000	0.0000	0.0000	0.0000
0.0013	0.9983	0.0000	0.0000	0.0004	0.0000
0.3344	0.6656	0.0000	0.0000	0.0000	0.0000
0.0002	0.9998	0.0000	0.0000	0.0000	0.0000
0.0017	0.9628	0.0000	0.0000	0.0356	0.0000
0.9998	0.0002	0.0000	0.0000	0.0000	0.0000
0.0059	0.9940	0.0000	0.0000	0.0001	0.0000
1.0000	0.0000	0.0000	0.0000	0.0000	0.0000
0.0014	0.9986	0.0000	0.0000	0.0000	0.0000
0.0209	0.9791	0.0000	0.0000	0.0000	0.0000
0.0000	0.0000	1.0000	0.0000	0.0000	0.0000
0.0004	0.0000	0.0000	0.9996	0.0000	0.0000
0.0000	0.0000	1.0000	0.0000	0.0000	0.0000
0.0000	0.0000	1.0000	0.0000	0.0000	0.0000
0.0002	0.0000	0.0000	0.9998	0.0000	0.0000
0.0000	0.0000	0.0000	1.0000	0.0000	0.0000
0.0000	0.0000	1.0000	0.0000	0.0000	0.0000
0.0000	0.0000	1.0000	0.0000	0.0000	0.0000
0.0000	0.0000	1.0000	0.0000	0.0000	0.0000
0.0000	0.0000	0.0000	1.0000	0.0000	0.0000
0.0005	0.0000	0.0000	0.9995	0.0000	0.0000
0.0000	0.0000	1.0000	0.0000	0.0000	0.0000
0.0000	0.0001	0.0000	0.0000	0.9999	0.0000
0.0000	0.0001	0.0000	0.0000	0.9999	0.0000
0.0000	0.0000	0.0000	0.0000	0.9621	0.0379
0.0000	0.0000	0.0001	0.0000	0.0643	0.9356
0.0000	0.0000	0.0000	0.0000	0.0079	0.9920
0.0000	0.0000	0.0000	0.0000	0.0002	0.9998
0.0000	0.0000	0.0001	0.0000	0.7078	0.2921
0.0000	0.0000	0.0536	0.1766	0.0015	0.7682
0.0000	0.0000	0.0000	0.0000	0.0100	0.9900
0.0000	0.0000	0.0000	0.0000	0.0000	1.0000
0.0000	0.0000	0.0000	0.0000	0.0000	1.0000
