0.3449	0.6534	0.0000	0.0001	0.0016	0.0000	0.0000	0.0000	0.0000	0.0000	0.0000	0.0000
0.9083	0.0914	0.0000	0.0000	0.0003	0.0000	0.0000	0.0000	0.0000	0.0000	0.0000	0.0000
0.9993	0.0007	0.0000	0.0000	0.0000	0.0000	0.0000	0.0000	0.0000	0.0000	0.0000	0.0000
0.3705	0.6283	0.0000	0.0000	0.0012	0.0000	0.0000	0.0000	0.0000	0.0000	0.0000	0.0000
0.0576	0.9272	0.0000	0.0002	0.0149	0.0001	0.0000	0.0000	0.0000	0.0000	0.0000	0.0000
0.0008	0.0935	0.0000	0.0011	0.8918	0.0127	0.0000	0.0000	0.0000	0.0000	0.0000	0.0000
0.0864	0.9100	0.0000	0.0000	0.0035	0.0000	0.0000	0.0000	0.0000	0.0000	0.0000	0.0000
0.6236	0.3746	0.0000	0.0002	0.0016	0.0000	0.0000	0.0000	0.0000	0.0000	0.0000	0.0000
0.8822	0.1149	0.0000	0.0003	0.0025	0.0000	0.0000	0.0000	0.0000	0.0000	0.0000	0.0000
0.5257	0.4726	0.0000	0.0001	0.0015	0.0000	0.0000	0.0000	0.0000	0.0000	0.0000	0.0000
0.0000	0.0000	0.9998	0.0002	0.0000	0.0000	0.0000	0.0000	0.0000	0.0000	0.0000	0.0000
0.0000	0.0000	1.0000	0.0000	0.0000	0.0000	0.0000	0.0000	0.0000	0.0000	0.0000	0.0000
0.0000	0.0000	1.0000	0.0000	0.0000	0.0000	0.0000	0.0000	0.0000	0.0000	0.0000	0.0000
0.0000	0.0000	1.0000	0.0000	0.0000	0.0000	0.0000	0.0000	0.0000	0.0000	0.0000	0.0000
0.0000	0.0000	0.9993	0.0007	0.0000	0.0000	0.0000	0.0000	0.0000	0.0000	0.0000	0.0000
0.0000	0.0000	0.0000	1.0000	0.0000	0.0000	0.0000	0.0000	0.0000	0.0000	0.0000	0.0000
0.0000	0.0000	0.0000	1.0000	0.0000	0.0000	0.0000	0.0000	0.0000	0.0000	0.0000	0.0000
0.0000	0.0000	0.0001	0.9999	0.0000	0.0000	0.0000	0.0000	0.0000	0.0000	0.0000	0.0000
0.0000	0.0000	0.0009	0.9991	0.0000	0.0000	0.0000	0.0000	0.0000	0.0000	0.0000	0.0000
0.0000	0.0000	1.0000	0.0000	0.0000	0.0000	0.0000	0.0000	0.0000	0.0000	0.0000	0.0000
0.0000	0.0000	0.1350	0.8650	0.0000	0.0000	0.0000	0.0000	0.0000	0.0000	0.0000	0.0000
0.0000	0.0000	0.0000	1.0000	0.0000	0.0000	0.0000	0.0000	0.0000	0.0000	0.0000	0.0000
0.0000	0.0000	0.0000	0.0003	0.0042	0.9955	0.0000	0.0000	0.0000	0.0000	0.0000	0.0000
0.0008	0.0001	0.0001	0.0192	0.9760	0.0038	0.0000	0.0000	0.0000	0.0000	0.0000	0.0000
0.0000	0.0000	0.0000	0.0004	0.0016	0.9979	0.0000	0.0000	0.0000	0.0000	0.0000	0.0000
0.0002	0.0035	0.0003	0.0064	0.9249	0.0646	0.0000	0.0000	0.0000	0.0000	0.0000	0.0000
0.0000	0.0000	0.0000	0.0018	0.1489	0.8493	0.0000	0.0000	0.0000	0.0000	0.0000	0.0000
0.0000	0.0015	0.0000	0.0001	0.9925	0.0058	0.0000	0.0000	0.0000	0.0000	0.0000	0.0000
0.0000	0.0000	0.0000	0.0000	0.0300	0.9699	0.0000	0.0000	0.0000	0.0000	0.0000	0.0000
0.0000	0.0000	0.0000	0.0000	0.0060	0.9940	0.0000	0.0000	0.0000	0.0000	0.0000	0.0000
0.0000	0.0000	0.0000	0.0004	0.0046	0.9950	0.0000	0.0000	0.0000	0.0000	0.0000	0.0000
0.0022	0.2769	0.0000	0.0002	0.7177	0.0030	0.0000	0.0000	0.0000	0.0000	0.0000	0.0000
0.0000	0.0000	0.0000	0.0000	0.0000	1.0000	0.0000	0.0000	0.0000	0.0000	0.0000	0.0000
