0.8944	0.1056	0.0000	0.0000	0.0000	0.0000
1.0000	0.0000	0.0000	0.0000	0.0000	0.0000
1.0000	0.0000	0.0000	0.0000	0.0000	0.0000
0.9812	0.0188	0.0000	0.0000	0.0000	0.0000
0.1183	0.8807	0.0000	0.0000	0.0010	0.0000
0.1062	0.0263	0.0001	0.0003	0.8328	0.0344
0.2661	0.7337	0.0000	0.0000	0.0002	0.0000
0.9989	0.0011	0.0000	0.0000	0.0000	0.0000
1.0000	0.0000	0.0000	0.0000	0.0000	0.0000
0.7450	0.2549	0.0000	0.0000	0.0001	0.0000
0.0000	0.0000	1.0000	0.0000	0.0000	0.0000
0.0000	0.0000	1.0000	0.0000	0.0000	0.0000
0.0000	0.0000	1.0000	0.0000	0.0000	0.0000
0.0000	0.0000	1.0000	0.0000	0.0000	0.0000
0.0000	0.0000	1.0000	0.0000	0.0000	0.0000
0.0000	0.0000	0.0000	1.0000	0.0000	0.0000
0.0000	0.0000	0.0000	1.0000	0.0000	0.0000
0.0000	0.0000	0.0001	0.9999	0.0000	0.0000
0.0002	0.0000	0.0727	0.9271	0.0000	0.0000
0.0000	0.0000	1.0000	0.0000	0.0000	0.0000
0.0000	0.0000	0.9999	0.0001	0.0000	0.0000
0.0000	0.0000	0.0000	1.0000	0.0000	0.0000
0.0000	0.0000	0.0000	0.0000	0.0008	0.9992
0.6653	0.0000	0.0003	0.0015	0.1336	0.1994
0.0000	0.0000	0.0000	0.0000	0.0000	1.0000
0.0167	0.0007	0.0011	0.0012	0.6287	0.3515
0.0000	0.0000	0.0000	0.0000	0.0019	0.9981
0.0000	0.0000	0.0000	0.0000	0.9994	0.0005
0.0000	0.0000	0.0000	0.0000	0.0674	0.9326
0.0000	0.0000	0.0000	0.0000	0.0130	0.9870
0.0000	0.0000	0.0000	0.0000	0.0000	1.0000
0.0032	0.0965	0.0000	0.0000	0.9002	0.0001
0.0000	0.0000	0.0000	0.0000	0.0000	1.0000
