1.0000	0.0000	0.0000	0.0000	0.0000	0.0000	0.0000	0.0000	0.0000	0.0000	0.0000	0.0000
0.8429	0.1539	0.0000	0.0000	0.0032	0.0000	0.0000	0.0000	0.0000	0.0000	0.0000	0.0000
0.8943	0.1049	0.0000	0.0000	0.0008	0.0000	0.0000	0.0000	0.0000	0.0000	0.0000	0.0000
0.7429	0.2556	0.0000	0.0000	0.0015	0.0000	0.0000	0.0000	0.0000	0.0000	0.0000	0.0000
0.1221	0.8692	0.0000	0.0000	0.0088	0.0000	0.0000	0.0000	0.0000	0.0000	0.0000	0.0000
0.0461	0.8731	0.0000	0.0000	0.0807	0.0000	0.0000	0.0000	0.0000	0.0000	0.0000	0.0000
0.9962	0.0037	0.0000	0.0000	0.0001	0.0000	0.0000	0.0000	0.0000	0.0000	0.0000	0.0000
0.1399	0.8198	0.0000	0.0000	0.0403	0.0000	0.0000	0.0000	0.0000	0.0000	0.0000	0.0000
0.6480	0.3462	0.0000	0.0000	0.0058	0.0000	0.0000	0.0000	0.0000	0.0000	0.0000	0.0000
0.3977	0.5838	0.0000	0.0000	0.0185	0.0000	0.0000	0.0000	0.0000	0.0000	0.0000	0.0000
0.0000	0.0000	1.0000	0.0000	0.0000	0.0000	0.0000	0.0000	0.0000	0.0000	0.0000	0.0000
0.0000	0.0000	1.0000	0.0000	0.0000	0.0000	0.0000	0.0000	0.0000	0.0000	0.0000	0.0000
0.0000	0.0000	0.0050	0.9950	0.0000	0.0000	0.0000	0.0000	0.0000	0.0000	0.0000	0.0000
0.0017	0.0034	0.0026	0.9923	0.0000	0.0000	0.0000	0.0000	0.0000	0.0000	0.0000	0.0000
0.0000	0.0000	0.0007	0.9993	0.0000	0.0000	0.0000	0.0000	0.0000	0.0000	0.0000	0.0000
0.0000	0.0000	0.0654	0.9346	0.0000	0.0000	0.0000	0.0000	0.0000	0.0000	0.0000	0.0000
0.0000	0.0000	0.9879	0.0121	0.0000	0.0000	0.0000	0.0000	0.0000	0.0000	0.0000	0.0000
0.0000	0.0000	1.0000	0.0000	0.0000	0.0000	0.0000	0.0000	0.0000	0.0000	0.0000	0.0000
0.0000	0.0000	0.0004	0.9984	0.0000	0.0012	0.0000	0.0000	0.0000	0.0000	0.0000	0.0000
0.0000	0.0000	1.0000	0.0000	0.0000	0.0000	0.0000	0.0000	0.0000	0.0000	0.0000	0.0000
0.0000	0.0000	0.0001	0.9999	0.0000	0.0000	0.0000	0.0000	0.0000	0.0000	0.0000	0.0000
0.0000	0.0000	0.0000	1.0000	0.0000	0.0000	0.0000	0.0000	0.0000	0.0000	0.0000	0.0000
0.0000	0.0002	0.0000	0.0001	0.9782	0.0216	0.0000	0.0000	0.0000	0.0000	0.0000	0.0000
0.0000	0.0045	0.0000	0.0002	0.9842	0.0111	0.0000	0.0000	0.0000	0.0000	0.0000	0.0000
0.0000	0.0019	0.0001	0.0017	0.8401	0.1562	0.0000	0.0000	0.0000	0.0000	0.0000	0.0000
0.0000	0.0027	0.0000	0.0000	0.9947	0.0026	0.0000	0.0000	0.0000	0.0000	0.0000	0.0000
0.0000	0.0019	0.0000	0.0000	0.9953	0.0027	0.0000	0.0000	0.0000	0.0000	0.0000	0.0000
0.0000	0.0019	0.0003	0.0070	0.9550	0.0357	0.0000	0.0000	0.0000	0.0000	0.0000	0.0000
0.0001	0.0059	0.0000	0.0000	0.9937	0.0003	0.0000	0.0000	0.0000	0.0000	0.0000	0.0000
0.0000	0.0002	0.0000	0.0000	0.9982	0.0016	0.0000	0.0000	0.0000	0.0000	0.0000	0.0000
0.0047	0.0029	0.0000	0.0000	0.9922	0.0001	0.0000	0.0000	0.0000	0.0000	0.0000	0.0000
0.0000	0.0000	0.0000	0.0004	0.0214	0.9782	0.0000	0.0000	0.0000	0.0000	0.0000	0.0000
0.0000	0.0000	0.0000	0.0001	0.0027	0.9972	0.0000	0.0000	0.0000	0.0000	0.0000	0.0000
