0.0000	0.0000	0.0000	0.0000	1.0000	0.0000
0.2866	0.7131	0.0000	0.0000	0.0003	0.0000
0.0067	0.9932	0.0000	0.0000	0.0001	0.0000
0.1167	0.1415	0.0000	0.0000	0.7418	0.0000
1.0000	0.0000	0.0000	0.0000	0.0000	0.0000
0.9997	0.0003	0.0000	0.0000	0.0000	0.0000
0.9993	0.0006	0.0000	0.0000	0.0000	0.0000
0.9999	0.0000	0.0000	0.0000	0.0001	0.0000
0.0014	0.9985	0.0000	0.0000	0.0001	0.0000
0.0003	0.9997	0.0000	0.0000	0.0000	0.0000
0.0000	0.0000	0.0268	0.9732	0.0000	0.0000
0.0000	0.0000	0.0005	0.9993	0.0000	0.0001
0.0000	0.0000	0.0000	1.0000	0.0000	0.0000
0.0000	0.0000	1.0000	0.0000	0.0000	0.0000
0.0000	0.0000	1.0000	0.0000	0.0000	0.0000
0.0000	0.0000	0.9998	0.0002	0.0000	0.0000
0.0000	0.0000	0.0000	1.0000	0.0000	0.0000
0.0000	0.0000	0.0000	1.0000	0.0000	0.0000
0.0000	0.0000	0.0000	1.0000	0.0000	0.0000
0.0000	0.0000	1.0000	0.0000	0.0000	0.0000
0.0000	0.0000	1.0000	0.0000	0.0000	0.0000
0.0000	0.0000	0.0000	1.0000	0.0000	0.0000
0.0000	0.0000	0.0000	0.0000	1.0000	0.0000
0.0000	0.0000	0.0000	0.0000	0.9990	0.0009
0.0000	0.0000	0.0000	0.0000	0.0311	0.9689
0.0000	0.0000	0.0000	0.0000	0.9902	0.0098
0.0000	0.0000	0.0000	0.0000	0.0000	1.0000
0.0000	0.0000	0.0000	0.0000	0.9232	0.0768
0.0000	0.0000	0.0000	0.0000	0.9999	0.0001
0.0000	0.0000	0.0000	0.0007	0.9992	0.0001
0.0000	0.0000	0.0000	0.0000	0.7992	0.2008
0.0000	0.0000	0.0000	0.0000	0.9996	0.0004
0.0000	0.0000	0.0000	0.0000	0.0000	1.0000
