0.0224	0.0006	0.0001	0.0005	0.9745	0.0019	0.0000	0.0000	0.0000	0.0000	0.0000	0.0000
0.9663	0.0268	0.0000	0.0001	0.0068	0.0000	0.0000	0.0000	0.0000	0.0000	0.0000	0.0000
0.8628	0.1267	0.0000	0.0001	0.0103	0.0000	0.0000	0.0000	0.0000	0.0000	0.0000	0.0000
0.7455	0.0231	0.0001	0.0007	0.2302	0.0003	0.0000	0.0000	0.0000	0.0000	0.0000	0.0000
0.9997	0.0001	0.0000	0.0000	0.0001	0.0000	0.0000	0.0000	0.0000	0.0000	0.0000	0.0000
0.9985	0.0006	0.0000	0.0000	0.0009	0.0000	0.0000	0.0000	0.0000	0.0000	0.0000	0.0000
0.9978	0.0013	0.0000	0.0000	0.0008	0.0000	0.0000	0.0000	0.0000	0.0000	0.0000	0.0000
0.9984	0.0006	0.0000	0.0000	0.0010	0.0000	0.0000	0.0000	0.0000	0.0000	0.0000	0.0000
0.8692	0.1027	0.0000	0.0001	0.0279	0.0000	0.0000	0.0000	0.0000	0.0000	0.0000	0.0000
0.8465	0.1509	0.0000	0.0000	0.0025	0.0000	0.0000	0.0000	0.0000	0.0000	0.0000	0.0000
0.0000	0.0000	0.0001	0.9999	0.0000	0.0000	0.0000	0.0000	0.0000	0.0000	0.0000	0.0000
0.0000	0.0000	0.0119	0.9233	0.0000	0.0648	0.0000	0.0000	0.0000	0.0000	0.0000	0.0000
0.0002	0.0000	0.0000	0.9998	0.0000	0.0000	0.0000	0.0000	0.0000	0.0000	0.0000	0.0000
0.0000	0.0000	1.0000	0.0000	0.0000	0.0000	0.0000	0.0000	0.0000	0.0000	0.0000	0.0000
0.0000	0.0000	1.0000	0.0000	0.0000	0.0000	0.0000	0.0000	0.0000	0.0000	0.0000	0.0000
0.0000	0.0000	0.9932	0.0068	0.0000	0.0000	0.0000	0.0000	0.0000	0.0000	0.0000	0.0000
0.0002	0.0000	0.0000	0.9998	0.0000	0.0000	0.0000	0.0000	0.0000	0.0000	0.0000	0.0000
0.0000	0.0000	0.0000	1.0000	0.0000	0.0000	0.0000	0.0000	0.0000	0.0000	0.0000	0.0000
0.0000	0.0000	0.0004	0.9996	0.0000	0.0000	0.0000	0.0000	0.0000	0.0000	0.0000	0.0000
0.0000	0.0000	1.0000	0.0000	0.0000	0.0000	0.0000	0.0000	0.0000	0.0000	0.0000	0.0000
0.0000	0.0000	1.0000	0.0000	0.0000	0.0000	0.0000	0.0000	0.0000	0.0000	0.0000	0.0000
0.0000	0.0000	0.0000	1.0000	0.0000	0.0000	0.0000	0.0000	0.0000	0.0000	0.0000	0.0000
0.0020	0.0002	0.0000	0.0001	0.9956	0.0020	0.0000	0.0000	0.0000	0.0000	0.0000	0.0000
0.0000	0.0000	0.0000	0.0000	0.9974	0.0025	0.0000	0.0000	0.0000	0.0000	0.0000	0.0000
0.0000	0.0000	0.0003	0.0011	0.0522	0.9464	0.0000	0.0000	0.0000	0.0000	0.0000	0.0000
0.0000	0.0000	0.0000	0.0000	0.9800	0.0199	0.0000	0.0000	0.0000	0.0000	0.0000	0.0000
0.0000	0.0000	0.0000	0.0000	0.0077	0.9923	0.0000	0.0000	0.0000	0.0000	0.0000	0.0000
0.0000	0.0000	0.0000	0.0000	0.9659	0.0341	0.0000	0.0000	0.0000	0.0000	0.0000	0.0000
0.0003	0.0000	0.0001	0.0004	0.9823	0.0169	0.0000	0.0000	0.0000	0.0000	0.0000	0.0000
0.0001	0.0000	0.0000	0.0002	0.9842	0.0154	0.0000	0.0000	0.0000	0.0000	0.0000	0.0000
0.0000	0.0000	0.0000	0.0000	0.9517	0.0483	0.0000	0.0000	0.0000	0.0000	0.0000	0.0000
0.0000	0.0000	0.0000	0.0000	0.9982	0.0017	0.0000	0.0000	0.0000	0.0000	0.0000	0.0000
0.0000	0.0000	0.0000	0.0000	0.0131	0.9869	0.0000	0.0000	0.0000	0.0000	0.0000	0.0000
