0.0007	0.0004	0.0000	0.0000	0.9987	0.0002
0.0656	0.9319	0.0000	0.0000	0.0025	0.0000
0.0014	0.9982	0.0000	0.0000	0.0005	0.0000
0.0171	0.8608	0.0000	0.0000	0.1220	0.0000
0.9998	0.0001	0.0000	0.0000	0.0000	0.0000
0.9956	0.0041	0.0000	0.0000	0.0003	0.0000
0.9920	0.0076	0.0000	0.0000	0.0003	0.0000
0.9970	0.0025	0.0000	0.0000	0.0006	0.0000
0.0016	0.9975	0.0000	0.0000	0.0009	0.0000
0.0001	0.9999	0.0000	0.0000	0.0000	0.0000
0.0000	0.0000	0.0000	1.0000	0.0000	0.0000
0.0000	0.0000	0.0114	0.8232	0.0000	0.1654
0.0000	0.0000	0.0000	1.0000	0.0000	0.0000
0.0000	0.0000	1.0000	0.0000	0.0000	0.0000
0.0000	0.0000	1.0000	0.0000	0.0000	0.0000
0.0000	0.0000	1.0000	0.0000	0.0000	0.0000
0.0000	0.0000	0.0000	1.0000	0.0000	0.0000
0.0000	0.0000	0.0000	1.0000	0.0000	0.0000
0.0000	0.0000	0.0000	1.0000	0.0000	0.0000
0.0000	0.0000	1.0000	0.0000	0.0000	0.0000
0.0000	0.0000	1.0000	0.0000	0.0000	0.0000
0.0000	0.0000	0.0000	1.0000	0.0000	0.0000
0.0000	0.0001	0.0000	0.0000	0.9998	0.0001
0.0000	0.0000	0.0000	0.0000	0.9996	0.0004
0.0000	0.0000	0.0000	0.0000	0.0005	0.9995
0.0000	0.0000	0.0000	0.0000	0.9989	0.0011
0.0000	0.0000	0.0000	0.0000	0.0000	1.0000
0.0000	0.0000	0.0000	0.0000	0.8450	0.1550
0.0000	0.0000	0.0000	0.0000	0.9892	0.0107
0.0000	0.0000	0.0000	0.0000	0.8643	0.1357
0.0000	0.0000	0.0000	0.0000	0.9862	0.0138
0.0000	0.0000	0.0000	0.0000	0.9997	0.0003
0.0000	0.0000	0.0000	0.0000	0.0017	0.9983
