0.9371	0.0629	0.0000	0.0000	0.0001	0.0000
1.0000	0.0000	0.0000	0.0000	0.0000	0.0000
0.9621	0.0024	0.0000	0.0000	0.0355	0.0000
0.0058	0.0987	0.0000	0.0000	0.8955	0.0000
0.5889	0.4106	0.0000	0.0000	0.0004	0.0000
0.8909	0.1090	0.0000	0.0000	0.0001	0.0000
1.0000	0.0000	0.0000	0.0000	0.0000	0.0000
0.9937	0.0063	0.0000	0.0000	0.0000	0.0000
0.0000	1.0000	0.0000	0.0000	0.0000	0.0000
0.0000	1.0000	0.0000	0.0000	0.0000	0.0000
0.0000	0.0000	1.0000	0.0000	0.0000	0.0000
0.0000	0.0000	0.0000	1.0000	0.0000	0.0000
0.0000	0.0000	0.0004	0.9996	0.0000	0.0000
0.0000	0.0000	0.0000	1.0000	0.0000	0.0000
0.0000	0.0000	1.0000	0.0000	0.0000	0.0000
0.0000	0.0000	0.0000	1.0000	0.0000	0.0000
0.0000	0.0000	0.9863	0.0137	0.0000	0.0000
0.0000	0.0000	1.0000	0.0000	0.0000	0.0000
0.0000	0.0000	0.0029	0.9971	0.0000	0.0000
0.0000	0.0000	1.0000	0.0000	0.0000	0.0000
0.0000	0.0000	0.9999	0.0001	0.0000	0.0000
0.0000	0.0000	0.0000	1.0000	0.0000	0.0000
0.0000	0.0000	0.0000	0.0000	0.5855	0.4145
0.4862	0.0000	0.0000	0.0000	0.5138	0.0000
0.0000	0.0000	0.0000	0.0000	0.0000	1.0000
0.0000	0.0000	0.0000	0.0009	0.9968	0.0023
0.0000	0.0000	0.0000	0.0000	1.0000	0.0000
0.0000	0.0000	0.0000	0.0000	0.9989	0.0011
0.0000	0.0000	0.0000	0.0000	0.0004	0.9996
0.0000	0.0000	0.0000	0.0000	0.9998	0.0002
0.0000	0.0000	0.0000	0.0000	0.8748	0.1252
0.0000	0.0000	0.0000	0.0000	0.0000	1.0000
0.0365	0.1806	0.0000	0.0000	0.7828	0.0000
