0.3724	0.6230	0.0000	0.0000	0.0045	0.0000	0.0000	0.0000	0.0000	0.0000	0.0000	0.0000
0.7276	0.2718	0.0000	0.0000	0.0005	0.0000	0.0000	0.0000	0.0000	0.0000	0.0000	0.0000
0.8260	0.1724	0.0000	0.0000	0.0015	0.0000	0.0000	0.0000	0.0000	0.0000	0.0000	0.0000
0.3356	0.6389	0.0000	0.0000	0.0255	0.0000	0.0000	0.0000	0.0000	0.0000	0.0000	0.0000
0.2247	0.7682	0.0000	0.0000	0.0071	0.0000	0.0000	0.0000	0.0000	0.0000	0.0000	0.0000
0.2125	0.7800	0.0000	0.0000	0.0075	0.0000	0.0000	0.0000	0.0000	0.0000	0.0000	0.0000
0.3843	0.6089	0.0000	0.0000	0.0068	0.0000	0.0000	0.0000	0.0000	0.0000	0.0000	0.0000
0.1457	0.8115	0.0000	0.0000	0.0428	0.0000	0.0000	0.0000	0.0000	0.0000	0.0000	0.0000
0.3847	0.6087	0.0000	0.0000	0.0065	0.0000	0.0000	0.0000	0.0000	0.0000	0.0000	0.0000
0.8763	0.1237	0.0000	0.0000	0.0001	0.0000	0.0000	0.0000	0.0000	0.0000	0.0000	0.0000
0.0000	0.0000	1.0000	0.0000	0.0000	0.0000	0.0000	0.0000	0.0000	0.0000	0.0000	0.0000
0.0000	0.0000	0.0009	0.9991	0.0000	0.0000	0.0000	0.0000	0.0000	0.0000	0.0000	0.0000
0.0000	0.0000	0.0720	0.9279	0.0000	0.0001	0.0000	0.0000	0.0000	0.0000	0.0000	0.0000
0.0327	0.0000	0.0004	0.9669	0.0000	0.0000	0.0000	0.0000	0.0000	0.0000	0.0000	0.0000
0.0000	0.0000	0.0457	0.9453	0.0000	0.0090	0.0000	0.0000	0.0000	0.0000	0.0000	0.0000
0.0048	0.0000	0.0002	0.9949	0.0001	0.0000	0.0000	0.0000	0.0000	0.0000	0.0000	0.0000
0.0021	0.0000	0.0002	0.9976	0.0000	0.0000	0.0000	0.0000	0.0000	0.0000	0.0000	0.0000
0.0000	0.0000	0.9838	0.0162	0.0000	0.0000	0.0000	0.0000	0.0000	0.0000	0.0000	0.0000
0.0000	0.0000	1.0000	0.0000	0.0000	0.0000	0.0000	0.0000	0.0000	0.0000	0.0000	0.0000
0.0000	0.0000	1.0000	0.0000	0.0000	0.0000	0.0000	0.0000	0.0000	0.0000	0.0000	0.0000
0.0000	0.0000	1.0000	0.0000	0.0000	0.0000	0.0000	0.0000	0.0000	0.0000	0.0000	0.0000
0.0000	0.0000	0.0000	1.0000	0.0000	0.0000	0.0000	0.0000	0.0000	0.0000	0.0000	0.0000
0.0333	0.1447	0.0000	0.0000	0.8216	0.0004	0.0000	0.0000	0.0000	0.0000	0.0000	0.0000
0.0002	0.0025	0.0000	0.0000	0.9914	0.0058	0.0000	0.0000	0.0000	0.0000	0.0000	0.0000
0.0000	0.0000	0.0000	0.0000	0.0358	0.9642	0.0000	0.0000	0.0000	0.0000	0.0000	0.0000
0.0000	0.0001	0.0000	0.0000	0.9946	0.0053	0.0000	0.0000	0.0000	0.0000	0.0000	0.0000
0.0011	0.0052	0.0000	0.0000	0.9892	0.0045	0.0000	0.0000	0.0000	0.0000	0.0000	0.0000
0.0000	0.0001	0.0000	0.0000	0.9901	0.0097	0.0000	0.0000	0.0000	0.0000	0.0000	0.0000
0.0070	0.0308	0.0000	0.0000	0.9609	0.0013	0.0000	0.0000	0.0000	0.0000	0.0000	0.0000
0.0003	0.0021	0.0000	0.0000	0.9949	0.0026	0.0000	0.0000	0.0000	0.0000	0.0000	0.0000
0.0002	0.0011	0.0000	0.0000	0.9960	0.0027	0.0000	0.0000	0.0000	0.0000	0.0000	0.0000
0.0000	0.0000	0.0000	0.0000	0.2867	0.7132	0.0000	0.0000	0.0000	0.0000	0.0000	0.0000
0.0000	0.0000	0.0001	0.0001	0.1876	0.8122	0.0000	0.0000	0.0000	0.0000	0.0000	0.0000
