0.1865	0.8129	0.0000	0.0000	0.0006	0.0000	0.0000	0.0000	0.0000	0.0000	0.0000	0.0000
0.6521	0.3466	0.0000	0.0000	0.0013	0.0000	0.0000	0.0000	0.0000	0.0000	0.0000	0.0000
0.9670	0.0232	0.0000	0.0000	0.0098	0.0000	0.0000	0.0000	0.0000	0.0000	0.0000	0.0000
0.8853	0.0718	0.0000	0.0000	0.0429	0.0000	0.0000	0.0000	0.0000	0.0000	0.0000	0.0000
0.1873	0.8119	0.0000	0.0000	0.0008	0.0000	0.0000	0.0000	0.0000	0.0000	0.0000	0.0000
0.1665	0.8326	0.0000	0.0000	0.0009	0.0000	0.0000	0.0000	0.0000	0.0000	0.0000	0.0000
0.1598	0.8396	0.0000	0.0000	0.0006	0.0000	0.0000	0.0000	0.0000	0.0000	0.0000	0.0000
0.4415	0.5504	0.0000	0.0000	0.0081	0.0000	0.0000	0.0000	0.0000	0.0000	0.0000	0.0000
0.3561	0.6427	0.0000	0.0000	0.0013	0.0000	0.0000	0.0000	0.0000	0.0000	0.0000	0.0000
0.2409	0.7590	0.0000	0.0000	0.0001	0.0000	0.0000	0.0000	0.0000	0.0000	0.0000	0.0000
0.0000	0.0000	1.0000	0.0000	0.0000	0.0000	0.0000	0.0000	0.0000	0.0000	0.0000	0.0000
0.0000	0.0000	0.0108	0.9892	0.0000	0.0000	0.0000	0.0000	0.0000	0.0000	0.0000	0.0000
0.0000	0.0000	0.1019	0.8968	0.0000	0.0013	0.0000	0.0000	0.0000	0.0000	0.0000	0.0000
0.0000	0.0000	0.0002	0.9998	0.0000	0.0001	0.0000	0.0000	0.0000	0.0000	0.0000	0.0000
0.0000	0.0000	0.0210	0.9683	0.0000	0.0106	0.0000	0.0000	0.0000	0.0000	0.0000	0.0000
0.0000	0.0000	0.0001	0.9981	0.0000	0.0019	0.0000	0.0000	0.0000	0.0000	0.0000	0.0000
0.0000	0.0000	0.0002	0.9998	0.0000	0.0001	0.0000	0.0000	0.0000	0.0000	0.0000	0.0000
0.0000	0.0000	0.9516	0.0484	0.0000	0.0000	0.0000	0.0000	0.0000	0.0000	0.0000	0.0000
0.0000	0.0000	1.0000	0.0000	0.0000	0.0000	0.0000	0.0000	0.0000	0.0000	0.0000	0.0000
0.0000	0.0000	0.9999	0.0001	0.0000	0.0000	0.0000	0.0000	0.0000	0.0000	0.0000	0.0000
0.0000	0.0000	1.0000	0.0000	0.0000	0.0000	0.0000	0.0000	0.0000	0.0000	0.0000	0.0000
0.0000	0.0000	0.0000	1.0000	0.0000	0.0000	0.0000	0.0000	0.0000	0.0000	0.0000	0.0000
0.4435	0.0185	0.0000	0.0000	0.5379	0.0001	0.0000	0.0000	0.0000	0.0000	0.0000	0.0000
0.0044	0.0001	0.0000	0.0001	0.9898	0.0056	0.0000	0.0000	0.0000	0.0000	0.0000	0.0000
0.0000	0.0000	0.0000	0.0002	0.0006	0.9991	0.0000	0.0000	0.0000	0.0000	0.0000	0.0000
0.0007	0.0000	0.0000	0.0001	0.9903	0.0089	0.0000	0.0000	0.0000	0.0000	0.0000	0.0000
0.0032	0.0000	0.0000	0.0001	0.9903	0.0063	0.0000	0.0000	0.0000	0.0000	0.0000	0.0000
0.0002	0.0000	0.0000	0.0002	0.9745	0.0252	0.0000	0.0000	0.0000	0.0000	0.0000	0.0000
0.0699	0.0017	0.0000	0.0000	0.9275	0.0009	0.0000	0.0000	0.0000	0.0000	0.0000	0.0000
0.0045	0.0000	0.0000	0.0001	0.9904	0.0049	0.0000	0.0000	0.0000	0.0000	0.0000	0.0000
0.0015	0.0000	0.0000	0.0001	0.9903	0.0081	0.0000	0.0000	0.0000	0.0000	0.0000	0.0000
0.0000	0.0000	0.0000	0.0007	0.0033	0.9960	0.0000	0.0000	0.0000	0.0000	0.0000	0.0000
0.0000	0.0000	0.0000	0.0024	0.0001	0.9975	0.0000	0.0000	0.0000	0.0000	0.0000	0.0000
