0.9929	0.0070	0.0000	0.0000	0.0000	0.0000
1.0000	0.0000	0.0000	0.0000	0.0000	0.0000
1.0000	0.0000	0.0000	0.0000	0.0000	0.0000
0.9253	0.0633	0.0000	0.0000	0.0114	0.0000
0.8969	0.1028	0.0000	0.0000	0.0003	0.0000
0.6503	0.3490	0.0000	0.0000	0.0007	0.0000
0.9999	0.0001	0.0000	0.0000	0.0000	0.0000
0.0001	0.9998	0.0000	0.0000	0.0001	0.0000
1.0000	0.0000	0.0000	0.0000	0.0000	0.0000
1.0000	0.0000	0.0000	0.0000	0.0000	0.0000
0.0000	0.0000	1.0000	0.0000	0.0000	0.0000
0.0000	0.0000	0.0000	1.0000	0.0000	0.0000
0.0000	0.0000	0.0001	0.9999	0.0000	0.0000
0.0078	0.0000	0.0000	0.9922	0.0000	0.0000
0.0000	0.0000	0.0017	0.9974	0.0000	0.0009
0.0000	0.0000	0.0000	1.0000	0.0000	0.0000
0.0005	0.0000	0.0000	0.9995	0.0000	0.0000
0.0000	0.0000	0.9997	0.0003	0.0000	0.0000
0.0000	0.0000	1.0000	0.0000	0.0000	0.0000
0.0000	0.0000	1.0000	0.0000	0.0000	0.0000
0.0000	0.0000	1.0000	0.0000	0.0000	0.0000
0.0000	0.0000	0.0000	1.0000	0.0000	0.0000
0.0001	0.0002	0.0000	0.0000	0.9997	0.0000
0.0000	0.0000	0.0000	0.0000	1.0000	0.0000
0.0000	0.0000	0.0000	0.0000	0.0001	0.9999
0.0000	0.0000	0.0000	0.0000	1.0000	0.0000
0.0000	0.0000	0.0000	0.0000	0.9998	0.0002
0.0000	0.0000	0.0000	0.0000	0.9986	0.0014
0.0000	0.0000	0.0000	0.0000	1.0000	0.0000
0.0000	0.0000	0.0000	0.0000	1.0000	0.0000
0.0000	0.0000	0.0000	0.0000	1.0000	0.0000
0.0000	0.0000	0.0000	0.0000	0.0005	0.9995
0.0000	0.0000	0.0000	0.0000	0.0000	1.0000
