0.7616	0.2384	0.0000	0.0000	0.0000	0.0000
1.0000	0.0000	0.0000	0.0000	0.0000	0.0000
1.0000	0.0000	0.0000	0.0000	0.0000	0.0000
0.9989	0.0001	0.0000	0.0000	0.0009	0.0000
0.7715	0.2284	0.0000	0.0000	0.0000	0.0000
0.0290	0.9710	0.0000	0.0000	0.0000	0.0000
0.9067	0.0933	0.0000	0.0000	0.0000	0.0000
0.0015	0.9985	0.0000	0.0000	0.0000	0.0000
0.9994	0.0006	0.0000	0.0000	0.0000	0.0000
0.9957	0.0043	0.0000	0.0000	0.0000	0.0000
0.0000	0.0000	1.0000	0.0000	0.0000	0.0000
0.0000	0.0000	0.0000	1.0000	0.0000	0.0000
0.0000	0.0000	0.0094	0.9905	0.0000	0.0001
0.1301	0.0000	0.0000	0.8699	0.0000	0.0000
0.0000	0.0000	0.0034	0.8775	0.0000	0.1191
0.0000	0.0000	0.0000	1.0000	0.0000	0.0000
0.0000	0.0000	0.0000	1.0000	0.0000	0.0000
0.0000	0.0000	0.9680	0.0320	0.0000	0.0000
0.0000	0.0000	1.0000	0.0000	0.0000	0.0000
0.0000	0.0000	1.0000	0.0000	0.0000	0.0000
0.0000	0.0000	1.0000	0.0000	0.0000	0.0000
0.0000	0.0000	0.0000	1.0000	0.0000	0.0000
0.0001	0.0000	0.0000	0.0000	0.9999	0.0000
0.0000	0.0000	0.0000	0.0000	1.0000	0.0000
0.0000	0.0000	0.0000	0.0000	0.0000	1.0000
0.0000	0.0000	0.0000	0.0000	0.9998	0.0002
0.0000	0.0000	0.0000	0.0000	1.0000	0.0000
0.0000	0.0000	0.0000	0.0000	0.9549	0.0451
0.0000	0.0000	0.0000	0.0000	1.0000	0.0000
0.0000	0.0000	0.0000	0.0000	0.9999	0.0001
0.0000	0.0000	0.0000	0.0000	0.9990	0.0010
0.0000	0.0000	0.0000	0.0000	0.0000	1.0000
0.0000	0.0000	0.0000	0.0000	0.0000	1.0000
