1.0000	0.0000	0.0000	0.0000	0.0000
1.0000	0.0000	0.0000	0.0000	0.0000
1.0000	0.0000	0.0000	0.0000	0.0000
1.0000	0.0000	0.0000	0.0000	0.0000
1.0000	0.0000	0.0000	0.0000	0.0000
1.0000	0.0000	0.0000	0.0000	0.0000
1.0000	0.0000	0.0000	0.0000	0.0000
1.0000	0.0000	0.0000	0.0000	0.0000
0.0000	1.0000	0.0000	0.0000	0.0000
1.0000	0.0000	0.0000	0.0000	0.0000
1.0000	0.0000	0.0000	0.0000	0.0000
1.0000	0.0000	0.0000	0.0000	0.0000
1.0000	0.0000	0.0000	0.0000	0.0000
1.0000	0.0000	0.0000	0.0000	0.0000
1.0000	0.0000	0.0000	0.0000	0.0000
1.0000	0.0000	0.0000	0.0000	0.0000
1.0000	0.0000	0.0000	0.0000	0.0000
1.0000	0.0000	0.0000	0.0000	0.0000
1.0000	0.0000	0.0000	0.0000	0.0000
1.0000	0.0000	0.0000	0.0000	0.0000
1.0000	0.0000	0.0000	0.0000	0.0000
1.0000	0.0000	0.0000	0.0000	0.0000
1.0000	0.0000	0.0000	0.0000	0.0000
1.0000	0.0000	0.0000	0.0000	0.0000
1.0000	0.0000	0.0000	0.0000	0.0000
1.0000	0.0000	0.0000	0.0000	0.0000
1.0000	0.0000	0.0000	0.0000	0.0000
1.0000	0.0000	0.0000	0.0000	0.0000
1.0000	0.0000	0.0000	0.0000	0.0000
1.0000	0.0000	0.0000	0.0000	0.0000
1.0000	0.0000	0.0000	0.0000	0.0000
1.0000	0.0000	0.0000	0.0000	0.0000
1.0000	0.0000	0.0000	0.0000	0.0000
1.0000	0.0000	0.0000	0.0000	0.0000
0.0000	0.0237	0.0000	0.0000	0.9763
1.0000	0.0000	0.0000	0.0000	0.0000
1.0000	0.0000	0.0000	0.0000	0.0000
1.0000	0.0000	0.0000	0.0000	0.0000
1.0000	0.0000	0.0000	0.0000	0.0000
1.0000	0.0000	0.0000	0.0000	0.0000
1.0000	0.0000	0.0000	0.0000	0.0000
1.0000	0.0000	0.0000	0.0000	0.0000
1.0000	0.0000	0.0000	0.0000	0.0000
1.0000	0.0000	0.0000	0.0000	0.0000
1.0000	0.0000	0.0000	0.0000	0.0000
0.0000	1.0000	0.0000	0.0000	0.0000
1.0000	0.0000	0.0000	0.0000	0.0000
1.0000	0.0000	0.0000	0.0000	0.0000
1.0000	0.0000	0.0000	0.0000	0.0000
1.0000	0.0000	0.0000	0.0000	0.0000
1.0000	0.0000	0.0000	0.0000	0.0000
1.0000	0.0000	0.0000	0.0000	0.0000
1.0000	0.0000	0.0000	0.0000	0.0000
1.0000	0.0000	0.0000	0.0000	0.0000
1.0000	0.0000	0.0000	0.0000	0.0000
1.0000	0.0000	0.0000	0.0000	0.0000
1.0000	0.0000	0.0000	0.0000	0.0000
1.0000	0.0000	0.0000	0.0000	0.0000
1.0000	0.0000	0.0000	0.0000	0.0000
1.0000	0.0000	0.0000	0.0000	0.0000
1.0000	0.0000	0.0000	0.0000	0.0000
1.0000	0.0000	0.0000	0.0000	0.0000
1.0000	0.0000	0.0000	0.0000	0.0000
1.0000	0.0000	0.0000	0.0000	0.0000
1.0000	0.0000	0.0000	0.0000	0.0000
1.0000	0.0000	0.0000	0.0000	0.0000
1.0000	0.0000	0.0000	0.0000	0.0000
1.0000	0.0000	0.0000	0.0000	0.0000
1.0000	0.0000	0.0000	0.0000	0.0000
1.0000	0.0000	0.0000	0.0000	0.0000
1.0000	0.0000	0.0000	0.0000	0.0000
0.0000	1.0000	0.0000	0.0000	0.0000
1.0000	0.0000	0.0000	0.0000	0.0000
1.0000	0.0000	0.0000	0.0000	0.0000
1.0000	0.0000	0.0000	0.0000	0.0000
1.0000	0.0000	0.0000	0.0000	0.0000
0.0000	0.0191	0.0000	0.0000	0.9809
1.0000	0.0000	0.0000	0.0000	0.0000
1.0000	0.0000	0.0000	0.0000	0.0000
0.0030	0.9970	0.0000	0.0000	0.0000
1.0000	0.0000	0.0000	0.0000	0.0000
1.0000	0.0000	0.0000	0.0000	0.0000
1.0000	0.0000	0.0000	0.0000	0.0000
1.0000	0.0000	0.0000	0.0000	0.0000
1.0000	0.0000	0.0000	0.0000	0.0000
1.0000	0.0000	0.0000	0.0000	0.0000
1.0000	0.0000	0.0000	0.0000	0.0000
1.0000	0.0000	0.0000	0.0000	0.0000
1.0000	0.0000	0.0000	0.0000	0.0000
0.0000	0.9989	0.0000	0.0003	0.0008
0.0000	0.9998	0.0000	0.0001	0.0001
0.0000	0.0001	0.0000	0.0000	0.9999
0.0016	0.7350	0.0008	0.0767	0.1858
0.0000	1.0000	0.0000	0.0000	0.0000
0.0000	0.9967	0.0000	0.0012	0.0021
0.0000	1.0000	0.0000	0.0000	0.0000
0.0000	0.9888	0.0000	0.0044	0.0068
0.0000	0.9560	0.0000	0.0179	0.0260
0.0000	1.0000	0.0000	0.0000	0.0000
0.0000	0.9710	0.0000	0.0074	0.0216
0.0000	1.0000	0.0000	0.0000	0.0000
0.0000	0.9995	0.0000	0.0002	0.0003
0.0000	0.9992	0.0000	0.0003	0.0005
0.0000	1.0000	0.0000	0.0000	0.0000
0.0000	1.0000	0.0000	0.0000	0.0000
0.0000	1.0000	0.0000	0.0000	0.0000
0.0000	1.0000	0.0000	0.0000	0.0000
0.0000	1.0000	0.0000	0.0000	0.0000
0.0000	1.0000	0.0000	0.0000	0.0000
0.0000	0.9998	0.0000	0.0001	0.0001
0.0000	1.0000	0.0000	0.0000	0.0000
0.0000	1.0000	0.0000	0.0000	0.0000
0.0000	1.0000	0.0000	0.0000	0.0000
0.0000	1.0000	0.0000	0.0000	0.0000
0.0000	1.0000	0.0000	0.0000	0.0000
0.0000	0.9967	0.0000	0.0009	0.0024
0.0015	0.3877	0.0008	0.5597	0.0503
0.0000	0.0632	0.0000	0.0001	0.9367
0.0000	1.0000	0.0000	0.0000	0.0000
0.0000	1.0000	0.0000	0.0000	0.0000
0.0000	1.0000	0.0000	0.0000	0.0000
0.0000	1.0000	0.0000	0.0000	0.0000
0.0000	1.0000	0.0000	0.0000	0.0000
0.0000	1.0000	0.0000	0.0000	0.0000
0.0000	1.0000	0.0000	0.0000	0.0000
0.0000	0.9998	0.0000	0.0000	0.0001
0.0000	1.0000	0.0000	0.0000	0.0000
0.0000	1.0000	0.0000	0.0000	0.0000
0.0000	1.0000	0.0000	0.0000	0.0000
0.0000	1.0000	0.0000	0.0000	0.0000
0.0000	0.9965	0.0000	0.0016	0.0019
0.0000	1.0000	0.0000	0.0000	0.0000
0.0000	1.0000	0.0000	0.0000	0.0000
0.0000	1.0000	0.0000	0.0000	0.0000
0.0000	0.9881	0.0000	0.0049	0.0069
0.0000	1.0000	0.0000	0.0000	0.0000
0.0001	0.8384	0.0001	0.0373	0.1242
0.0000	0.9918	0.0000	0.0034	0.0048
0.0000	1.0000	0.0000	0.0000	0.0000
0.0000	1.0000	0.0000	0.0000	0.0000
0.0000	0.9999	0.0000	0.0000	0.0000
0.0001	0.7859	0.0000	0.0229	0.1911
0.0000	1.0000	0.0000	0.0000	0.0000
0.0000	0.9996	0.0000	0.0002	0.0002
0.0001	0.9184	0.0000	0.0336	0.0479
0.0000	1.0000	0.0000	0.0000	0.0000
0.0000	1.0000	0.0000	0.0000	0.0000
0.0000	0.0000	0.0000	1.0000	0.0000
0.0000	1.0000	0.0000	0.0000	0.0000
0.0000	0.9971	0.0000	0.0010	0.0019
0.0001	0.9202	0.0000	0.0316	0.0482
0.0000	1.0000	0.0000	0.0000	0.0000
0.0000	0.9999	0.0000	0.0000	0.0000
0.0001	0.9082	0.0000	0.0298	0.0619
0.0000	1.0000	0.0000	0.0000	0.0000
0.0000	0.9971	0.0000	0.0009	0.0020
0.0000	0.9995	0.0000	0.0003	0.0001
0.0000	1.0000	0.0000	0.0000	0.0000
0.0000	1.0000	0.0000	0.0000	0.0000
0.0000	1.0000	0.0000	0.0000	0.0000
0.0000	1.0000	0.0000	0.0000	0.0000
0.0000	0.9884	0.0000	0.0031	0.0084
0.0001	0.6219	0.0001	0.0162	0.3617
0.0000	0.9998	0.0000	0.0001	0.0001
0.0000	0.0000	0.0000	1.0000	0.0000
0.0000	1.0000	0.0000	0.0000	0.0000
0.0000	1.0000	0.0000	0.0000	0.0000
0.0000	0.9998	0.0000	0.0001	0.0001
0.0000	1.0000	0.0000	0.0000	0.0000
0.0000	1.0000	0.0000	0.0000	0.0000
0.0000	0.9758	0.0000	0.0075	0.0166
0.0000	1.0000	0.0000	0.0000	0.0000
0.0000	1.0000	0.0000	0.0000	0.0000
0.0000	1.0000	0.0000	0.0000	0.0000
0.0000	1.0000	0.0000	0.0000	0.0000
0.0000	1.0000	0.0000	0.0000	0.0000
0.0000	0.9995	0.0000	0.0002	0.0003
0.0000	1.0000	0.0000	0.0000	0.0000
0.0000	1.0000	0.0000	0.0000	0.0000
0.0000	1.0000	0.0000	0.0000	0.0000
0.0000	1.0000	0.0000	0.0000	0.0000
0.0000	1.0000	0.0000	0.0000	0.0000
0.0000	1.0000	0.0000	0.0000	0.0000
0.0000	1.0000	0.0000	0.0000	0.0000
0.0000	1.0000	0.0000	0.0000	0.0000
0.0000	0.9994	0.0000	0.0003	0.0003
0.0000	1.0000	0.0000	0.0000	0.0000
0.0000	0.9995	0.0000	0.0001	0.0004
0.0000	1.0000	0.0000	0.0000	0.0000
0.0000	0.9953	0.0000	0.0021	0.0026
0.0000	1.0000	0.0000	0.0000	0.0000
0.0010	0.6776	0.0006	0.0533	0.2675
0.0000	0.0000	1.0000	0.0000	0.0000
0.0000	0.0000	1.0000	0.0000	0.0000
0.0000	0.0000	1.0000	0.0000	0.0000
0.0000	0.0000	1.0000	0.0000	0.0000
0.0000	0.0000	1.0000	0.0000	0.0000
0.0000	0.0000	1.0000	0.0000	0.0000
0.0000	0.0000	1.0000	0.0000	0.0000
0.0000	0.0000	1.0000	0.0000	0.0000
0.0000	0.0000	1.0000	0.0000	0.0000
0.0000	0.0000	1.0000	0.0000	0.0000
0.0000	0.0000	1.0000	0.0000	0.0000
0.0000	0.0000	1.0000	0.0000	0.0000
0.0000	0.0000	1.0000	0.0000	0.0000
0.0000	0.0000	1.0000	0.0000	0.0000
0.0000	0.0000	1.0000	0.0000	0.0000
0.0000	0.0000	1.0000	0.0000	0.0000
0.0000	0.0000	1.0000	0.0000	0.0000
0.0000	0.0000	1.0000	0.0000	0.0000
0.0000	0.0000	1.0000	0.0000	0.0000
0.0000	0.0000	1.0000	0.0000	0.0000
0.0000	0.0000	1.0000	0.0000	0.0000
0.0000	0.0000	1.0000	0.0000	0.0000
0.0000	0.0000	1.0000	0.0000	0.0000
0.0000	0.0000	1.0000	0.0000	0.0000
0.0000	0.0000	1.0000	0.0000	0.0000
0.0000	0.0000	1.0000	0.0000	0.0000
0.0000	0.0000	1.0000	0.0000	0.0000
0.0000	0.0000	1.0000	0.0000	0.0000
0.0000	0.0000	1.0000	0.0000	0.0000
0.0000	0.0000	1.0000	0.0000	0.0000
0.0000	0.0000	1.0000	0.0000	0.0000
0.0000	0.0000	1.0000	0.0000	0.0000
0.0000	0.0000	1.0000	0.0000	0.0000
0.0000	0.0000	1.0000	0.0000	0.0000
0.0000	0.0000	1.0000	0.0000	0.0000
0.0000	0.0000	1.0000	0.0000	0.0000
0.0000	0.0000	1.0000	0.0000	0.0000
0.0000	0.0000	1.0000	0.0000	0.0000
0.0000	0.0000	1.0000	0.0000	0.0000
0.0000	0.0000	1.0000	0.0000	0.0000
0.0000	0.0000	1.0000	0.0000	0.0000
0.0000	0.0000	1.0000	0.0000	0.0000
0.0000	0.0000	1.0000	0.0000	0.0000
0.0000	0.0000	1.0000	0.0000	0.0000
0.0000	0.0000	1.0000	0.0000	0.0000
0.0000	0.0000	1.0000	0.0000	0.0000
0.0000	0.0000	1.0000	0.0000	0.0000
0.0000	0.0000	1.0000	0.0000	0.0000
0.0000	0.0000	1.0000	0.0000	0.0000
0.0000	0.0000	1.0000	0.0000	0.0000
0.0000	0.0000	1.0000	0.0000	0.0000
0.0000	0.0000	1.0000	0.0000	0.0000
0.0000	0.0000	1.0000	0.0000	0.0000
0.0000	0.0000	1.0000	0.0000	0.0000
0.0000	0.0000	1.0000	0.0000	0.0000
0.0000	0.0000	1.0000	0.0000	0.0000
0.0000	0.0000	1.0000	0.0000	0.0000
0.0000	0.0000	1.0000	0.0000	0.0000
0.0000	0.0000	1.0000	0.0000	0.0000
0.0000	0.0000	1.0000	0.0000	0.0000
0.0000	0.0000	1.0000	0.0000	0.0000
0.0000	0.0000	1.0000	0.0000	0.0000
0.0000	0.0000	1.0000	0.0000	0.0000
0.0000	0.0000	1.0000	0.0000	0.0000
0.0000	0.0000	1.0000	0.0000	0.0000
0.0000	0.0000	1.0000	0.0000	0.0000
0.0000	0.0000	1.0000	0.0000	0.0000
0.0000	0.0000	1.0000	0.0000	0.0000
0.0000	0.0000	1.0000	0.0000	0.0000
0.0000	0.0000	1.0000	0.0000	0.0000
0.0000	0.0000	1.0000	0.0000	0.0000
0.0000	0.0000	1.0000	0.0000	0.0000
0.0000	0.0000	1.0000	0.0000	0.0000
0.0000	0.0000	1.0000	0.0000	0.0000
0.0000	0.0000	1.0000	0.0000	0.0000
0.0000	0.0000	1.0000	0.0000	0.0000
0.0000	0.0000	1.0000	0.0000	0.0000
0.0000	0.0000	1.0000	0.0000	0.0000
0.0000	0.0000	1.0000	0.0000	0.0000
0.0000	0.0000	1.0000	0.0000	0.0000
0.0000	0.0000	1.0000	0.0000	0.0000
0.0000	0.0000	1.0000	0.0000	0.0000
0.0000	0.0000	1.0000	0.0000	0.0000
0.0000	0.0000	1.0000	0.0000	0.0000
0.0000	0.0000	1.0000	0.0000	0.0000
0.0000	0.0000	1.0000	0.0000	0.0000
0.0000	0.0000	1.0000	0.0000	0.0000
0.0000	0.0000	1.0000	0.0000	0.0000
0.0000	0.0000	1.0000	0.0000	0.0000
0.0000	0.0000	1.0000	0.0000	0.0000
0.0000	0.0000	1.0000	0.0000	0.0000
0.0000	0.0000	1.0000	0.0000	0.0000
0.0000	0.0000	1.0000	0.0000	0.0000
0.0000	0.0000	1.0000	0.0000	0.0000
0.0000	0.0000	1.0000	0.0000	0.0000
0.0000	0.0000	1.0000	0.0000	0.0000
0.0000	0.0000	1.0000	0.0000	0.0000
0.0000	0.0000	1.0000	0.0000	0.0000
0.0000	0.0000	1.0000	0.0000	0.0000
0.0000	0.0000	1.0000	0.0000	0.0000
0.0000	0.0000	1.0000	0.0000	0.0000
0.0000	0.0000	1.0000	0.0000	0.0000
0.0000	0.0000	1.0000	0.0000	0.0000
0.0000	0.0000	1.0000	0.0000	0.0000
0.0000	0.0000	1.0000	0.0000	0.0000
0.0000	0.0000	0.0000	1.0000	0.0000
0.0000	0.0000	0.0000	1.0000	0.0000
0.0000	0.0000	0.0000	1.0000	0.0000
0.0000	0.0000	0.0000	1.0000	0.0000
0.0000	0.0000	0.0000	1.0000	0.0000
0.0000	0.0000	0.0000	1.0000	0.0000
0.0000	0.0000	0.0000	1.0000	0.0000
0.0000	0.0000	0.0000	1.0000	0.0000
0.0000	0.0000	0.0000	1.0000	0.0000
0.0000	0.0000	0.0000	1.0000	0.0000
0.0000	0.0000	0.0000	1.0000	0.0000
0.0000	0.0000	0.0000	1.0000	0.0000
0.0000	0.0000	0.0000	1.0000	0.0000
0.0000	0.0000	0.0000	1.0000	0.0000
0.0000	0.0000	0.0000	1.0000	0.0000
0.0000	0.0000	0.0000	1.0000	0.0000
0.0000	0.0000	0.0000	1.0000	0.0000
0.0000	0.0000	0.0000	1.0000	0.0000
0.0000	0.0000	0.0000	1.0000	0.0000
0.0000	0.0000	0.0000	1.0000	0.0000
0.0000	0.0000	0.0000	1.0000	0.0000
0.0000	0.0000	0.0000	1.0000	0.0000
0.0000	0.0161	0.0000	0.9838	0.0001
0.0000	0.0000	0.0000	1.0000	0.0000
0.0000	0.0000	0.0000	1.0000	0.0000
0.0000	0.0000	0.0000	1.0000	0.0000
0.0000	0.0000	0.0000	1.0000	0.0000
0.0000	0.0000	0.0000	1.0000	0.0000
0.0000	0.0000	0.0000	1.0000	0.0000
0.0000	0.0000	0.0000	1.0000	0.0000
0.0000	0.0000	0.0000	1.0000	0.0000
0.0000	0.0000	0.0000	1.0000	0.0000
0.0000	0.0000	0.0000	1.0000	0.0000
0.0000	0.0000	0.0000	1.0000	0.0000
0.0000	0.0000	0.0000	1.0000	0.0000
0.0000	0.0000	0.0000	1.0000	0.0000
0.0000	0.0000	0.0000	1.0000	0.0000
0.0000	0.0001	0.0000	0.9999	0.0000
0.0000	0.0000	0.0000	1.0000	0.0000
0.0000	0.0000	0.0000	1.0000	0.0000
0.0000	0.0000	0.0000	1.0000	0.0000
0.0000	0.0000	0.0000	1.0000	0.0000
0.0000	0.0000	0.0000	1.0000	0.0000
0.0000	0.0000	0.0000	1.0000	0.0000
0.0000	0.0000	0.0000	1.0000	0.0000
0.0000	0.0000	0.0000	1.0000	0.0000
0.0000	0.0000	0.0000	1.0000	0.0000
0.0000	0.0000	0.0000	1.0000	0.0000
0.0000	0.0000	0.0000	1.0000	0.0000
0.0000	0.0025	0.0000	0.9975	0.0000
0.0000	0.9998	0.0000	0.0001	0.0001
0.0000	0.0000	0.0000	1.0000	0.0000
0.0000	0.0000	0.0000	1.0000	0.0000
0.0000	0.0000	0.0000	1.0000	0.0000
0.0000	0.0000	0.0000	1.0000	0.0000
0.0000	0.0000	0.0000	1.0000	0.0000
0.0000	0.0000	0.0000	1.0000	0.0000
0.0000	0.0000	0.0000	1.0000	0.0000
0.0000	0.0000	0.0000	1.0000	0.0000
0.0000	0.0000	0.0000	1.0000	0.0000
0.0000	0.0000	0.0000	1.0000	0.0000
0.0000	0.0000	0.0000	1.0000	0.0000
0.0000	0.0000	0.0000	1.0000	0.0000
0.0000	0.0000	0.0000	1.0000	0.0000
0.0000	0.0000	0.0000	1.0000	0.0000
0.0000	0.0000	0.0000	1.0000	0.0000
0.0000	0.0000	0.0000	1.0000	0.0000
0.0000	0.0000	0.0000	1.0000	0.0000
0.0000	0.0000	0.0000	1.0000	0.0000
0.0000	0.0000	0.0000	1.0000	0.0000
0.0000	0.0000	0.0000	1.0000	0.0000
0.0000	0.0000	0.0000	1.0000	0.0000
0.0000	0.0000	0.0000	1.0000	0.0000
0.0000	0.0000	0.0000	1.0000	0.0000
0.0000	0.0000	0.0000	1.0000	0.0000
0.0000	0.0000	0.0000	1.0000	0.0000
0.0000	0.0000	0.0000	1.0000	0.0000
0.0000	0.0000	0.0000	1.0000	0.0000
0.0000	0.0000	0.0000	1.0000	0.0000
0.0000	0.0000	0.0000	1.0000	0.0000
0.0000	0.0000	0.0000	1.0000	0.0000
0.0000	0.0000	0.0000	1.0000	0.0000
0.0000	0.0000	0.0000	1.0000	0.0000
0.0000	0.0000	0.0000	1.0000	0.0000
0.0000	0.0000	0.0000	1.0000	0.0000
0.0000	0.0000	0.0000	1.0000	0.0000
0.0000	0.0000	0.0000	1.0000	0.0000
0.0000	0.0000	0.0000	1.0000	0.0000
0.0000	0.0000	0.0000	1.0000	0.0000
0.0000	0.0000	0.0000	1.0000	0.0000
0.0000	0.0000	0.0000	1.0000	0.0000
0.0000	0.0000	0.0000	1.0000	0.0000
0.0000	0.0000	0.0000	1.0000	0.0000
0.0000	0.0000	0.0000	1.0000	0.0000
0.0000	0.0055	0.0000	0.9945	0.0000
0.0000	0.0000	0.0000	1.0000	0.0000
0.0000	0.0000	0.0000	1.0000	0.0000
0.0000	1.0000	0.0000	0.0000	0.0000
0.0000	0.0000	0.0000	1.0000	0.0000
0.0016	0.4208	0.0020	0.1597	0.4159
0.0000	0.0000	0.0000	1.0000	0.0000
0.0000	0.0000	0.0000	1.0000	0.0000
0.0000	0.0000	0.0000	1.0000	0.0000
0.0000	0.0186	0.0000	0.0000	0.9814
0.0000	0.0012	0.0000	0.0000	0.9988
0.0000	0.0000	0.0000	0.0000	1.0000
0.0000	0.0001	0.0000	0.0000	0.9999
0.0000	0.0000	0.0000	0.0000	1.0000
0.0000	0.1069	0.0000	0.0003	0.8929
0.0000	0.0001	0.0000	0.0000	0.9999
0.0000	0.0000	0.0000	0.0000	1.0000
0.0000	0.0186	0.0000	0.0000	0.9814
0.0000	0.0000	0.0000	0.0000	1.0000
0.0000	0.0000	0.0000	0.0000	1.0000
0.0000	0.0000	0.0000	0.0000	1.0000
0.0000	0.0001	0.0000	0.0000	0.9999
0.0000	0.0000	0.0000	0.0000	1.0000
0.0000	0.0000	0.0000	0.0000	1.0000
0.0000	0.0000	0.0000	0.0000	1.0000
0.0000	0.0100	0.0000	0.0000	0.9900
0.0000	0.0404	0.0000	0.0000	0.9596
0.0000	0.0000	0.0000	0.0000	1.0000
0.0000	0.9065	0.0000	0.0206	0.0728
0.0000	0.0000	0.0000	0.0000	1.0000
0.0000	0.0000	0.0000	0.0000	1.0000
0.0000	0.0000	0.0000	0.0000	1.0000
0.0000	0.0000	0.0000	0.0000	1.0000
0.0000	0.0015	0.0000	0.0000	0.9985
0.0000	0.0001	0.0000	0.0000	0.9999
0.0000	0.0006	0.0000	0.0000	0.9994
0.0000	0.0003	0.0000	0.0000	0.9997
0.0000	0.0078	0.0000	0.0000	0.9922
0.0000	0.0005	0.0000	0.0000	0.9995
0.0000	0.0000	0.0000	0.0000	1.0000
0.0000	0.0000	0.0000	0.0000	1.0000
0.0000	0.0001	0.0000	0.0000	0.9999
0.0000	0.0001	0.0000	0.0000	0.9999
0.0000	0.0001	0.0000	0.0000	0.9999
0.0000	0.0001	0.0000	0.0000	0.9999
0.0000	0.0003	0.0000	0.0000	0.9997
0.0000	0.0000	0.0000	0.0000	1.0000
0.0000	0.0000	0.0000	0.0000	1.0000
0.0000	0.0001	0.0000	0.0000	0.9999
0.0000	0.0000	0.0000	0.0000	1.0000
0.0000	0.0010	0.0000	0.0000	0.9990
0.0000	0.0081	0.0000	0.0000	0.9919
0.0000	0.0000	0.0000	0.0000	1.0000
0.0000	0.0000	0.0000	0.0000	1.0000
0.0000	0.0005	0.0000	0.0000	0.9995
0.0000	0.0958	0.0000	0.0002	0.9040
0.0000	0.0000	0.0000	0.0000	1.0000
0.0000	0.0040	0.0000	0.0000	0.9960
0.0000	0.0000	0.0000	0.0000	1.0000
0.0000	0.0236	0.0000	0.0000	0.9764
0.0000	0.0038	0.0000	0.0000	0.9962
0.0000	0.0001	0.0000	0.0000	0.9999
0.0000	0.0056	0.0000	0.0000	0.9944
0.0000	0.1786	0.0000	0.0011	0.8203
0.0000	0.0114	0.0000	0.0000	0.9886
0.0000	0.0003	0.0000	0.0000	0.9997
0.0000	0.0003	0.0000	0.0000	0.9997
0.0000	0.0000	0.0000	0.0000	1.0000
0.0000	0.0005	0.0000	0.0000	0.9995
0.0000	0.0022	0.0000	0.0000	0.9978
0.0000	0.0000	0.0000	0.0000	1.0000
0.0000	0.0001	0.0000	0.0000	0.9999
0.0000	0.0218	0.0000	0.0000	0.9782
0.0000	0.0001	0.0000	0.0000	0.9999
0.0000	0.0014	0.0000	0.0000	0.9986
0.0000	0.0053	0.0000	0.0000	0.9947
0.0000	0.0000	0.0000	0.0000	1.0000
0.0000	0.0000	0.0000	0.0000	1.0000
0.0000	0.0001	0.0000	0.0000	0.9999
0.0000	0.0001	0.0000	0.0000	0.9999
0.0000	0.1086	0.0000	0.0003	0.8911
0.0000	0.0002	0.0000	0.0000	0.9998
0.0000	0.0000	0.0000	0.0000	1.0000
0.0000	0.1277	0.0000	0.0004	0.8719
0.0000	0.0121	0.0000	0.0000	0.9879
0.0000	0.0006	0.0000	0.0000	0.9994
0.0000	0.0000	0.0000	0.0000	1.0000
0.0000	0.0030	0.0000	0.0000	0.9970
0.0000	0.0208	0.0000	0.0000	0.9792
0.0000	0.1477	0.0000	0.0019	0.8504
0.0000	0.0000	0.0000	0.0000	1.0000
0.0000	0.0000	0.0000	0.0000	1.0000
0.0000	0.0001	0.0000	0.0000	0.9999
0.0000	0.0082	0.0000	0.0000	0.9918
0.0000	0.0000	0.0000	0.0000	1.0000
0.0000	0.0010	0.0000	0.0000	0.9990
0.0000	0.0002	0.0000	0.0000	0.9998
0.0000	0.0068	0.0000	0.0000	0.9932
0.0000	0.0007	0.0000	0.0000	0.9993
0.0000	0.0099	0.0000	0.0000	0.9901
0.0000	0.9896	0.0000	0.0037	0.0067
0.0000	0.0000	0.0000	0.0000	1.0000
0.0000	0.0001	0.0000	0.0000	0.9999
0.0000	0.0000	0.0000	0.0000	1.0000
0.0000	0.0019	0.0000	0.0000	0.9981
0.0000	0.0208	0.0000	0.0000	0.9792
0.0000	0.0110	0.0000	0.0000	0.9890
0.0000	0.0289	0.0000	0.0000	0.9711
0.0000	0.0001	0.0000	0.0000	0.9999
0.0000	0.0000	0.0000	0.0000	1.0000
0.0000	0.0000	0.0000	0.0000	1.0000
0.0000	0.0000	0.0000	0.0000	1.0000
0.0000	0.0000	0.0000	0.0000	1.0000
