0	0	0	1	0	0	15	0	7	0	0	2	0	0	0	0	0	0	0	0	0	0	0	0	0	0	0	0	0	0	0	0	0	1	0	0	0	1	0	0	2	0	69	0	0	0	0	0	0	1	0	0	0	0	0	0	0	0	2	0	1	0	0	7	0	5	0	0	4	0	0	10	0	1	1	0	0	0	0	0	0	1	0	0	0	0	0	0	0	0	0	0	0	0	0	0	0	0	0	0	0	0	1	0	0	2	0	0	0	0	3	0	0	1	4	0	0	0	0	0	0	0	0	0	0	0	0	0	0	0	0	0	0	0	0	0	0	0	0	0	1	0	0	0	5	0	0	0	0	0	0	0	0	0	0	1	2	2	0	0	0	0	4	0	0	0	5	0	0	0	0	0	0	1	0	0	0	0	0	0	12	0	0	2	0	0	0	0	0	0	0	0	0	3	0	1	0	0	0	0	0	0	0	0	0	0	0	889	0	0	0	0	0	0	0	0	0	0	0	0	20	0	0	0	0	0	0	0	0	0	10	0	0	0	2	0	0	0	0	1	0	0	0	0	0	0	0	0	27	0	0	0	0	0	0	0	0	0	0	0	0	0	0	0	0	4	1	0	0	0	0	0	0	1	0	0	0	0	1	0	0	0	0	0	0	0	0	0	0	0	0	0	0	0
0	0	0	10	0	2	20	0	7	0	0	0	0	1	0	0	0	0	0	0	0	2	0	0	0	0	0	0	0	0	0	0	1	0	0	0	0	0	0	0	3	0	70	0	0	0	0	0	0	0	0	0	8	0	0	0	0	0	2	0	0	0	0	8	0	0	0	0	2	0	0	2	0	2	0	0	0	0	0	0	0	7	0	0	0	0	0	0	0	0	0	0	2	0	2	1	0	0	0	0	0	0	0	0	0	1	0	0	0	0	13	0	0	0	0	0	0	0	0	1	0	0	2	1	1	0	0	0	0	0	0	0	8	0	0	0	0	1	0	2	0	0	0	5	6	0	0	0	0	0	0	0	0	0	0	0	0	1	0	0	0	0	3	0	0	0	2	0	0	0	0	4	0	0	1	0	0	3	0	0	2	0	0	0	2	0	0	0	0	0	0	0	0	0	0	1	0	0	0	0	0	0	6	4	0	0	0	1072	0	0	0	0	0	0	1	0	0	0	0	0	26	0	0	0	0	0	0	2	0	0	17	1	0	0	11	0	0	0	0	0	0	1	0	0	0	0	1	0	75	0	0	0	0	0	0	0	0	0	0	0	0	1	0	0	0	6	2	1	0	0	0	5	3	12	1	0	0	0	0	0	0	0	0	0	0	0	3	0	0	1	0	0	0	0
0	0	0	0	0	0	13	0	9	0	0	0	0	0	0	0	2	0	0	0	0	1	0	0	0	0	0	0	0	0	0	0	0	0	0	0	0	0	0	0	1	0	76	0	0	0	0	0	0	8	0	0	8	0	0	0	0	0	1	0	0	0	0	5	0	0	0	0	33	0	0	1	0	3	0	0	0	0	0	0	0	0	0	0	0	0	0	0	0	0	0	0	0	0	1	0	0	0	0	0	0	0	0	0	0	1	0	0	0	0	5	1	0	0	1	0	0	0	1	1	0	0	0	0	0	0	0	0	0	0	0	1	2	0	7	0	0	0	0	8	0	0	0	0	20	0	0	0	0	0	3	0	0	0	0	0	0	5	0	0	0	0	8	0	0	0	3	0	0	0	0	2	0	3	0	0	0	0	0	0	0	0	0	4	0	0	0	1	0	2	1	0	0	0	0	4	0	0	0	0	0	0	0	4	0	0	0	999	1	0	0	0	0	0	0	0	0	2	0	0	10	0	0	0	0	0	0	0	0	0	0	8	0	0	4	0	1	0	0	0	0	0	0	0	0	0	0	0	10	0	0	0	0	0	0	0	0	0	0	0	0	4	0	0	0	5	0	6	0	0	0	2	0	14	0	0	0	0	0	0	0	2	0	0	0	0	1	0	0	0	0	0	0	0
0	0	0	4	0	0	9	0	9	0	0	0	0	0	0	0	0	1	0	0	0	1	0	1	0	0	0	0	2	0	0	1	0	0	0	0	0	1	0	0	6	0	74	0	0	0	0	0	0	1	0	0	16	0	0	0	0	0	0	0	0	0	0	3	0	5	0	0	11	0	0	8	0	0	0	0	0	0	0	0	0	3	0	0	0	0	0	0	0	0	0	0	0	0	0	0	0	0	0	0	0	0	0	0	0	0	0	0	1	0	4	0	0	1	3	0	0	0	0	1	0	0	0	0	2	0	0	0	0	0	1	0	8	0	2	0	0	0	0	7	0	0	0	0	7	0	0	2	0	0	0	0	0	0	0	0	2	7	0	0	0	0	4	0	0	0	6	0	0	0	0	3	0	0	0	0	2	0	0	0	3	0	0	0	1	0	0	0	0	0	0	0	0	2	0	1	0	0	0	0	0	1	0	0	0	0	0	962	0	0	0	0	0	0	1	0	0	0	0	0	13	0	0	1	0	0	0	0	0	0	6	3	0	0	7	0	0	0	0	0	0	0	0	0	0	0	0	0	26	0	0	0	0	0	0	0	0	0	2	0	1	2	0	0	0	4	0	5	0	0	0	2	0	11	0	0	0	0	0	0	0	0	0	0	1	0	0	0	0	0	0	0	0	0
0	0	0	0	0	0	7	0	4	0	0	2	0	1	0	0	0	0	0	0	0	0	0	0	0	0	0	0	0	0	0	0	0	0	0	0	0	0	0	0	1	0	28	0	0	0	0	0	0	0	0	0	2	0	0	0	0	0	1	0	0	0	0	2	0	0	0	0	1	0	0	0	0	0	1	0	0	0	0	0	0	0	0	0	0	0	0	0	0	0	0	0	1	1	0	0	0	0	0	0	0	0	0	0	0	0	0	0	0	0	2	0	0	0	0	0	0	0	0	1	0	0	0	0	0	1	0	0	0	0	0	0	0	0	1	0	0	0	0	4	1	0	0	0	1	0	0	0	0	0	0	0	0	0	0	0	0	3	0	0	0	0	13	0	0	0	1	0	0	0	0	0	0	0	0	0	0	0	1	0	0	0	0	0	0	0	0	0	0	0	0	0	0	0	0	0	0	0	0	0	0	0	0	0	0	0	0	545	0	0	0	0	0	0	0	0	0	0	0	0	5	0	0	0	0	0	0	1	0	0	10	0	0	0	0	0	0	0	0	1	0	0	0	0	0	0	0	1	36	0	0	0	0	0	0	0	0	0	0	0	0	0	0	0	0	2	1	1	0	0	0	0	0	0	0	0	0	0	0	0	0	0	0	0	0	0	0	0	0	0	1	0	0	0
0	0	0	5	0	0	12	0	3	0	0	4	0	0	0	0	0	0	0	0	0	0	0	0	0	0	0	0	0	0	0	1	0	0	0	0	0	0	0	1	0	0	38	0	0	0	0	0	0	1	0	0	5	1	0	0	0	0	0	0	0	0	0	3	0	0	0	0	3	0	0	3	0	1	0	0	0	0	0	0	0	0	0	0	0	0	0	0	0	0	0	0	0	0	3	0	0	0	0	0	0	0	0	0	0	1	0	0	0	0	1	0	0	0	3	0	0	0	0	1	0	0	0	0	0	0	0	0	0	0	0	0	1	0	1	0	0	0	0	1	0	0	0	1	5	0	0	0	0	0	0	0	0	0	0	0	0	13	0	0	0	0	1	0	0	0	10	0	0	0	0	0	0	0	0	0	0	0	0	0	1	2	0	0	1	0	0	0	0	0	0	0	0	2	0	1	0	0	0	0	0	0	2	2	0	0	0	898	0	0	0	0	0	1	0	0	0	0	0	0	18	0	0	0	0	0	0	0	0	0	19	0	0	0	5	0	0	0	0	1	0	0	0	0	0	0	1	0	31	0	0	0	0	0	0	0	1	0	0	1	0	2	0	0	0	3	0	1	0	0	0	3	0	6	0	0	0	0	0	0	0	0	0	0	0	0	0	0	0	0	0	0	0	0
0	0	0	0	0	0	5	0	4	0	0	1	0	0	0	0	0	0	0	0	0	1	0	0	0	0	0	0	0	0	0	0	0	0	0	1	0	0	0	0	0	0	29	0	0	0	0	0	0	0	0	0	2	0	0	0	0	0	0	0	0	0	0	0	0	0	0	0	0	0	0	3	0	2	0	0	0	0	0	0	0	0	0	0	1	0	0	0	0	0	0	0	0	0	0	0	0	0	0	0	0	0	1	0	0	1	0	0	0	0	4	0	0	2	9	0	1	0	1	0	0	0	0	0	0	0	0	0	0	0	0	0	1	0	0	0	0	0	0	0	0	0	1	0	1	0	0	0	0	0	0	0	0	0	0	0	0	9	0	0	0	0	11	0	0	0	4	0	0	0	0	0	0	0	0	0	0	0	0	0	15	0	0	0	3	0	0	0	0	0	0	0	0	0	0	0	0	0	0	0	0	0	0	0	0	0	0	532	0	0	0	1	0	0	0	0	0	0	0	0	13	0	0	0	0	0	0	0	0	0	5	0	0	0	0	0	0	0	0	0	0	0	0	0	0	0	0	0	9	0	0	0	0	0	0	0	0	0	2	0	0	0	0	0	0	0	0	0	0	0	0	2	0	1	0	0	0	0	0	0	0	1	0	0	0	0	0	0	0	0	0	0	0	0
0	0	0	8	0	1	10	0	2	0	0	4	0	0	0	0	0	0	0	0	0	1	0	0	0	0	0	0	1	0	0	0	0	0	0	0	0	1	0	0	1	0	34	0	0	0	0	0	0	0	0	0	1	0	0	0	0	0	1	0	0	0	0	1	0	4	0	0	1	0	0	3	0	2	0	0	1	0	0	0	0	0	0	0	0	0	0	0	0	0	0	0	0	0	0	0	1	0	0	0	0	0	0	0	0	0	0	0	0	0	3	0	0	0	1	0	0	0	0	2	0	0	0	0	0	0	0	0	0	0	0	0	3	0	0	0	0	0	0	2	0	0	0	0	1	0	0	0	0	0	1	0	1	1	0	0	3	2	0	0	0	0	13	0	0	0	0	0	0	0	0	0	0	0	0	0	0	0	0	1	4	0	0	9	0	0	0	0	0	0	0	0	0	0	0	0	0	0	0	0	0	0	0	2	0	0	0	582	0	0	0	0	0	0	0	0	0	0	0	0	6	0	0	0	0	0	2	1	0	0	0	0	0	0	4	0	2	0	1	0	0	0	1	0	0	0	2	0	8	0	0	0	0	0	0	0	0	0	0	0	0	1	0	0	0	3	4	0	0	0	0	4	1	0	0	0	0	0	0	0	0	0	0	0	0	0	0	0	0	0	0	0	0	0
0	0	0	4	0	0	12	0	5	0	0	0	0	2	0	0	0	0	0	0	0	0	0	0	0	0	0	0	0	0	0	0	0	0	0	0	0	0	0	0	0	0	45	0	0	0	0	0	0	2	0	0	2	0	0	0	0	0	0	0	0	0	0	1	0	0	0	0	1	0	0	2	0	1	0	0	0	0	0	0	0	0	0	0	0	0	0	0	0	0	0	0	2	0	1	0	0	0	0	0	0	0	0	0	0	2	0	0	0	0	2	0	0	1	5	0	0	0	0	1	0	0	0	0	0	0	0	0	0	0	0	0	1	0	0	0	0	0	0	4	0	0	0	1	1	0	0	0	0	0	1	0	0	0	0	0	0	1	0	0	0	0	0	0	0	0	9	0	0	0	0	0	0	0	0	0	0	0	2	0	10	2	0	1	0	0	0	0	0	0	0	0	0	1	0	0	0	0	0	0	0	0	1	1	0	0	0	1088	3	0	0	0	0	0	0	0	0	0	0	0	12	0	0	0	0	0	0	0	0	0	16	0	0	0	1	0	0	0	0	1	0	0	0	0	0	0	1	0	40	0	0	0	0	0	0	0	0	0	0	0	0	1	0	0	0	2	3	3	0	0	0	2	2	2	0	0	0	0	0	0	0	0	0	0	0	0	0	0	0	0	0	0	0	0
0	0	0	0	0	0	6	0	10	0	0	4	0	0	0	0	0	0	0	0	0	1	0	0	0	0	0	0	0	0	0	0	0	0	2	0	0	0	0	0	0	0	34	0	0	0	0	0	0	1	1	0	1	0	0	0	0	0	1	0	0	0	0	2	0	0	0	0	4	0	0	2	0	0	0	0	0	0	0	0	0	4	2	0	0	0	0	0	0	0	0	0	1	0	0	0	0	0	0	0	0	0	0	0	0	0	0	0	0	0	6	0	0	0	3	0	0	0	0	0	0	0	0	1	3	0	0	0	0	0	0	0	0	0	1	0	0	0	0	0	0	0	0	0	7	0	0	0	0	0	0	0	0	0	0	0	0	6	0	0	0	0	0	0	0	0	7	0	0	0	1	4	1	0	0	0	0	0	1	0	5	1	0	0	4	0	0	0	0	0	0	0	0	0	0	0	0	0	0	0	0	0	0	0	0	0	0	1245	2	0	0	0	0	0	3	0	0	0	0	0	15	0	0	0	0	0	0	0	0	0	15	0	0	0	4	0	0	0	0	0	0	0	0	0	0	0	0	0	14	0	0	0	0	0	0	0	0	0	2	0	0	0	0	0	0	5	0	1	0	0	0	0	0	10	0	0	0	0	0	0	0	0	0	0	0	0	1	0	0	0	0	0	0	0
0	0	0	8	0	0	2	0	6	0	0	0	0	0	0	0	0	0	0	0	0	1	0	0	0	0	0	0	0	0	0	0	0	1	1	0	0	0	0	0	1	0	30	0	0	0	0	0	0	2	1	0	6	0	0	0	0	0	3	0	0	0	0	0	0	1	0	0	7	0	0	0	0	1	1	0	0	0	0	0	0	2	1	0	0	0	0	0	0	0	0	0	0	0	0	0	0	0	0	0	0	0	0	0	0	0	0	0	0	0	4	0	0	0	1	0	0	0	0	1	0	0	0	3	2	0	0	0	0	0	0	0	4	0	1	0	0	0	0	2	1	0	0	1	6	0	0	0	0	0	0	0	0	0	0	1	0	4	0	0	0	0	0	0	0	0	4	0	0	0	2	5	3	0	0	0	0	0	0	0	1	2	0	0	2	0	0	0	0	0	0	0	0	0	0	1	1	0	0	0	0	0	3	0	0	0	0	1295	1	0	0	0	0	0	2	0	0	0	0	0	12	0	0	0	0	0	0	0	0	0	1	0	0	0	12	0	0	0	0	0	0	0	0	0	0	0	0	0	37	0	0	0	0	0	0	0	0	0	0	0	0	1	0	0	0	1	1	2	0	0	0	4	0	21	0	0	0	0	1	0	0	0	0	0	0	0	1	0	0	0	0	0	0	0
0	3	1	0	1	0	115	0	6	0	1	0	2	0	8	0	0	0	7	0	3	2	1	0	0	2	0	0	0	0	1	0	2	0	0	0	0	0	0	1	5	0	50	0	1	1	0	0	0	1	0	6	3	0	0	1	1	0	13	0	0	1	0	8	0	0	2	2	0	0	0	0	0	0	4	0	3	0	4	3	0	0	2	2	0	0	0	1	0	0	0	1	0	1	0	2	0	3	0	1	0	2	0	1	0	0	0	0	3	13	13	0	0	0	0	0	0	0	0	0	5	1	0	1	0	3	3	0	0	32	0	0	0	0	1	40	0	0	0	17	0	0	1	0	9	0	0	0	0	0	0	7	0	0	0	1	0	8	2	0	1	3	1	0	23	0	146	2	0	2	0	5	0	2	0	0	0	0	27	3	0	1	0	0	1	0	0	0	0	0	2	0	0	0	2	3	2	1	0	4	8	0	9	0	14	0	0	43	0	0	1	4	0	47	2	1	0	0	0	0	5	0	2	48	0	0	0	2	0	0	0	0	0	7	0	1	0	1	0	0	0	6	0	0	5	0	15	0	68	0	9	2	0	0	0	0	0	1	0	0	1	0	0	0	0	13	0	16	7	1	0	0	0	22	0	0	0	0	0	1	0	0	0	0	0	0	0	0	1	1	0	0	0	7
0	0	12	0	0	0	16	2	13	0	0	6	0	0	12	1	0	0	1	0	4	2	2	0	0	1	0	0	0	0	1	0	0	0	0	0	0	0	1	0	2	0	78	0	2	1	0	0	0	1	0	10	10	0	1	0	0	2	6	0	0	1	2	2	0	1	2	0	0	0	0	1	1	0	7	0	0	0	3	1	0	4	3	1	0	2	0	2	1	3	0	0	2	1	0	7	0	17	0	0	0	6	8	2	0	1	0	0	7	10	4	0	0	1	7	0	0	0	0	0	1	1	1	0	0	8	3	0	1	29	0	0	0	0	4	133	0	0	0	25	0	0	1	0	17	0	0	0	1	0	0	7	0	0	0	0	0	5	0	0	0	1	23	0	10	0	22	0	1	0	0	20	0	0	5	1	0	0	65	5	7	3	1	0	0	2	0	1	0	0	2	0	0	0	3	1	4	0	0	1	6	1	8	8	20	1	0	160	0	0	1	3	1	28	7	2	1	0	0	0	11	0	0	13	0	0	1	1	1	0	0	0	0	2	1	5	0	3	0	0	0	1	0	3	9	0	1	1	168	1	2	4	0	0	0	1	0	1	0	0	3	1	0	0	0	6	0	12	2	0	1	1	0	22	0	0	0	0	0	0	1	0	0	1	0	0	0	2	2	0	0	0	0	3
2	1	10	0	0	0	26	2	12	0	0	11	1	1	7	0	0	0	11	0	1	0	0	0	0	1	0	1	0	1	1	0	0	0	0	0	0	1	5	0	9	0	84	0	2	1	0	0	0	0	0	5	6	2	1	1	0	5	15	0	0	1	0	6	0	2	1	2	0	0	0	1	3	0	3	0	0	1	4	0	0	3	2	4	0	0	0	0	1	5	1	1	4	0	0	3	0	9	0	1	0	3	0	0	0	0	0	0	9	11	10	2	0	1	19	3	0	0	0	0	9	2	0	2	0	5	2	0	1	45	0	0	0	1	6	11	0	0	0	14	0	0	0	0	27	1	0	0	0	0	1	0	0	0	0	0	0	58	2	3	2	0	13	0	12	0	63	1	0	3	1	15	1	4	4	1	0	0	27	2	1	0	2	0	0	0	0	0	0	2	2	0	0	0	3	1	4	0	0	11	3	0	2	2	30	0	0	158	0	1	3	7	0	41	2	0	0	0	0	0	1	0	3	18	0	0	2	0	0	0	0	0	0	4	0	0	0	5	1	0	1	1	0	3	3	0	3	0	71	1	7	1	0	0	0	0	0	0	5	0	0	0	0	0	0	12	0	38	0	0	0	0	0	25	0	0	0	0	0	2	0	0	1	0	0	0	0	0	0	1	0	0	0	10
1	0	4	0	0	0	266	0	5	0	7	1	0	0	1	1	0	1	2	0	1	0	2	0	0	5	4	0	0	0	0	0	0	0	0	0	1	0	0	0	2	0	66	0	0	2	0	0	0	1	1	54	3	0	0	0	0	1	5	0	0	0	0	2	0	0	0	0	0	0	0	0	0	0	3	0	0	0	0	0	1	0	0	0	0	0	0	0	0	2	0	1	1	0	0	1	0	4	0	1	0	1	0	3	0	0	0	0	3	1	4	0	0	0	3	2	2	1	0	0	1	0	0	0	0	3	1	0	0	15	0	0	0	0	0	29	0	0	0	6	0	0	0	0	7	0	0	0	0	0	0	8	0	0	0	0	0	2	0	0	0	0	8	0	76	1	48	2	1	7	0	0	0	0	0	1	0	0	10	12	0	0	1	0	0	0	0	0	0	0	0	1	0	0	4	0	1	8	0	1	2	0	0	0	8	0	0	25	0	0	1	2	0	13	1	1	0	0	0	0	11	0	1	105	0	0	0	0	0	0	0	0	0	26	1	13	0	0	0	0	0	12	0	0	6	0	8	2	34	0	0	0	1	0	0	0	0	3	0	0	0	0	0	0	0	30	0	16	13	0	0	0	0	14	0	0	0	0	0	0	1	0	2	1	0	0	0	1	10	0	2	0	0	1
0	5	3	0	0	0	7	0	27	0	0	2	0	1	6	0	0	0	13	0	0	3	0	0	0	2	0	0	0	0	0	0	1	0	0	0	0	0	0	0	4	1	66	0	1	1	0	0	0	3	2	13	3	0	0	0	0	0	3	1	0	0	1	2	0	0	1	0	0	0	0	2	0	0	2	0	0	2	1	0	0	2	4	4	0	0	0	0	0	4	0	0	8	0	0	0	0	4	0	0	1	2	1	0	0	14	0	0	4	6	22	0	0	0	4	1	0	0	0	0	6	0	1	0	0	10	1	0	2	16	0	0	0	0	1	44	0	0	0	14	2	2	1	0	34	0	0	0	0	0	0	9	0	0	0	7	0	66	5	0	0	3	22	0	10	0	15	4	0	0	5	1	1	1	6	0	0	0	50	1	14	0	2	0	0	0	0	0	0	0	4	0	0	0	5	1	10	0	0	5	0	0	5	0	6	0	1	237	0	0	2	4	0	49	3	0	1	0	0	0	43	0	2	13	0	0	0	0	0	0	0	0	4	1	0	3	2	7	1	1	0	0	0	2	0	1	0	0	139	0	6	0	0	1	0	0	0	0	2	0	0	0	0	0	0	3	0	12	6	0	0	0	0	40	0	0	0	0	0	2	1	0	0	0	0	0	0	0	0	0	0	0	0	1
5	0	7	0	0	0	56	0	3	0	0	2	6	0	3	0	0	0	5	0	3	0	0	0	0	1	1	0	0	1	1	0	4	0	0	0	1	0	0	3	4	1	27	1	2	3	0	0	0	2	0	15	5	0	0	0	2	1	2	2	0	1	1	3	0	0	1	4	0	0	0	0	1	0	3	0	0	2	4	0	0	1	3	0	0	0	0	0	3	1	0	0	7	0	0	2	0	9	0	1	1	2	0	1	0	3	0	0	8	6	19	1	0	0	0	2	0	3	0	0	3	2	0	0	0	4	5	0	0	44	0	0	0	0	4	4	0	0	0	13	0	1	0	0	6	1	0	0	1	0	0	1	0	0	0	3	0	0	4	0	1	4	2	0	24	0	40	2	0	13	0	3	0	0	4	0	0	0	53	4	4	0	0	0	0	0	0	0	0	2	4	2	0	0	5	2	4	1	0	12	3	0	6	0	9	0	2	60	0	0	5	10	0	53	1	1	1	0	0	0	4	0	3	35	0	0	0	0	0	0	0	0	1	7	0	2	0	3	0	0	1	2	0	2	5	1	0	0	94	0	17	1	1	0	0	0	0	1	1	0	0	0	0	0	0	17	0	31	1	0	0	0	0	14	0	0	1	0	0	2	0	0	0	0	0	0	0	2	4	0	0	1	0	5
0	1	0	0	0	0	70	0	12	0	2	0	0	0	1	1	0	0	1	0	0	1	0	0	0	1	0	0	0	0	0	0	3	1	0	6	0	0	2	1	19	0	64	0	0	0	0	0	0	2	0	13	3	0	0	0	0	0	5	0	0	0	1	11	0	1	0	0	0	0	0	1	0	0	0	0	0	8	0	0	0	0	7	0	0	0	0	2	0	0	10	1	3	0	0	1	0	2	0	0	0	0	0	0	0	0	0	0	25	2	40	3	1	0	0	9	1	0	0	0	0	0	0	0	0	4	0	0	0	6	0	0	0	0	5	90	0	0	0	25	0	0	2	0	17	1	0	0	0	0	0	10	0	0	0	1	0	3	1	9	0	0	1	0	20	1	33	1	0	0	0	4	0	4	0	0	0	1	20	0	1	1	2	0	0	2	0	0	0	1	1	0	0	0	3	2	2	0	0	1	0	0	2	1	11	1	0	87	0	7	1	1	0	12	1	1	0	0	0	0	7	0	0	27	0	0	0	0	0	0	0	0	0	5	0	1	0	0	0	0	0	2	0	1	0	0	2	0	81	0	3	6	0	0	0	0	0	3	4	0	0	3	1	0	0	15	0	56	1	0	0	1	0	32	0	0	0	0	0	0	1	0	0	0	0	0	0	2	0	0	1	0	0	0
3	0	3	0	0	0	133	0	3	0	0	6	1	1	2	1	1	0	1	0	0	0	1	0	0	2	2	0	0	0	0	0	0	1	0	0	0	0	0	0	0	0	39	0	0	0	0	0	0	0	0	17	3	0	0	1	1	0	22	0	0	0	1	0	0	2	0	0	0	0	0	0	2	0	0	0	1	0	4	0	2	1	0	0	0	0	0	0	2	0	0	1	6	0	0	1	0	8	0	0	0	3	0	3	0	3	0	0	2	3	2	0	0	0	0	0	0	2	0	0	3	0	0	1	0	2	2	1	0	17	0	0	0	0	1	15	0	0	0	3	0	0	0	0	7	0	0	0	1	0	0	3	0	0	0	1	1	0	1	0	2	1	0	0	31	0	123	0	0	4	1	2	0	0	1	0	0	0	20	2	4	1	1	0	0	1	0	0	0	1	1	1	0	0	2	0	5	3	0	5	0	0	0	0	12	0	0	178	0	0	0	3	0	27	0	1	0	0	0	0	25	1	0	58	0	0	0	0	0	0	0	0	0	6	0	8	0	0	0	0	0	7	0	0	5	1	8	0	55	0	5	1	0	0	0	0	0	2	1	0	0	0	0	0	0	15	0	4	1	0	1	0	0	2	0	0	0	0	0	0	0	0	0	0	0	0	0	1	5	0	0	0	0	2
5	0	5	0	0	0	83	1	8	0	0	6	3	0	1	0	0	0	9	0	0	0	1	0	0	1	0	0	0	0	2	0	1	0	0	0	3	1	0	0	4	0	39	1	4	0	0	0	0	1	0	13	0	0	0	0	0	0	12	1	0	1	1	3	0	2	0	0	0	0	0	2	4	0	1	0	1	0	5	0	0	4	4	0	0	0	0	0	1	2	0	0	1	0	0	4	0	6	0	0	0	2	0	0	0	2	1	0	7	7	12	0	0	0	1	0	0	1	0	0	4	2	0	0	0	2	3	0	0	34	0	0	0	0	1	18	0	0	0	3	0	0	0	0	5	1	0	0	1	0	0	2	0	0	0	1	0	8	4	0	0	0	4	0	29	0	72	0	0	1	0	2	0	0	2	0	0	0	10	1	9	0	2	0	1	0	0	0	0	0	2	2	0	2	12	0	1	0	0	5	1	0	0	0	19	0	2	36	0	0	0	8	0	51	2	0	0	0	0	0	0	0	4	30	0	1	0	0	1	1	0	0	1	10	0	1	0	1	0	0	0	2	0	1	1	2	4	0	27	0	14	1	0	0	0	0	0	2	0	0	0	0	0	0	0	16	0	16	2	1	0	0	0	7	0	0	0	0	2	2	0	0	0	0	0	0	0	2	3	1	0	0	0	6
3	2	2	1	1	0	50	1	13	0	0	15	0	0	8	0	0	0	0	0	0	1	0	0	0	0	0	1	0	0	0	0	0	0	0	0	0	1	0	0	8	4	87	0	0	4	1	0	0	3	0	2	6	0	0	0	0	0	25	0	0	0	0	8	0	1	2	0	0	0	0	2	1	0	0	0	0	3	1	0	0	4	2	1	0	0	0	0	0	8	2	0	4	0	0	0	0	11	0	0	0	0	0	1	0	0	0	0	3	1	10	0	0	0	8	4	0	3	0	0	0	0	0	0	0	9	0	0	0	1	2	0	1	0	0	20	0	0	0	15	0	0	0	0	20	0	0	0	0	0	0	2	0	0	0	4	1	25	0	4	0	0	10	0	16	0	87	1	0	3	0	5	0	2	7	2	1	1	34	1	2	0	1	0	0	0	0	0	0	1	0	0	0	2	1	2	3	2	0	0	0	0	1	5	4	0	1	92	0	2	4	1	0	9	0	0	0	2	1	0	5	0	0	19	0	0	0	0	0	0	0	0	0	0	0	0	0	3	0	0	0	1	0	1	1	0	3	0	86	3	1	0	1	1	0	1	0	0	1	0	4	4	0	0	0	4	0	25	4	1	0	0	0	42	1	0	0	0	0	0	3	0	2	1	0	0	0	0	0	1	0	0	0	0
2	0	2	0	0	0	47	0	2	0	2	3	1	0	8	2	0	0	2	1	0	0	0	0	0	1	1	0	0	0	0	0	1	0	0	0	0	0	0	0	1	1	57	0	0	1	1	0	0	1	0	12	12	0	0	0	0	1	19	0	0	0	0	1	0	0	0	0	0	0	2	2	0	1	2	0	1	0	8	0	0	0	1	0	0	0	0	0	0	8	0	0	1	0	0	1	0	11	0	0	0	1	1	0	0	0	0	0	1	6	8	0	0	0	5	0	0	0	0	0	2	0	0	0	0	11	2	1	1	26	0	0	1	1	2	9	0	0	0	8	0	0	1	0	20	0	0	0	0	0	1	1	0	0	0	4	1	0	1	0	0	2	10	0	17	1	104	2	2	0	0	3	0	0	2	1	0	0	28	1	9	1	0	1	1	1	0	0	0	0	3	0	0	0	8	0	8	0	0	4	3	0	1	0	14	0	1	43	0	0	1	5	0	37	1	1	1	0	1	0	20	0	0	23	0	0	2	0	0	0	0	0	0	4	1	2	0	3	0	0	0	1	0	4	0	1	6	0	66	0	6	0	0	0	0	0	0	1	0	0	0	0	0	0	0	10	0	12	4	2	0	0	0	14	0	0	0	0	0	0	0	0	1	1	0	0	0	0	0	0	0	0	0	8
3	0	0	0	0	0	111	0	1	0	5	1	0	1	3	0	0	0	1	2	2	0	1	0	0	0	3	0	0	0	0	0	0	0	0	0	0	0	2	0	5	0	41	0	0	1	0	0	0	0	0	21	5	0	0	0	0	3	7	1	0	0	1	1	0	0	0	0	0	0	2	3	1	0	0	0	0	1	6	0	0	0	0	0	1	0	0	0	1	1	0	0	0	0	0	0	0	1	0	0	1	1	0	1	1	2	0	0	5	7	3	0	0	0	12	0	3	1	0	0	0	1	0	0	0	5	1	0	3	10	0	0	0	1	1	6	0	0	0	5	0	0	0	0	9	0	0	0	0	0	1	2	0	0	0	2	0	0	0	0	0	1	26	0	23	4	101	2	1	1	0	2	0	0	9	1	0	0	12	5	14	0	0	0	0	0	0	0	2	0	1	0	1	0	3	2	5	2	0	4	1	0	5	1	16	0	3	31	0	0	2	5	0	39	1	0	0	0	0	0	14	0	0	44	1	1	1	0	1	0	0	0	0	6	1	6	0	1	0	0	0	5	0	0	2	2	9	1	59	0	12	3	0	0	0	0	0	1	1	0	0	1	0	0	0	14	0	10	1	0	0	0	0	16	0	0	0	0	0	1	0	0	3	0	0	0	0	0	2	0	0	0	0	4
0	0	0	0	0	0	4	0	7	2	0	13	0	2	0	0	0	0	0	0	0	0	1	0	0	0	0	0	0	0	0	0	1	0	0	0	0	0	0	0	0	0	34	0	0	0	0	0	0	0	0	0	0	0	1	0	0	0	6	0	0	0	1	0	0	1	0	0	0	0	0	11	0	0	0	6	1	0	0	0	0	0	0	0	2	0	1	0	0	0	0	0	1	0	0	0	0	0	0	0	0	0	0	0	0	0	0	0	1	0	0	0	0	0	0	0	0	0	0	0	0	0	0	2	0	0	0	0	0	0	0	0	1	0	0	0	0	1	0	2	0	0	0	2	12	0	0	0	0	1	2	0	0	0	0	0	0	69	0	0	0	0	16	1	0	0	19	0	0	0	0	2	0	0	0	0	1	0	2	0	2	0	0	0	0	0	4	0	0	0	0	0	0	1	0	0	0	0	1	0	0	0	0	0	0	0	0	701	0	0	0	0	0	0	1	0	0	0	0	0	2	2	0	3	0	0	0	0	0	0	0	1	0	1	1	0	0	0	0	0	0	0	5	0	0	0	2	0	25	0	0	0	0	0	0	2	0	0	2	0	0	0	0	3	0	3	0	1	2	0	0	0	0	6	1	1	0	0	0	0	0	0	0	0	1	0	0	0	0	1	0	0	4	0
0	0	0	0	0	1	0	0	15	0	0	3	0	1	0	1	0	0	0	0	0	0	0	0	0	0	0	0	0	0	0	0	0	0	1	0	0	4	0	0	0	0	15	0	0	0	2	0	0	0	0	0	2	1	0	0	0	0	4	0	0	0	0	0	1	0	0	0	1	0	0	6	0	0	0	1	11	0	0	0	0	0	0	1	1	0	1	0	0	0	0	0	3	0	0	0	3	0	1	0	0	0	0	0	0	0	2	1	0	0	1	0	0	0	3	0	0	0	0	0	0	0	0	8	3	0	0	0	0	0	0	0	0	0	0	0	1	0	0	0	0	0	0	0	1	0	0	0	0	0	0	2	0	0	0	0	0	28	0	0	0	0	7	0	0	0	21	0	0	0	0	3	0	0	0	0	0	1	4	0	6	0	0	0	0	0	2	3	0	0	0	0	0	1	0	0	0	2	0	0	0	0	27	15	0	1	0	1067	0	0	0	0	0	0	1	0	0	0	0	0	4	0	0	7	0	0	0	3	0	0	0	0	0	0	0	0	0	0	0	0	0	1	5	0	0	0	3	0	11	0	0	0	0	0	1	0	0	0	5	0	0	0	0	1	1	2	5	1	0	0	0	0	0	0	0	0	0	4	0	0	0	0	0	0	0	0	0	1	0	0	0	0	0	0
0	0	0	0	0	3	5	0	16	1	0	3	0	2	0	0	0	0	0	0	0	0	0	0	0	1	0	0	0	0	0	0	0	0	0	0	0	0	0	0	0	0	10	0	0	0	0	0	0	2	2	0	3	3	0	0	0	0	9	0	0	0	0	0	0	0	0	0	0	2	0	29	0	0	0	0	24	0	0	0	0	1	0	2	0	0	1	0	0	0	0	0	1	0	1	0	0	0	0	1	0	0	0	0	0	0	6	1	0	0	0	0	1	0	0	0	0	0	0	0	0	0	9	6	5	0	0	0	0	0	0	0	0	0	0	0	0	1	0	1	0	0	0	1	28	0	0	0	0	1	4	3	1	0	0	0	0	41	0	0	0	0	41	2	0	0	10	0	0	0	0	1	0	0	0	0	0	2	6	0	14	0	1	0	1	0	2	5	0	0	0	0	0	3	0	0	0	0	1	0	0	0	0	0	1	2	0	479	0	0	0	0	0	0	0	0	0	2	0	1	3	0	0	1	1	0	0	0	0	0	0	0	0	0	5	0	0	0	1	0	0	0	0	0	0	0	2	0	18	0	0	0	0	0	2	0	0	0	6	0	0	1	4	0	1	1	0	0	1	0	0	2	0	5	0	0	0	0	0	0	0	0	0	0	2	0	0	0	0	2	0	2	0	0
0	0	0	0	0	0	3	0	9	0	0	7	0	0	0	0	1	0	0	1	0	0	0	0	0	0	0	0	0	0	0	0	0	0	1	0	0	0	0	0	0	0	36	0	0	0	0	0	0	0	0	0	1	0	0	1	0	0	6	0	0	0	0	0	0	0	0	0	1	0	0	21	0	0	0	0	1	0	0	0	0	1	0	1	2	0	0	0	0	0	0	0	2	2	2	0	0	0	0	1	0	0	0	0	1	1	6	1	0	0	0	0	0	0	0	0	0	0	0	0	0	0	1	0	5	0	0	0	0	0	1	0	0	0	0	0	0	1	0	5	0	0	1	0	96	0	0	0	0	0	0	0	0	0	0	0	0	26	0	0	0	0	11	0	0	0	18	0	0	0	0	1	1	0	0	0	1	0	0	0	9	0	0	0	0	0	0	0	0	0	0	0	0	1	0	0	0	0	0	0	0	0	0	0	0	0	0	738	0	0	0	0	0	0	0	2	0	1	0	0	1	3	0	5	0	0	0	0	0	0	0	0	1	1	3	1	0	0	0	0	0	0	0	0	0	0	1	2	2	0	1	0	0	0	0	1	0	0	7	0	0	1	0	0	2	1	0	4	0	1	0	1	0	4	0	1	1	0	0	0	1	1	0	0	0	0	0	0	0	8	0	1	0	0
0	0	0	0	0	0	2	0	5	0	0	9	0	2	0	0	0	0	0	1	0	0	0	0	0	0	0	0	0	0	0	0	0	0	0	0	0	0	0	0	0	0	32	0	0	0	0	0	0	0	0	0	1	0	0	1	0	0	2	0	0	0	0	1	5	0	0	0	1	0	1	10	0	0	0	3	0	0	0	0	0	3	1	2	1	0	0	0	0	0	0	0	2	0	0	0	0	0	0	2	0	0	0	0	1	0	1	0	0	0	2	0	2	0	0	0	0	0	0	0	0	0	4	0	9	0	0	0	0	0	0	0	0	1	0	0	1	0	0	0	1	0	5	0	112	0	0	1	0	0	2	0	0	1	0	0	0	38	0	0	0	0	6	3	0	0	10	0	0	0	0	0	2	0	0	0	1	0	2	0	5	0	0	2	0	0	2	0	1	0	0	0	1	2	0	0	0	0	0	0	0	3	0	0	2	0	0	587	0	0	0	0	0	1	1	0	0	0	1	0	2	2	0	2	1	0	0	0	0	0	0	2	0	1	0	0	0	1	0	0	0	0	2	0	0	0	8	0	4	0	0	0	0	0	1	0	0	0	10	1	1	5	0	0	0	2	0	0	0	3	0	8	0	1	6	1	0	0	0	0	0	0	0	0	0	0	0	0	0	7	0	0	2	0
0	0	0	0	0	0	7	0	8	8	0	15	0	0	0	0	1	0	0	0	0	0	0	1	0	1	0	0	0	0	0	0	0	0	0	0	0	0	0	0	0	0	11	0	0	0	0	0	1	0	0	0	1	0	2	0	0	0	2	0	0	0	0	0	0	1	0	0	1	0	0	17	0	0	0	3	0	0	0	0	0	0	0	1	0	0	0	0	0	0	0	0	0	0	3	0	3	0	0	0	0	0	0	0	0	0	4	2	0	0	0	0	1	0	0	0	0	0	0	0	0	0	0	0	2	0	0	0	0	0	1	1	0	0	0	0	0	0	1	1	0	0	0	0	5	0	0	0	0	0	0	2	0	1	0	0	0	24	0	0	0	0	38	0	0	0	12	0	0	0	0	0	0	0	0	0	0	0	0	0	5	0	0	1	0	0	0	0	1	0	0	0	0	0	0	0	0	0	4	0	0	0	2	1	0	0	0	746	0	0	0	0	0	0	0	0	0	0	0	0	5	0	0	2	0	0	0	0	0	0	0	0	0	1	3	1	1	0	0	0	0	1	0	0	0	0	4	0	1	0	0	0	0	0	0	2	0	0	0	1	0	0	1	0	0	5	0	1	0	0	0	0	0	1	2	0	0	0	0	0	0	0	0	0	0	0	0	0	0	1	0	0	17	0
0	0	0	0	0	0	0	0	12	0	0	7	0	5	0	0	0	0	0	0	0	1	0	0	0	0	0	0	0	0	0	0	1	0	0	0	0	0	0	0	1	0	14	0	0	0	0	0	0	0	0	0	1	0	0	0	0	0	6	0	0	0	0	1	3	2	0	0	0	0	0	3	0	0	0	2	0	0	0	0	0	0	0	1	0	0	1	0	0	1	0	0	2	0	0	0	0	0	0	0	0	0	0	0	0	0	1	0	0	0	3	0	3	0	0	0	0	0	0	0	0	0	0	0	2	0	0	0	0	0	0	0	0	0	0	0	0	1	0	1	0	0	0	1	7	0	0	0	0	0	2	1	0	0	0	0	0	48	0	0	0	0	1	0	0	0	4	0	0	0	0	3	0	0	0	0	4	0	0	0	1	0	0	1	0	0	6	0	0	0	0	0	0	1	0	0	0	0	0	0	0	0	0	0	0	0	0	626	0	0	0	0	0	0	2	0	0	0	0	0	2	0	0	0	0	0	0	0	0	0	0	0	0	0	1	0	0	0	0	0	0	0	7	0	0	0	0	0	21	0	0	0	0	0	0	1	1	0	2	0	1	0	0	1	0	2	0	2	2	0	0	1	0	3	0	2	0	0	0	0	0	0	0	0	0	0	0	0	0	1	0	0	0	0
0	0	0	0	0	0	11	0	3	0	0	13	0	0	0	0	0	0	0	0	2	0	0	0	0	1	0	0	1	0	0	0	0	0	1	0	0	1	0	0	0	0	21	0	0	0	0	0	1	0	0	0	3	0	0	1	0	0	3	0	0	0	0	1	0	0	0	0	8	1	0	16	0	0	0	0	1	0	0	0	0	4	1	0	0	0	1	0	0	2	0	0	8	1	1	0	0	0	0	0	0	0	0	0	0	0	8	3	0	0	0	0	0	2	3	0	0	0	0	0	0	0	1	3	8	0	0	1	0	0	2	0	0	1	0	0	1	1	0	4	1	0	1	0	95	0	0	3	0	2	2	2	1	0	0	0	0	134	0	0	0	0	52	0	0	0	20	0	2	0	0	2	0	0	0	0	0	0	2	0	3	0	0	0	1	0	0	0	0	0	0	0	0	0	0	3	0	0	0	0	0	1	7	7	0	0	0	735	1	0	0	0	1	0	0	0	0	1	3	0	5	1	0	2	2	0	0	3	0	0	0	1	0	0	3	0	0	0	0	0	0	2	0	0	0	0	0	0	20	0	0	0	0	0	0	0	0	0	2	0	0	1	2	0	0	4	2	1	1	1	0	1	0	8	0	0	0	0	0	0	0	1	0	0	1	2	0	0	0	8	0	0	0	0
0	0	0	0	0	0	12	0	12	0	0	12	0	1	0	0	0	0	0	0	0	0	0	0	0	0	0	0	0	0	0	0	1	0	2	0	0	0	0	0	0	0	33	0	0	0	0	0	0	0	0	0	2	0	0	0	0	0	7	0	0	0	0	1	0	0	0	0	1	0	0	5	0	0	0	1	0	0	0	0	0	0	0	0	2	0	0	0	0	2	0	0	11	0	2	0	1	0	0	0	0	0	1	0	1	1	9	1	1	0	0	0	0	0	1	0	0	0	0	0	0	0	0	0	7	0	0	0	0	0	2	0	1	0	0	0	0	1	0	9	0	0	1	2	23	0	1	0	0	0	7	3	0	0	0	0	0	27	0	0	0	0	20	1	0	0	24	0	0	0	0	8	0	0	0	0	0	0	1	0	1	0	0	0	3	0	1	0	0	0	1	0	0	0	0	0	0	0	1	0	0	0	17	4	0	0	0	777	0	0	0	0	0	0	0	0	0	0	0	0	1	1	0	7	0	0	0	0	0	0	0	0	1	0	1	0	0	0	0	0	0	2	0	0	0	0	2	0	29	0	0	0	0	0	0	4	0	0	8	0	0	0	1	4	0	4	2	4	2	1	0	0	0	15	1	0	1	0	0	0	1	0	0	0	2	0	0	1	0	2	0	2	0	0
0	0	0	0	0	0	14	0	4	0	0	16	0	1	0	0	0	0	0	0	0	0	0	0	0	0	0	1	0	0	0	0	0	2	0	0	0	0	0	0	0	0	37	0	0	0	0	0	0	0	0	0	0	0	0	0	1	0	2	0	0	0	0	0	0	1	0	0	0	1	0	6	0	0	0	2	0	0	0	0	0	0	0	0	1	0	0	0	0	1	0	0	1	0	0	0	0	0	0	0	0	0	11	0	0	0	4	0	0	0	0	0	0	0	0	0	0	0	0	0	0	0	1	0	3	0	0	0	0	0	1	0	0	0	0	0	0	0	1	0	0	0	1	0	2	0	0	0	0	0	1	1	2	0	0	0	0	32	0	0	0	0	23	0	0	0	19	0	0	0	0	0	1	0	0	0	0	0	0	0	1	0	0	1	0	0	0	0	0	0	0	0	0	2	0	0	0	0	0	0	0	0	1	0	0	0	0	632	0	0	0	0	0	0	0	0	0	0	0	0	0	3	0	4	0	0	0	0	0	0	0	0	0	0	2	0	0	0	0	0	0	1	0	0	0	0	1	0	1	0	0	0	0	1	0	1	0	0	2	0	0	0	0	1	0	1	0	0	0	1	0	0	0	2	0	1	3	0	0	0	0	0	0	0	0	1	1	0	0	0	0	0	0	0
