0.0000	0.0000	0.0000	0.0000	0.0000	1.0000
0.0000	0.0000	0.0000	0.0000	0.0000	1.0000
0.0000	0.0000	0.0002	0.0000	0.0000	0.9998
0.0000	0.0000	0.0000	0.0000	0.0000	1.0000
0.0000	0.0000	0.0000	0.0000	0.0000	1.0000
0.0000	0.0000	0.0000	0.0000	0.0000	1.0000
0.0000	0.0000	0.0000	0.0000	1.0000	0.0000
0.0000	0.0000	0.0000	1.0000	0.0000	0.0000
0.0000	0.0000	0.0144	0.0002	0.0000	0.9854
0.0000	0.0000	0.0000	1.0000	0.0000	0.0000
0.0000	0.0000	0.0002	0.0000	0.0000	0.9998
0.0000	0.0000	0.0006	0.0000	0.0000	0.9994
1.0000	0.0000	0.0000	0.0000	0.0000	0.0000
0.0000	0.9975	0.0000	0.0000	0.0000	0.0025
0.0000	0.0000	0.0008	0.0000	0.0000	0.9992
0.0000	0.0000	0.0162	0.0000	0.0000	0.9838
0.0000	0.0000	0.0000	0.0000	0.0000	1.0000
0.0000	0.0007	0.0000	0.9984	0.0000	0.0010
0.0000	0.0000	0.0000	0.0000	1.0000	0.0000
0.0000	0.0000	0.0000	0.4920	0.0000	0.5080
0.0000	0.0000	0.4547	0.0000	0.0000	0.5453
0.0041	0.0000	0.9023	0.0000	0.0000	0.0936
0.1131	0.0000	0.6576	0.0003	0.0000	0.2290
0.0043	0.0000	0.0277	0.0381	0.0000	0.9299
0.0000	0.0000	0.0076	0.0020	0.0000	0.9904
0.0011	0.0000	0.0000	0.0000	0.0000	0.9989
0.0008	0.0000	0.2852	0.0004	0.0000	0.7135
0.0003	0.0000	0.2264	0.0024	0.0000	0.7708
0.0093	0.0000	0.7758	0.0001	0.0000	0.2148
0.0000	0.0000	0.1303	0.0010	0.0000	0.8687
0.0000	0.0000	0.0000	0.0000	1.0000	0.0000
0.0000	1.0000	0.0000	0.0000	0.0000	0.0000
0.0005	0.0000	0.0113	0.0000	0.0000	0.9882
0.0000	0.0000	0.0015	0.0000	0.0000	0.9985
0.0000	0.0000	0.0116	0.0000	0.0000	0.9883
0.0000	0.0000	0.0000	0.0001	0.0000	0.9999
0.0000	0.0000	0.0000	0.0000	0.0000	1.0000
0.0000	0.0000	0.0000	0.0000	0.0000	1.0000
0.0000	0.0000	0.0000	1.0000	0.0000	0.0000
0.0000	0.0000	0.0018	0.0000	0.0000	0.9982
0.0000	0.0000	0.0000	0.3599	0.0000	0.6400
0.0004	0.0000	0.0001	0.3506	0.0000	0.6489
1.0000	0.0000	0.0000	0.0000	0.0000	0.0000
1.0000	0.0000	0.0000	0.0000	0.0000	0.0000
0.0000	1.0000	0.0000	0.0000	0.0000	0.0000
0.0000	1.0000	0.0000	0.0000	0.0000	0.0000
0.0002	0.0000	0.0000	0.0000	0.0000	0.9998
0.0000	0.0000	0.0000	0.0210	0.0000	0.9790
0.0000	0.0000	0.0001	0.8327	0.0034	0.1638
0.0002	0.0000	0.0033	0.4499	0.0000	0.5466
0.0000	0.0000	0.0000	1.0000	0.0000	0.0000
1.0000	0.0000	0.0000	0.0000	0.0000	0.0000
1.0000	0.0000	0.0000	0.0000	0.0000	0.0000
0.0000	1.0000	0.0000	0.0000	0.0000	0.0000
0.0000	0.0000	0.0000	0.0000	0.0000	1.0000
0.0000	0.0000	0.0000	0.0000	0.0000	1.0000
0.0011	0.0000	0.1442	0.0004	0.0000	0.8543
0.0000	0.0000	0.0000	0.0000	0.0000	1.0000
0.0000	0.0000	0.9298	0.0000	0.0000	0.0702
0.0000	0.0000	0.0000	1.0000	0.0000	0.0000
0.0000	0.0000	0.0000	1.0000	0.0000	0.0000
0.0000	0.0000	0.0000	0.0000	0.0000	1.0000
0.0000	0.0000	0.0000	0.0000	0.0000	1.0000
0.0320	0.0000	0.0000	0.0000	0.0000	0.9680
0.0000	0.0000	0.0000	0.0000	0.0000	1.0000
0.0000	0.0000	0.0000	0.0001	0.0000	0.9999
0.0000	0.0000	0.0000	0.0000	0.0000	1.0000
0.0000	0.0000	0.0000	0.0000	1.0000	0.0000
0.0000	0.0000	0.0000	1.0000	0.0000	0.0000
0.0000	0.0000	0.0000	0.0000	1.0000	0.0000
0.0000	0.0000	0.0000	0.0000	0.0000	1.0000
0.0000	0.0000	0.5273	0.0000	0.0000	0.4727
0.0000	0.0000	0.0000	0.0000	0.0000	1.0000
0.0000	0.0000	0.0000	1.0000	0.0000	0.0000
0.0000	0.0000	0.0241	0.0000	0.0000	0.9759
0.0000	0.0000	0.0072	0.0000	0.0000	0.9928
0.0005	0.0000	0.0000	0.0000	0.0000	0.9995
0.0000	0.0000	0.0000	0.0000	0.0000	1.0000
1.0000	0.0000	0.0000	0.0000	0.0000	0.0000
0.0000	1.0000	0.0000	0.0000	0.0000	0.0000
0.0000	0.0000	0.0620	0.0000	0.0000	0.9380
0.0000	0.0000	0.0000	0.0000	0.0000	1.0000
0.0000	0.0009	0.0000	0.0051	0.0021	0.9918
0.0000	0.0000	0.0000	0.0000	1.0000	0.0000
0.0000	0.0000	0.0000	0.0000	0.0000	1.0000
0.0000	0.0000	0.0000	0.9095	0.0000	0.0905
0.0000	0.0000	0.0000	0.0730	0.0000	0.9270
0.0022	0.0000	0.2726	0.0005	0.0000	0.7248
0.0326	0.0000	0.0015	0.0000	0.0000	0.9658
0.0843	0.0000	0.2092	0.0002	0.0000	0.7064
0.0000	1.0000	0.0000	0.0000	0.0000	0.0000
0.0000	0.0000	0.0001	0.0027	0.0000	0.9972
0.2437	0.0000	0.0000	0.0000	0.0000	0.7563
0.0004	0.0000	0.0509	0.0008	0.0000	0.9479
0.0077	0.0000	0.0995	0.0005	0.0000	0.8923
0.0041	0.0000	0.4750	0.0006	0.0000	0.5204
0.0000	0.0000	0.0000	0.0000	0.0000	1.0000
1.0000	0.0000	0.0000	0.0000	0.0000	0.0000
0.0000	0.0000	0.0009	0.0000	0.0000	0.9991
0.0000	0.0000	0.0002	0.0000	0.0000	0.9998
0.0005	0.0000	0.1394	0.0004	0.0000	0.8597
0.0000	0.0000	0.0000	1.0000	0.0000	0.0000
0.0000	1.0000	0.0000	0.0000	0.0000	0.0000
0.0000	0.0000	0.0001	0.0000	0.0000	0.9999
0.0000	0.0000	0.0000	0.0174	0.0000	0.9826
0.0000	0.0000	0.0000	0.0000	0.0000	1.0000
0.0000	0.0000	0.0000	0.0000	0.0000	1.0000
0.0024	0.0000	0.0003	0.0777	0.0000	0.9196
0.0000	0.0000	0.0000	0.0000	0.9999	0.0001
0.0000	0.0000	0.0000	0.0000	0.0000	1.0000
0.0000	0.0000	0.0000	0.0000	0.0000	1.0000
1.0000	0.0000	0.0000	0.0000	0.0000	0.0000
0.0000	1.0000	0.0000	0.0000	0.0000	0.0000
0.0000	0.0000	0.0000	0.0413	0.0000	0.9587
0.0000	0.0000	0.0000	0.0000	0.0000	1.0000
0.0000	0.0000	0.0000	0.0000	0.0000	1.0000
0.0000	0.0000	0.0000	0.0000	0.0000	1.0000
0.0000	0.0000	0.0000	0.0000	0.0000	1.0000
0.0000	0.0000	0.0005	0.0024	0.0000	0.9971
0.4287	0.0000	0.0000	0.0000	0.0000	0.5713
0.0013	0.0000	0.0000	0.0000	0.0000	0.9987
0.0000	0.0000	0.8614	0.0000	0.0000	0.1386
0.0000	0.0000	0.0001	0.0014	0.0000	0.9986
0.0000	0.0000	0.0000	0.9992	0.0000	0.0008
0.0000	0.0000	0.0000	0.0002	0.0000	0.9998
0.0000	0.0000	0.0000	0.0000	0.0000	1.0000
0.0000	0.0000	0.0000	0.0000	0.0000	1.0000
0.0000	0.0000	0.0000	0.0000	0.0000	1.0000
0.0000	0.0000	0.0000	0.0000	0.0000	1.0000
0.0000	0.0000	0.0000	0.0000	0.0000	1.0000
0.0000	0.0000	0.0000	0.0000	0.0000	1.0000
0.0000	0.0000	0.0000	0.0000	0.0000	1.0000
0.0000	0.0000	0.0000	0.0000	0.0000	1.0000
0.0000	0.0000	0.0000	0.0000	0.0000	1.0000
0.0000	0.0000	0.0000	0.0000	0.0000	1.0000
0.0000	0.0000	0.0000	0.0000	1.0000	0.0000
0.0000	0.0000	0.0000	0.0000	0.0000	1.0000
0.0000	0.0000	0.0000	0.0000	0.0000	1.0000
0.0000	0.0000	0.0000	0.0000	1.0000	0.0000
0.0000	0.0000	0.0000	0.0000	0.0000	1.0000
0.0000	0.0000	0.0000	0.0000	0.0000	1.0000
0.0000	0.0000	0.0000	0.0000	0.0000	1.0000
0.0000	0.0000	0.0000	0.0000	0.0000	1.0000
0.0000	0.0000	0.0000	0.0000	0.0000	1.0000
0.0000	0.0000	0.0000	0.0000	0.0000	1.0000
0.0000	0.0000	0.0000	0.0000	0.0000	1.0000
0.0000	0.0000	0.0000	0.0000	0.0000	1.0000
0.0000	0.0000	0.0000	0.0000	0.0000	1.0000
0.0000	0.0000	0.0000	0.0000	0.0000	1.0000
0.0000	0.0000	0.0000	0.0000	0.0000	1.0000
0.4761	0.0000	0.0000	0.0000	0.0000	0.5239
0.0000	0.0000	0.0000	0.0000	0.0000	1.0000
0.0000	0.0000	0.0000	0.0000	0.0000	1.0000
0.0000	0.0000	0.0000	0.0000	1.0000	0.0000
0.0000	1.0000	0.0000	0.0000	0.0000	0.0000
0.0000	0.0000	0.0000	0.0000	1.0000	0.0000
0.0003	0.0000	0.0000	0.0000	0.0000	0.9997
0.0003	0.0000	0.0000	0.0004	0.0000	0.9993
0.0000	0.0000	0.0000	0.0000	0.0000	1.0000
0.0000	0.0000	0.0000	0.0000	0.0000	1.0000
0.0000	0.0000	0.0000	0.0000	0.0000	1.0000
0.0000	0.0000	0.0000	0.0000	0.0000	1.0000
0.0000	0.0000	0.0000	0.0000	0.0000	1.0000
0.0000	0.0000	0.0000	0.0000	1.0000	0.0000
0.5567	0.0000	0.0000	0.0000	0.0000	0.4433
0.0000	0.0000	0.0000	0.0000	0.0000	1.0000
0.0000	0.0000	0.0000	0.0000	1.0000	0.0000
0.0000	0.0000	0.0000	0.0000	0.0000	1.0000
0.0000	0.0000	0.0000	0.0406	0.0000	0.9594
0.3846	0.0000	0.0000	0.0000	0.0000	0.6154
0.0000	0.0000	0.0000	0.0124	0.0000	0.9876
0.0000	0.0000	0.0000	0.9995	0.0000	0.0005
0.0000	0.0000	0.0000	0.2620	0.0000	0.7380
0.0000	1.0000	0.0000	0.0000	0.0000	0.0000
0.0000	0.0000	0.0000	1.0000	0.0000	0.0000
0.0000	1.0000	0.0000	0.0000	0.0000	0.0000
0.0000	0.0000	0.0000	0.0000	0.0000	1.0000
0.0417	0.0000	0.0000	0.0087	0.0000	0.9496
0.0000	0.0000	0.0000	0.9990	0.0000	0.0010
0.0000	0.0000	0.0000	0.0000	0.0000	1.0000
0.0000	0.0000	0.0000	0.0000	0.0000	1.0000
0.0000	0.0000	0.0000	0.0000	0.0000	1.0000
0.0000	0.0000	0.0000	0.0000	1.0000	0.0000
0.0000	1.0000	0.0000	0.0000	0.0000	0.0000
0.0000	0.0000	0.0000	0.0000	0.0000	1.0000
0.0000	0.0000	0.0000	1.0000	0.0000	0.0000
0.0000	0.0000	0.0000	0.0000	0.0000	1.0000
0.0000	0.0000	0.0000	0.0000	0.0000	1.0000
1.0000	0.0000	0.0000	0.0000	0.0000	0.0000
0.0000	1.0000	0.0000	0.0000	0.0000	0.0000
0.0000	0.0000	0.0000	0.0000	0.0000	1.0000
0.0000	0.0000	0.0000	1.0000	0.0000	0.0000
0.0000	0.0000	0.0000	0.0000	0.0000	1.0000
0.0000	0.0000	0.0000	0.9296	0.0000	0.0704
0.0000	0.0000	0.0000	0.0000	1.0000	0.0000
0.3749	0.0000	0.0000	0.0000	0.0000	0.6251
0.0000	0.0000	0.0000	0.0000	0.0000	1.0000
0.0000	0.0000	0.0000	0.0151	0.0000	0.9849
0.0000	0.0000	0.0000	0.0000	0.0000	1.0000
0.0000	0.0000	0.0000	0.0000	1.0000	0.0000
0.0001	0.0000	0.0000	0.0040	0.0000	0.9959
0.0000	0.0000	0.0000	0.0000	0.0000	1.0000
0.0000	0.0000	0.0000	0.0009	0.0000	0.9991
0.0000	1.0000	0.0000	0.0000	0.0000	0.0000
0.0000	0.0000	0.0000	0.1686	0.0000	0.8314
0.0000	0.0000	0.0000	0.0000	1.0000	0.0000
0.0000	0.0000	0.0000	0.0001	0.0000	0.9999
