1.0000	0.0000	0.0000	0.0000	0.0000	0.0000
0.0000	0.0000	0.0000	0.0000	0.0000	1.0000
0.0000	0.0000	0.0000	0.0000	0.0000	1.0000
0.0000	0.0000	0.0033	0.0000	0.0000	0.9967
0.0000	0.0000	0.0000	0.0004	0.0000	0.9996
0.0000	0.0000	0.0000	0.0004	0.0001	0.9995
0.0000	0.0000	0.0000	1.0000	0.0000	0.0000
0.0000	0.0000	0.0000	0.0000	1.0000	0.0000
1.0000	0.0000	0.0000	0.0000	0.0000	0.0000
0.0000	0.0000	0.0002	0.0000	0.0000	0.9998
0.0000	0.0000	0.0000	0.0000	0.0000	1.0000
0.0000	0.0000	0.0000	0.0000	0.0000	1.0000
0.0000	0.0000	0.0000	0.0000	0.0000	1.0000
0.0000	0.0000	0.0000	0.0000	0.0000	1.0000
0.0000	0.0000	0.0000	0.1003	0.0000	0.8997
0.0000	0.0000	0.0000	0.0000	1.0000	0.0000
0.0002	0.0000	0.0193	0.0000	0.0000	0.9805
0.2471	0.0000	0.0000	0.0000	0.0000	0.7529
0.0000	1.0000	0.0000	0.0000	0.0000	0.0000
0.0000	0.0000	0.0013	0.0000	0.0000	0.9987
0.0000	0.0000	0.0008	0.0000	0.0000	0.9992
0.0000	0.0000	0.0000	0.0000	0.0000	1.0000
0.0000	0.0000	1.0000	0.0000	0.0000	0.0000
0.0000	0.0000	0.0000	1.0000	0.0000	0.0000
0.0000	0.0000	0.0000	0.9989	0.0000	0.0011
0.0135	0.0000	0.1155	0.0004	0.0000	0.8706
0.0000	0.0000	0.0002	0.0001	0.0000	0.9997
0.0000	0.0000	0.0000	0.0000	0.0000	1.0000
0.0000	0.0000	0.0000	0.0000	0.0000	1.0000
0.0000	0.0000	0.0000	0.0000	0.0000	1.0000
0.0000	0.0000	0.0000	0.0000	0.0000	1.0000
0.0000	0.0000	0.0002	0.0000	0.0000	0.9998
0.0000	0.0000	0.0006	0.0000	0.0000	0.9994
0.0000	0.0000	0.0000	1.0000	0.0000	0.0000
0.0000	0.0000	0.0000	1.0000	0.0000	0.0000
0.0019	0.0000	0.0010	0.0000	0.0000	0.9971
0.0000	0.0000	0.0072	0.0000	0.0000	0.9928
0.1412	0.0000	0.0000	0.0001	0.0000	0.8587
1.0000	0.0000	0.0000	0.0000	0.0000	0.0000
0.0001	0.0000	0.0028	0.0005	0.0000	0.9967
0.0000	0.0000	0.0000	0.0000	0.0005	0.9994
0.0011	0.0000	0.0508	0.0026	0.0000	0.9456
0.0000	0.0000	0.0000	0.0000	1.0000	0.0000
0.0000	0.0000	0.0000	0.0000	0.0000	1.0000
0.0000	1.0000	0.0000	0.0000	0.0000	0.0000
0.0000	0.0000	0.0000	0.0000	0.0000	1.0000
0.0000	0.0000	0.0000	0.0000	0.0000	1.0000
0.0000	0.0000	0.0000	0.0000	0.0000	1.0000
0.0000	0.0000	0.0000	0.0000	0.0000	1.0000
0.0000	0.0000	0.0000	0.2684	0.0000	0.7316
0.0005	0.0000	0.1036	0.0000	0.0000	0.8958
0.0000	0.0000	0.0000	1.0000	0.0000	0.0000
0.0000	0.0000	0.0000	0.6149	0.0000	0.3851
0.0000	0.0000	0.0269	0.0000	0.0000	0.9731
0.0000	0.0000	0.0000	0.0000	1.0000	0.0000
0.0000	1.0000	0.0000	0.0000	0.0000	0.0000
0.0017	0.0000	0.0000	0.0000	0.0000	0.9983
0.0000	0.0000	0.0000	0.0000	0.0000	1.0000
0.0003	0.0000	0.0273	0.0000	0.0000	0.9724
0.0000	0.0000	0.0035	0.0009	0.0000	0.9956
0.0000	0.0000	0.0000	0.0000	1.0000	0.0000
1.0000	0.0000	0.0000	0.0000	0.0000	0.0000
1.0000	0.0000	0.0000	0.0000	0.0000	0.0000
0.0000	1.0000	0.0000	0.0000	0.0000	0.0000
0.0000	0.0000	0.0150	0.0000	0.0000	0.9850
0.0000	0.0000	0.4018	0.0000	0.0000	0.5982
0.0000	0.0000	0.0058	0.0000	0.0000	0.9942
0.0000	0.0000	0.0000	0.0000	0.0000	1.0000
0.0000	0.0000	0.0000	0.0001	0.0000	0.9999
0.0000	0.0000	0.0000	0.0001	0.0079	0.9921
0.0000	0.0000	0.0000	0.0000	1.0000	0.0000
0.0000	1.0000	0.0000	0.0000	0.0000	0.0000
0.0000	1.0000	0.0000	0.0000	0.0000	0.0000
0.0001	0.0000	0.0988	0.0000	0.0000	0.9010
0.0000	0.0000	0.0495	0.0000	0.0000	0.9505
0.0000	0.0000	0.0000	0.0001	0.0000	0.9999
0.1167	0.0000	0.0005	0.0000	0.0000	0.8827
0.0021	0.0000	0.0678	0.0000	0.0000	0.9302
0.0000	0.0000	0.0000	0.0000	0.0000	1.0000
0.0000	0.0000	0.0000	0.0000	1.0000	0.0000
0.0006	0.0000	0.2525	0.0285	0.0000	0.7184
0.0000	0.0000	0.0000	0.0001	0.0000	0.9999
0.0072	0.0000	0.0000	0.0000	0.0000	0.9928
0.0217	0.0000	0.0000	0.0000	0.0000	0.9783
0.0071	0.0000	0.5533	0.0001	0.0000	0.4396
0.0000	0.0000	0.0004	0.0000	0.0000	0.9996
0.0000	0.0000	1.0000	0.0000	0.0000	0.0000
0.0000	0.0000	0.0000	0.0000	0.0000	1.0000
0.0000	0.0000	0.0000	0.0000	1.0000	0.0000
0.0000	1.0000	0.0000	0.0000	0.0000	0.0000
0.0000	1.0000	0.0000	0.0000	0.0000	0.0000
0.0000	0.0000	0.0000	0.0000	0.0000	1.0000
0.0000	0.0000	0.0000	0.0000	0.0000	1.0000
0.0000	0.0000	0.0000	0.0000	0.0000	1.0000
0.0000	0.0000	0.0018	0.0000	0.0000	0.9982
0.0007	0.0000	0.0549	0.0000	0.0000	0.9443
0.0000	0.0000	0.0002	0.0000	0.0000	0.9998
0.0000	0.0000	0.0004	0.0000	0.0000	0.9996
0.0000	0.0000	0.0000	0.0000	1.0000	0.0000
0.0000	0.0000	0.0003	0.0000	0.0000	0.9997
0.0001	0.0000	0.0001	0.0000	0.0000	0.9998
0.0000	0.0000	0.0004	0.0000	0.0000	0.9996
0.0000	0.0000	0.0000	0.0000	0.0000	1.0000
0.0000	0.0000	0.0145	0.0005	0.0000	0.9850
0.0000	1.0000	0.0000	0.0000	0.0000	0.0000
0.0000	0.0000	0.0000	0.0000	0.0000	1.0000
0.0000	0.0000	0.0000	1.0000	0.0000	0.0000
0.0000	0.0000	0.0000	0.0000	0.0000	1.0000
0.0000	0.0000	0.0000	0.0000	0.0000	1.0000
1.0000	0.0000	0.0000	0.0000	0.0000	0.0000
1.0000	0.0000	0.0000	0.0000	0.0000	0.0000
0.0000	0.0000	0.0038	0.0001	0.0000	0.9962
0.0003	0.0000	0.0000	0.0000	0.0000	0.9997
0.0000	0.0000	0.0000	0.0000	0.0000	1.0000
0.0000	0.0000	0.0141	0.0000	0.0000	0.9859
0.0000	0.0000	0.0000	0.0000	0.0000	1.0000
0.0000	0.0000	0.0013	0.0000	0.0000	0.9986
0.0000	0.0000	0.0001	0.9557	0.0000	0.0442
0.0000	0.0000	0.0011	0.0000	0.0000	0.9989
0.0000	0.0000	0.0008	0.0000	0.0000	0.9992
0.0000	0.0000	0.0000	0.0000	0.0000	1.0000
0.0000	0.0000	0.0000	0.0000	0.0000	1.0000
0.0000	0.0000	0.0000	0.0000	0.0000	1.0000
0.0000	0.0000	0.0000	0.0031	0.0000	0.9969
0.0000	0.0000	0.0000	0.0060	0.0000	0.9940
0.0000	0.0000	0.0000	0.0000	0.0000	1.0000
0.0000	0.0000	0.0000	0.0000	0.0000	1.0000
0.0000	0.0000	0.0000	0.0000	1.0000	0.0000
0.0000	0.0000	0.0000	0.0000	0.0000	1.0000
0.0000	0.0000	0.0000	0.0000	0.0000	1.0000
0.0000	0.0000	0.0000	0.0000	1.0000	0.0000
0.0000	0.0000	0.0000	0.0000	0.0000	1.0000
0.0000	0.0000	0.0000	0.0000	1.0000	0.0000
0.0000	0.0000	0.0000	0.0000	0.0000	1.0000
0.0000	0.0000	0.0000	0.0000	0.0000	1.0000
0.0000	0.0000	0.0000	0.0000	0.0000	1.0000
0.0000	0.0000	0.0000	0.0000	0.0000	1.0000
0.0000	0.0000	0.0000	0.0000	1.0000	0.0000
0.0000	0.0000	0.0000	0.0000	0.0000	1.0000
0.0000	0.0000	0.0000	0.0000	0.0000	1.0000
0.0000	0.0000	0.0000	0.0000	0.0000	1.0000
0.0000	0.0000	0.0000	0.0000	0.0000	1.0000
0.0000	0.0000	0.0000	0.0000	0.0000	1.0000
0.0000	0.0000	0.0000	0.0000	0.0000	1.0000
0.0000	0.0000	0.0000	0.0000	0.0000	1.0000
0.0000	0.0000	0.0000	0.0000	0.0000	1.0000
0.0000	0.0000	0.0000	0.0001	0.0000	0.9999
0.9399	0.0000	0.0000	0.0000	0.0000	0.0601
0.0000	0.0000	0.0000	0.0000	0.0000	1.0000
0.0000	0.0000	0.0000	0.0263	0.0000	0.9737
0.0005	0.0000	0.0000	0.0002	0.0000	0.9993
0.0000	0.0000	0.0000	0.0000	1.0000	0.0000
0.4816	0.0000	0.0000	0.0103	0.0000	0.5082
0.0015	0.0000	0.0000	0.0000	0.0000	0.9985
0.0000	0.0000	0.0000	0.0000	0.0000	1.0000
0.0000	0.0000	0.0000	0.0000	0.0000	1.0000
1.0000	0.0000	0.0000	0.0000	0.0000	0.0000
0.0448	0.0000	0.0000	0.0000	0.0000	0.9552
0.0000	0.0000	0.0000	0.0000	0.0000	1.0000
0.0000	0.0000	0.0000	0.0000	1.0000	0.0000
0.0001	0.0000	0.0000	0.0000	0.0000	0.9999
0.0023	0.0000	0.0000	0.0416	0.0000	0.9562
0.0000	0.0000	0.0000	0.0014	0.0000	0.9986
0.0000	0.0000	0.0000	0.0010	0.0000	0.9990
0.0000	0.0000	0.0000	0.0000	1.0000	0.0000
0.0073	0.0000	0.0000	0.0237	0.0000	0.9690
0.0000	1.0000	0.0000	0.0000	0.0000	0.0000
0.0000	0.0000	0.0000	0.0000	0.0000	1.0000
0.0000	1.0000	0.0000	0.0000	0.0000	0.0000
0.0636	0.0000	0.0000	0.2518	0.0000	0.6846
0.0000	0.0000	0.0000	0.9595	0.0000	0.0405
0.0000	0.0000	0.0000	0.0001	0.0000	0.9999
0.0000	0.0000	0.0000	0.0019	0.0000	0.9981
0.0862	0.0000	0.0000	0.0024	0.0000	0.9115
0.0000	0.0000	0.0000	0.0000	1.0000	0.0000
1.0000	0.0000	0.0000	0.0000	0.0000	0.0000
0.0000	0.0000	0.0000	0.0000	0.0000	1.0000
0.0000	0.0000	0.0000	0.0003	0.0000	0.9997
0.0001	0.0000	0.0000	0.0254	0.0000	0.9745
0.0000	0.0000	0.0000	0.0000	0.0000	1.0000
0.1637	0.0000	0.0000	0.0000	0.0000	0.8362
1.0000	0.0000	0.0000	0.0000	0.0000	0.0000
0.0000	1.0000	0.0000	0.0000	0.0000	0.0000
0.0000	0.0000	0.0000	0.0000	0.0000	1.0000
0.0000	0.0000	0.0000	0.0000	0.0000	1.0000
0.0000	0.0000	0.0000	0.0000	0.0000	1.0000
0.0000	0.0000	0.0000	0.0000	0.9993	0.0007
0.0000	1.0000	0.0000	0.0000	0.0000	0.0000
0.0002	0.0000	0.0000	0.0000	0.0000	0.9998
0.0000	0.0000	0.0000	0.0000	0.0000	1.0000
0.0000	0.0000	0.0000	0.0000	0.0000	1.0000
0.0000	0.0000	0.0000	0.0000	0.0000	1.0000
0.0000	0.0000	0.0000	0.0000	0.0000	1.0000
0.9998	0.0000	0.0000	0.0000	0.0000	0.0002
0.0003	0.0000	0.0000	0.0000	0.0000	0.9997
0.0000	0.0000	0.0000	0.0000	0.0000	1.0000
0.0000	0.0000	0.0000	0.9469	0.0000	0.0531
0.0000	0.0000	0.0000	0.0002	0.0000	0.9998
0.9748	0.0000	0.0000	0.0000	0.0000	0.0252
0.0000	1.0000	0.0000	0.0000	0.0000	0.0000
0.0000	0.0000	0.0000	0.0000	0.0000	1.0000
0.0000	0.0000	0.0000	1.0000	0.0000	0.0000
0.0000	1.0000	0.0000	0.0000	0.0000	0.0000
0.0434	0.0000	0.0000	0.1124	0.0000	0.8442
0.0000	0.0000	0.0000	0.0002	0.0000	0.9998
0.0000	0.0000	0.0000	0.9867	0.0000	0.0133
0.0002	0.0000	0.0000	0.0003	0.0000	0.9995
