1.0000	0.0000	0.0000	0.0000	0.0000	0.0000
0.0000	0.0000	0.0001	0.0000	0.0000	0.9999
0.0000	0.0000	0.0123	0.0000	0.0000	0.9877
0.0000	0.0000	0.0000	0.0000	0.0000	1.0000
0.0000	0.0000	0.0000	1.0000	0.0000	0.0000
0.0002	0.0000	0.0000	0.0000	0.0000	0.9998
0.0000	0.0000	0.0000	0.0001	0.0000	0.9999
0.0000	0.0000	0.0002	0.0000	0.0000	0.9998
0.0000	0.0000	0.0000	0.0000	0.0000	1.0000
1.0000	0.0000	0.0000	0.0000	0.0000	0.0000
0.0000	0.0000	0.0000	0.0000	0.0000	1.0000
0.0000	0.0000	0.0000	0.0000	0.0000	1.0000
0.0000	0.0000	0.0463	0.0000	0.0000	0.9537
0.0009	0.0000	0.0017	0.0007	0.0000	0.9967
0.0000	0.0000	0.0093	0.0423	0.0000	0.9483
0.0000	0.0002	0.0000	0.9981	0.0001	0.0016
0.0006	0.0000	0.0642	0.0006	0.0000	0.9346
0.0000	0.0000	0.0000	0.9231	0.0000	0.0769
0.0000	0.0000	0.0000	0.0000	1.0000	0.0000
0.0139	0.0000	0.6134	0.0118	0.0000	0.3608
0.0047	0.0000	0.0303	0.0059	0.0000	0.9591
0.0024	0.0000	0.0274	0.0035	0.0000	0.9668
0.0161	0.0000	0.0381	0.0018	0.0028	0.9412
0.0003	0.0000	0.0001	0.0024	0.0000	0.9973
0.0010	0.0000	0.8564	0.1095	0.0000	0.0330
0.0000	0.0000	0.0000	1.0000	0.0000	0.0000
0.0001	0.0000	0.0000	0.9991	0.0000	0.0007
0.0132	0.0000	0.0082	0.0024	0.0000	0.9763
0.0072	0.0000	0.3512	0.0130	0.0000	0.6287
0.0000	0.0000	0.0000	0.0000	0.0000	1.0000
0.0000	1.0000	0.0000	0.0000	0.0000	0.0000
0.0008	0.0000	0.0000	0.0007	0.0000	0.9985
0.0055	0.0000	0.0038	0.0002	0.0000	0.9904
0.0000	0.0000	0.0000	0.0006	0.0000	0.9994
0.0000	0.0000	0.0000	0.0000	0.0000	1.0000
0.0000	0.0000	0.0000	0.0014	0.0000	0.9985
0.0530	0.0000	0.0121	0.0074	0.0000	0.9276
1.0000	0.0000	0.0000	0.0000	0.0000	0.0000
1.0000	0.0000	0.0000	0.0000	0.0000	0.0000
0.0000	1.0000	0.0000	0.0000	0.0000	0.0000
0.0003	0.0000	0.0000	0.0000	0.0000	0.9997
0.0000	0.0000	0.0000	0.0000	0.0000	1.0000
0.0009	0.0000	0.0363	0.1365	0.0000	0.8263
0.0000	0.0000	0.0000	0.0000	0.9998	0.0002
0.0000	0.0000	0.0000	0.0000	0.0000	1.0000
0.0026	0.0000	0.0003	0.0189	0.0000	0.9781
0.0000	0.0000	0.0007	0.9346	0.0000	0.0647
0.0000	1.0000	0.0000	0.0000	0.0000	0.0000
0.0000	0.0000	0.0000	0.0000	0.0000	1.0000
0.0000	0.0000	0.0000	0.0000	0.0000	1.0000
0.0000	0.0000	0.0000	0.0000	0.0000	1.0000
0.0000	0.0000	0.0000	0.0000	0.0000	1.0000
0.0224	0.0000	0.1366	0.0036	0.0000	0.8374
0.0000	0.0000	0.0000	0.9107	0.0000	0.0893
0.0000	0.0000	0.0000	0.9594	0.0000	0.0406
0.0089	0.0000	0.1765	0.0089	0.0000	0.8058
0.0000	0.0000	0.0000	1.0000	0.0000	0.0000
0.0000	0.0000	0.0160	0.0000	0.0000	0.9839
0.0000	0.0000	0.0000	0.0000	1.0000	0.0000
1.0000	0.0000	0.0000	0.0000	0.0000	0.0000
0.0000	0.0000	0.0001	0.0004	0.0000	0.9995
0.0000	0.0000	0.0000	0.0000	1.0000	0.0000
0.0000	0.0000	0.0000	0.0000	0.0002	0.9998
0.0000	0.0000	0.0000	1.0000	0.0000	0.0000
0.0000	0.0000	0.0000	1.0000	0.0000	0.0000
0.0000	0.0000	0.0000	0.0000	0.0000	1.0000
0.0000	0.0000	0.0000	0.0000	0.0000	1.0000
0.0000	0.0000	0.2009	0.0000	0.0000	0.7991
0.0000	0.0000	0.0000	0.0000	0.0000	1.0000
0.0000	0.0000	0.0000	0.0000	1.0000	0.0000
0.0000	0.0000	0.0000	1.0000	0.0000	0.0000
0.0000	0.0000	0.0022	0.0000	0.0000	0.9978
0.0000	0.0000	0.0000	0.0362	0.0000	0.9638
1.0000	0.0000	0.0000	0.0000	0.0000	0.0000
0.0000	1.0000	0.0000	0.0000	0.0000	0.0000
0.0001	0.0000	0.0002	0.0001	0.0000	0.9996
0.0000	0.0000	0.0000	0.0000	0.0000	1.0000
0.0000	0.0000	0.0000	0.0000	0.0000	1.0000
0.0205	0.0000	0.1999	0.0021	0.0000	0.7776
0.0001	0.0000	0.0000	0.0004	0.0000	0.9995
0.0000	0.0000	0.0000	0.0000	0.0000	1.0000
0.0000	0.0228	0.0014	0.0876	0.0043	0.8838
0.0000	0.0000	0.0000	0.0000	1.0000	0.0000
0.0000	0.0000	0.0000	0.0000	0.0000	1.0000
0.0005	0.0000	0.1077	0.0007	0.0000	0.8911
0.0000	0.0000	0.0000	0.9988	0.0000	0.0012
0.0002	0.0000	0.1432	0.7619	0.0000	0.0946
0.0000	1.0000	0.0000	0.0000	0.0000	0.0000
0.0327	0.0000	0.0000	0.0000	0.0000	0.9673
0.0096	0.0000	0.7671	0.0518	0.0000	0.1715
0.0029	0.0000	0.0068	0.0028	0.0000	0.9874
0.0015	0.0000	0.0293	0.0059	0.0000	0.9633
0.0000	0.0000	0.0000	0.0083	0.0000	0.9917
0.0000	0.0000	0.0000	0.0001	0.0000	0.9999
0.0000	0.0000	0.0000	0.0000	0.0000	1.0000
0.0002	0.0000	0.9773	0.0163	0.0000	0.0062
0.0554	0.0000	0.1138	0.0063	0.0000	0.8244
0.0003	0.0000	0.0023	0.0004	0.0000	0.9969
0.0000	0.0000	0.0000	0.0000	1.0000	0.0000
0.0000	0.0000	0.0000	0.0000	0.0000	1.0000
1.0000	0.0000	0.0000	0.0000	0.0000	0.0000
0.0000	1.0000	0.0000	0.0000	0.0000	0.0000
0.0000	0.0000	0.0000	0.0017	0.0000	0.9983
0.0000	0.0000	0.0002	0.0000	0.0000	0.9998
0.0000	0.0000	0.0000	0.0000	0.0000	1.0000
0.0000	0.0000	0.0000	0.0000	0.0000	1.0000
0.0000	0.0000	0.0000	0.0000	1.0000	0.0000
0.0000	0.0000	0.0000	0.0000	0.0000	1.0000
0.0053	0.0000	0.0185	0.0010	0.0000	0.9752
0.0000	0.0000	0.0000	0.0000	1.0000	0.0000
0.0000	1.0000	0.0000	0.0000	0.0000	0.0000
0.0000	0.0000	0.0000	0.0000	0.0000	1.0000
0.0000	0.0000	0.2244	0.0093	0.0000	0.7663
0.0000	0.0000	0.0176	0.0068	0.0000	0.9756
0.0006	0.0000	0.0557	0.3006	0.0000	0.6431
0.0004	0.0000	0.0000	0.0006	0.0000	0.9989
1.0000	0.0000	0.0000	0.0000	0.0000	0.0000
0.0000	1.0000	0.0000	0.0000	0.0000	0.0000
0.0000	0.0000	0.0000	0.0000	0.0000	1.0000
0.0000	0.0000	0.0000	0.0000	0.0000	1.0000
0.0000	0.0000	0.0000	0.9999	0.0000	0.0001
0.0000	0.0000	0.0000	0.0000	1.0000	0.0000
0.0000	0.0000	0.0026	0.0031	0.0000	0.9943
0.0000	0.0000	0.0000	0.0000	0.0000	1.0000
0.0000	0.0000	0.0000	0.0000	1.0000	0.0000
1.0000	0.0000	0.0000	0.0000	0.0000	0.0000
0.0001	0.0000	0.0001	0.0164	0.0000	0.9834
0.0000	0.0000	0.0002	0.0001	0.0000	0.9997
0.0017	0.0000	0.0069	0.0124	0.0000	0.9790
0.0000	0.0000	0.0887	0.0000	0.0000	0.9113
0.9606	0.0000	0.0000	0.0018	0.0000	0.0376
0.9442	0.0000	0.0000	0.0049	0.0000	0.0509
0.0000	0.0000	0.0000	0.0000	0.0000	1.0000
0.0000	0.0000	0.0000	0.0000	0.0000	1.0000
0.0009	0.0000	0.0044	0.0110	0.0000	0.9837
0.0000	0.0000	0.0000	0.9966	0.0000	0.0034
0.0000	0.0000	0.0082	0.2282	0.0000	0.7636
0.3385	0.0000	0.0018	0.0202	0.0000	0.6395
0.0000	0.0000	0.0000	0.0000	1.0000	0.0000
0.0000	0.0000	0.0000	0.0000	0.0000	1.0000
0.0000	0.0000	0.0000	0.0000	0.0000	1.0000
0.0000	0.0000	0.0000	0.0000	1.0000	0.0000
0.0000	0.0000	0.0000	0.0000	0.0000	1.0000
0.0000	0.0000	0.0000	0.0000	0.0000	1.0000
0.0000	0.0000	0.0000	0.0000	0.0000	1.0000
0.0000	0.0000	0.0000	0.0000	0.0000	1.0000
0.0000	0.0000	0.0000	0.0000	0.0000	1.0000
0.0000	0.0000	0.0000	0.0001	0.0000	0.9999
0.0000	0.0000	0.0000	0.0000	0.0000	1.0000
0.0000	0.0000	0.0000	0.0000	0.0000	1.0000
0.0000	0.0000	0.0000	0.0000	0.0000	1.0000
0.0000	0.0000	0.0000	0.0000	1.0000	0.0000
0.0000	0.0000	0.0000	0.0002	0.0000	0.9998
0.0000	0.0000	0.0000	0.0135	0.0000	0.9865
0.0000	0.0000	0.0000	0.0001	0.0000	0.9999
0.0000	0.0000	0.0000	0.0009	0.0000	0.9991
0.0000	0.0000	0.0000	0.0000	0.0000	1.0000
0.0000	0.0000	0.0000	0.0000	0.0000	1.0000
0.0000	0.0000	0.0000	0.0000	0.0000	1.0000
0.0000	0.0000	0.0000	0.0000	0.0000	1.0000
1.0000	0.0000	0.0000	0.0000	0.0000	0.0000
0.0020	0.0000	0.0000	0.0153	0.0000	0.9827
0.0000	0.0000	0.0000	0.0000	0.0000	1.0000
0.0000	1.0000	0.0000	0.0000	0.0000	0.0000
0.0000	0.0000	0.0000	0.0000	0.0000	1.0000
0.9743	0.0000	0.0000	0.0000	0.0000	0.0257
0.0000	0.0000	0.0000	0.0000	0.0000	1.0000
0.0001	0.0000	0.0000	0.0075	0.0000	0.9923
0.0000	0.0000	0.0000	0.0013	0.0000	0.9987
0.0000	0.0000	0.0000	0.0000	0.0000	1.0000
0.0000	0.0000	0.0000	1.0000	0.0000	0.0000
0.0003	0.0000	0.0000	0.0001	0.0000	0.9997
0.0000	0.0000	0.0000	0.0829	0.0000	0.9171
0.0000	0.0000	0.0000	0.0000	0.0000	1.0000
0.0049	0.0000	0.0000	0.0023	0.0000	0.9928
0.0000	0.0000	0.0000	0.0000	0.0000	1.0000
0.0000	0.0000	0.0000	1.0000	0.0000	0.0000
0.0000	0.0000	0.0000	0.0000	1.0000	0.0000
1.0000	0.0000	0.0000	0.0000	0.0000	0.0000
0.0000	1.0000	0.0000	0.0000	0.0000	0.0000
0.0000	0.0000	0.0000	0.0000	0.0000	1.0000
0.0044	0.0000	0.0000	0.0090	0.0000	0.9866
0.0000	0.0000	0.0000	0.0000	1.0000	0.0000
0.0000	1.0000	0.0000	0.0000	0.0000	0.0000
0.0000	0.0000	0.0000	1.0000	0.0000	0.0000
0.0000	0.0000	0.0000	0.0000	0.0000	1.0000
0.0007	0.9993	0.0000	0.0000	0.0000	0.0000
0.0000	0.0000	0.0000	0.0000	0.0000	1.0000
0.0000	0.0000	0.0000	0.0000	0.0000	1.0000
0.0000	1.0000	0.0000	0.0000	0.0000	0.0000
0.0000	0.0000	0.0000	0.0000	0.0000	1.0000
0.0000	0.0000	0.0000	0.8831	0.0000	0.1169
0.0000	0.0000	0.0000	0.0000	1.0000	0.0000
0.9999	0.0000	0.0000	0.0000	0.0000	0.0001
0.0003	0.0000	0.0000	0.0000	0.0000	0.9997
0.0000	0.0000	0.0000	0.0002	0.0000	0.9998
0.0002	0.0000	0.0000	0.0000	0.0000	0.9998
0.0000	0.0000	0.0000	0.0118	0.0000	0.9882
0.0000	1.0000	0.0000	0.0000	0.0000	0.0000
0.0000	0.0000	0.0000	0.0032	0.0000	0.9968
0.0000	0.0000	0.0000	0.0000	1.0000	0.0000
0.0285	0.0000	0.0000	0.0000	0.0000	0.9715
0.0000	1.0000	0.0000	0.0000	0.0000	0.0000
0.0000	0.0000	0.0000	0.0000	0.0000	1.0000
0.0000	0.0000	0.0000	0.0134	0.0000	0.9866
0.0000	0.0000	0.0000	0.9997	0.0000	0.0003
0.0000	0.0000	0.0000	0.0004	0.0000	0.9996
