1.0000	0.0000	0.0000	0.0000	0.0000	0.0000
0.0000	0.0000	0.0000	0.0000	0.0000	1.0000
0.0000	0.0000	0.0000	0.0000	0.0000	1.0000
0.0000	0.0000	0.0000	0.0000	1.0000	0.0000
1.0000	0.0000	0.0000	0.0000	0.0000	0.0000
0.0000	1.0000	0.0000	0.0000	0.0000	0.0000
0.2584	0.7214	0.0000	0.0000	0.0000	0.0202
0.0000	0.0000	0.0000	0.0000	0.0000	1.0000
0.1695	0.0000	0.0046	0.0000	0.0000	0.8259
0.0000	0.0000	0.0002	0.0000	0.0000	0.9998
0.0000	0.0000	0.0000	0.0000	1.0000	0.0000
0.0000	0.0000	0.0000	0.0000	0.0000	1.0000
0.0000	0.0000	0.0000	0.0000	0.0000	1.0000
0.0000	0.0000	0.0000	0.0000	0.0000	1.0000
0.0000	0.0000	0.0000	0.0000	1.0000	0.0000
0.0000	0.0000	0.0000	1.0000	0.0000	0.0000
0.0000	0.0000	0.0000	0.4532	0.0000	0.5468
0.0885	0.0000	0.8721	0.0000	0.0000	0.0393
0.0000	0.0000	0.0001	0.0000	0.0000	0.9999
0.0000	0.0000	0.0000	0.0000	0.0000	1.0000
0.0000	0.0000	0.0000	0.0000	1.0000	0.0000
0.0000	0.0000	0.0000	0.0000	0.0000	1.0000
0.0000	1.0000	0.0000	0.0000	0.0000	0.0000
0.0000	0.0000	0.0057	0.0000	0.0000	0.9943
0.0070	0.0000	0.0000	0.0000	0.0000	0.9930
0.0000	0.0000	0.7014	0.0000	0.0000	0.2986
0.0000	0.0000	0.0001	0.0000	0.0000	0.9999
0.0000	0.0000	0.0000	0.0079	0.0000	0.9921
0.0000	0.0000	0.0000	0.0000	1.0000	0.0000
0.0001	0.0000	0.0000	0.0000	0.0000	0.9999
0.0000	0.0000	0.0000	0.0000	1.0000	0.0000
0.0000	0.0000	0.0000	0.0000	0.0000	1.0000
0.0000	0.0000	0.0002	0.0002	0.0000	0.9996
0.0000	0.0000	0.0000	0.0000	0.0000	1.0000
0.0000	0.0000	0.0001	0.0103	0.0000	0.9897
0.0000	0.0000	0.0000	0.0000	1.0000	0.0000
0.0000	0.0000	0.0000	0.0002	0.0000	0.9998
0.0000	0.0000	0.0000	0.9996	0.0000	0.0004
0.0000	0.0000	0.0000	0.0005	0.0000	0.9994
0.9926	0.0000	0.0002	0.0000	0.0000	0.0072
0.0000	0.0000	0.0000	0.0000	0.0000	1.0000
0.0000	0.0000	0.0000	0.0000	0.0000	1.0000
0.0000	0.0000	0.8874	0.0000	0.0000	0.1126
0.0000	0.0000	0.0000	1.0000	0.0000	0.0000
0.0024	0.0000	0.0149	0.0008	0.0000	0.9819
0.0000	0.0000	0.0065	0.0000	0.0000	0.9935
0.0000	0.0000	0.0000	0.0000	0.0000	1.0000
1.0000	0.0000	0.0000	0.0000	0.0000	0.0000
0.0000	1.0000	0.0000	0.0000	0.0000	0.0000
0.0020	0.0000	0.2820	0.0001	0.0000	0.7159
0.0000	0.0000	0.0000	0.0036	0.0000	0.9964
0.0000	0.0000	0.0004	0.0000	0.0000	0.9996
0.0000	0.0000	0.0000	0.0000	1.0000	0.0000
0.0000	0.0000	0.0000	1.0000	0.0000	0.0000
0.0001	0.0000	0.9861	0.0000	0.0000	0.0138
0.0000	0.0000	0.0000	0.0000	1.0000	0.0000
0.0000	0.0000	1.0000	0.0000	0.0000	0.0000
0.0000	0.0000	0.9989	0.0000	0.0000	0.0011
1.0000	0.0000	0.0000	0.0000	0.0000	0.0000
0.0000	1.0000	0.0000	0.0000	0.0000	0.0000
0.0001	0.0556	0.9427	0.0014	0.0000	0.0001
0.0000	0.0000	0.0000	0.0000	0.0000	1.0000
0.0000	0.0000	0.0000	0.0000	0.0000	1.0000
0.0000	0.0000	0.0000	0.0000	0.0000	1.0000
0.0000	0.0000	0.5931	0.4069	0.0000	0.0000
0.0000	0.0000	0.9999	0.0000	0.0000	0.0001
0.0000	0.0000	0.0000	0.0000	0.0000	1.0000
0.0000	0.0000	0.0000	0.0000	1.0000	0.0000
0.0000	1.0000	0.0000	0.0000	0.0000	0.0000
0.0000	0.0000	0.0000	0.0000	0.0000	1.0000
0.0001	0.0000	0.7087	0.0000	0.0000	0.2912
0.0000	0.0000	0.0000	0.0000	0.0000	1.0000
0.0000	0.0000	0.0000	0.0000	0.0000	1.0000
0.0005	0.0000	0.0000	0.2206	0.0000	0.7789
0.0000	0.0000	0.0000	0.0000	0.0000	1.0000
0.0000	0.0000	0.2459	0.0509	0.0000	0.7032
0.0000	0.0000	0.0000	0.0000	0.0000	1.0000
0.0003	0.0000	0.0024	0.0003	0.0000	0.9970
0.0000	0.0000	0.0000	0.0000	0.0000	0.9999
0.0001	0.0000	0.0048	0.0002	0.0000	0.9949
0.0000	0.0000	0.0000	0.9827	0.0000	0.0173
0.0027	0.0000	0.2696	0.0001	0.0000	0.7275
0.0000	0.0000	0.2550	0.0000	0.0000	0.7450
0.0000	0.0000	0.0000	0.0000	0.0000	1.0000
0.0000	0.0000	0.0000	0.0000	0.0000	1.0000
1.0000	0.0000	0.0000	0.0000	0.0000	0.0000
0.0000	1.0000	0.0000	0.0000	0.0000	0.0000
0.0000	0.0000	0.0008	0.0000	0.0000	0.9992
0.0000	0.0000	0.1118	0.0000	0.0000	0.8881
0.0000	0.0000	0.0000	0.0000	0.0000	1.0000
0.0000	0.0000	0.0000	0.0000	0.0000	1.0000
0.0001	0.0000	0.0063	0.0000	0.0000	0.9936
0.0000	0.0000	0.0000	1.0000	0.0000	0.0000
0.0000	0.0000	0.0000	0.2389	0.0000	0.7611
0.0006	0.0000	0.0007	0.0001	0.0000	0.9985
0.0001	0.0000	0.7069	0.0000	0.0000	0.2930
0.0000	0.0000	0.0093	0.0000	0.0000	0.9907
0.0000	0.0000	0.0000	0.0000	0.0000	1.0000
0.0001	0.0000	0.0000	0.0000	0.0000	0.9999
0.0000	1.0000	0.0000	0.0000	0.0000	0.0000
0.0000	0.0000	0.0000	0.9886	0.0000	0.0114
0.0000	0.0000	0.0037	0.0081	0.0000	0.9882
0.0001	0.0000	0.0000	0.4980	0.3265	0.1754
0.0000	0.0000	0.0000	0.0000	0.0000	1.0000
0.0000	0.0000	0.0000	0.0000	0.0000	1.0000
1.0000	0.0000	0.0000	0.0000	0.0000	0.0000
0.0000	1.0000	0.0000	0.0000	0.0000	0.0000
0.0000	0.0000	0.0000	0.0029	0.0000	0.9971
0.0000	0.0000	0.0542	0.0000	0.0000	0.9458
0.0000	0.0000	0.0000	0.9838	0.0000	0.0162
0.0000	0.0000	0.0838	0.0000	0.0000	0.9162
0.0000	0.0000	0.1540	0.0000	0.0000	0.8459
0.0000	0.0000	0.0000	0.0000	0.0000	1.0000
0.0000	1.0000	0.0000	0.0000	0.0000	0.0000
0.0000	1.0000	0.0000	0.0000	0.0000	0.0000
0.0000	0.0000	0.8082	0.0000	0.0000	0.1917
0.0000	0.0000	0.0128	0.0000	0.0000	0.9872
0.0002	0.0000	0.1376	0.0001	0.0000	0.8621
0.0000	0.0000	0.0000	0.0000	0.0000	1.0000
0.0006	0.0000	0.9975	0.0000	0.0000	0.0019
0.0001	0.0000	0.8853	0.0474	0.0000	0.0673
0.0000	0.0000	0.0018	0.0000	0.0000	0.9982
0.0000	0.0000	0.0000	0.9997	0.0000	0.0003
0.0000	0.0000	0.9581	0.0000	0.0000	0.0419
0.0000	0.0000	0.9909	0.0000	0.0000	0.0091
0.0000	0.0000	0.0000	0.0000	0.0000	1.0000
0.0000	0.0000	0.0000	0.0000	0.0000	1.0000
0.0000	0.0000	0.0000	0.0000	0.0000	1.0000
0.0000	0.0000	0.0000	0.0000	0.0000	1.0000
0.0000	0.0000	0.0000	0.0000	0.0000	1.0000
0.0000	0.0000	0.0000	0.0000	0.0000	1.0000
0.0000	0.0000	0.0000	0.0000	0.0000	1.0000
0.0000	0.0000	0.0000	0.0000	1.0000	0.0000
0.0000	0.0000	0.0000	0.0000	0.0000	1.0000
0.0000	0.0000	0.0000	0.0000	0.0000	1.0000
0.0000	0.0000	0.0000	0.0000	1.0000	0.0000
0.0000	0.0000	0.0000	1.0000	0.0000	0.0000
0.0000	0.0000	0.0000	0.0000	0.0000	1.0000
0.0000	0.0000	0.0000	0.0000	0.0000	1.0000
0.0000	0.0000	0.0000	0.0000	0.0000	1.0000
0.0000	0.0000	0.0000	0.0000	0.0000	1.0000
0.0000	0.0000	0.0000	0.0000	1.0000	0.0000
0.0000	0.0000	0.0000	0.0000	0.0000	1.0000
0.0000	0.0000	0.0000	0.0000	0.0000	1.0000
0.0000	0.0000	0.0000	0.0000	0.0000	1.0000
0.0000	0.0000	0.0000	0.0000	0.0000	1.0000
0.0000	0.0000	0.0000	0.0000	0.0000	1.0000
1.0000	0.0000	0.0000	0.0000	0.0000	0.0000
0.0000	0.0000	0.0000	0.0000	0.0000	1.0000
0.2461	0.0000	0.0000	0.0004	0.0000	0.7534
0.0324	0.0000	0.0000	0.0000	0.0000	0.9676
0.0000	0.0000	0.0000	0.0000	0.0000	1.0000
0.0000	0.0000	0.0000	0.0000	1.0000	0.0000
0.0001	0.0000	0.0000	0.0027	0.0000	0.9972
0.0000	0.0000	0.0000	0.0000	0.0000	1.0000
1.0000	0.0000	0.0000	0.0000	0.0000	0.0000
0.0000	1.0000	0.0000	0.0000	0.0000	0.0000
0.0000	0.0000	0.0000	0.0000	0.0000	1.0000
0.0000	0.0000	0.0000	0.0000	0.0000	1.0000
0.4359	0.0224	0.0000	0.0000	0.0000	0.5417
0.0004	0.0000	0.0000	0.0000	0.0000	0.9996
0.0005	0.0000	0.0000	0.0000	0.0000	0.9995
0.0004	0.0000	0.0000	0.0083	0.0000	0.9913
0.0000	0.0000	0.0000	0.0000	0.0000	1.0000
0.0000	0.0000	0.0000	0.9243	0.0000	0.0757
0.0000	0.0000	0.0000	0.0000	0.0000	1.0000
0.0000	0.0000	0.0000	0.0001	0.0000	0.9999
0.0000	0.0000	0.0000	0.0000	0.0000	1.0000
0.0000	0.0000	0.0000	0.0000	0.0000	1.0000
0.0000	0.0000	0.0000	0.9932	0.0000	0.0068
0.0057	0.0000	0.0000	0.0055	0.0000	0.9888
0.9950	0.0000	0.0000	0.0000	0.0000	0.0050
0.0000	1.0000	0.0000	0.0000	0.0000	0.0000
0.0258	0.0000	0.0000	0.0002	0.0000	0.9740
0.0000	0.0000	0.0000	1.0000	0.0000	0.0000
0.0000	0.0000	0.0000	0.0000	0.0000	1.0000
0.0000	0.0000	0.0000	0.0000	0.0000	1.0000
0.6500	0.0000	0.0000	0.2751	0.0000	0.0749
0.0000	0.0000	0.0000	0.0000	0.0000	1.0000
0.0000	0.0000	0.0000	0.0000	1.0000	0.0000
0.0324	0.0000	0.0000	0.0001	0.0000	0.9675
0.0000	0.0000	0.0000	1.0000	0.0000	0.0000
0.0001	0.0000	0.0000	0.0000	0.0000	0.9999
0.0000	0.0000	0.0000	1.0000	0.0000	0.0000
0.0000	0.0000	0.0000	0.0000	0.0000	1.0000
0.0000	0.0000	0.0000	0.0000	1.0000	0.0000
0.0000	1.0000	0.0000	0.0000	0.0000	0.0000
0.0000	0.0000	0.0000	0.0000	0.0000	1.0000
0.0000	0.0000	0.0000	0.0000	0.0000	1.0000
0.0006	0.0000	0.0000	0.0000	0.0000	0.9994
0.0000	0.0000	0.0000	0.0000	0.0000	1.0000
0.0002	0.0000	0.0000	0.0000	0.0000	0.9998
0.0000	0.0000	0.0000	0.0000	0.0000	1.0000
0.0000	0.0000	0.0000	0.0000	0.0000	1.0000
0.0000	0.0000	0.0000	0.0000	1.0000	0.0000
0.1506	0.0555	0.0000	0.0000	0.0000	0.7939
0.0000	0.0000	0.0000	0.0000	0.0000	1.0000
0.0000	0.0000	0.0000	0.0007	0.0000	0.9993
1.0000	0.0000	0.0000	0.0000	0.0000	0.0000
0.0000	0.0000	0.0000	0.9997	0.0000	0.0003
0.0178	0.0000	0.0000	0.0046	0.0000	0.9776
0.0000	0.0000	0.0000	0.0000	0.0000	1.0000
0.8709	0.0000	0.0000	0.0000	0.0000	0.1291
0.0034	0.0000	0.0000	0.0053	0.0000	0.9913
0.0000	0.0000	0.0000	0.0001	0.0000	0.9999
0.0000	0.0000	0.0000	0.0000	0.0000	1.0000
0.0000	0.0000	0.0000	0.0000	0.0000	1.0000
