0	0	0	1	0	1	7	0	2	0	0	1	0	0	0	0	0	0	0	0	0	0	0	0	0	0	0	0	0	0	0	0	0	0	0	0	0	0	0	0	0	0	35	0	0	0	0	0	0	1	0	0	1	0	0	0	0	0	0	0	0	0	0	2	0	2	0	0	1	0	0	4	0	0	0	0	0	0	0	0	0	0	0	0	0	0	0	0	0	0	0	0	1	0	0	0	0	0	0	0	0	0	1	0	0	0	0	0	0	0	3	0	0	2	3	0	0	0	1	0	0	0	0	0	0	0	0	0	0	0	0	0	0	0	1	0	0	0	1	5	1	0	1	0	2	0	0	0	0	1	0	0	0	0	0	0	0	1	0	0	0	0	4	0	0	0	4	0	0	0	0	0	0	1	0	0	0	0	1	0	3	1	0	0	0	0	0	0	0	0	0	0	0	1	0	0	0	0	0	0	0	0	0	0	0	0	0	746	0	0	0	0	0	0	0	0	0	0	0	0	9	0	0	0	0	0	0	1	0	0	5	0	0	0	0	0	0	0	0	1	0	0	1	0	0	0	0	0	21	0	0	0	0	0	0	0	0	0	0	0	0	1	0	0	0	0	1	6	1	0	0	1	0	2	0	0	0	0	0	0	0	1	0	0	0	0	0	0	0	0	0	0	0	0
0	0	0	0	0	0	10	0	10	0	0	3	0	0	0	0	0	0	0	0	0	0	0	0	0	0	0	0	0	0	0	0	0	1	0	0	0	0	0	0	0	0	61	0	0	0	0	0	0	4	0	0	4	0	0	0	0	0	2	0	1	0	0	2	0	1	0	0	12	0	0	2	0	0	0	0	0	0	0	0	0	0	1	0	0	0	0	0	0	0	0	0	0	0	0	0	0	0	0	0	0	0	0	0	0	1	0	0	0	0	1	0	0	0	3	0	0	0	0	1	0	0	0	1	0	0	0	0	0	0	0	0	0	0	5	0	0	0	0	2	0	0	0	0	2	0	0	0	0	0	6	0	0	1	0	0	1	4	0	0	0	0	3	0	0	0	5	0	0	0	0	0	0	1	0	0	0	0	0	0	15	1	0	5	1	0	0	0	0	0	0	0	0	0	0	1	0	0	0	0	0	0	0	0	0	0	0	1270	1	0	0	0	0	0	0	0	0	0	0	0	17	0	0	0	0	0	0	0	0	0	7	0	0	0	1	0	1	0	0	0	0	0	0	0	0	0	1	0	15	0	0	0	0	0	0	0	0	0	0	1	0	2	0	0	0	1	0	1	0	0	0	1	0	4	0	0	0	0	0	0	0	0	0	0	0	0	0	0	1	0	0	0	0	0
0	0	0	5	0	0	18	0	8	1	0	2	0	1	0	0	0	0	0	1	0	2	0	0	0	0	0	0	2	0	0	0	0	0	1	0	0	1	0	0	3	0	65	0	0	0	0	0	1	0	1	0	10	0	0	0	0	0	1	0	1	0	0	2	0	4	0	0	5	0	0	1	0	0	0	0	0	0	0	0	0	4	0	0	0	0	0	0	0	0	0	0	3	0	0	0	0	0	0	0	0	0	1	0	0	0	0	0	0	0	11	0	0	0	0	0	0	0	0	1	0	0	1	2	4	0	0	0	0	0	0	0	10	0	0	0	0	0	0	3	0	0	0	0	5	0	0	0	0	0	0	0	0	0	0	0	0	8	0	0	0	0	1	0	0	1	10	0	0	0	2	6	1	0	0	0	0	0	1	0	2	2	0	0	1	0	0	0	0	0	0	0	0	0	0	0	0	0	0	0	0	0	3	1	1	0	0	1188	0	0	0	0	0	0	2	0	0	0	0	0	13	0	0	0	0	0	0	0	0	0	10	1	1	0	11	0	0	0	0	0	0	0	0	0	0	0	0	0	42	0	0	0	0	0	0	0	0	0	0	0	0	0	0	0	0	5	3	1	0	0	0	2	2	16	0	0	0	0	0	0	0	0	0	0	0	0	3	0	0	0	0	0	0	1
0	0	0	2	0	0	14	0	8	0	0	1	0	1	0	0	0	0	0	2	0	0	0	0	0	0	0	0	0	0	0	0	0	0	0	0	0	0	0	0	0	0	52	0	0	0	0	2	0	0	0	0	1	0	0	0	0	0	3	0	0	0	0	2	0	0	0	0	1	0	0	1	0	0	0	0	0	0	0	0	0	1	0	0	3	0	0	0	0	0	0	0	2	0	0	0	0	0	0	0	0	0	2	0	0	0	0	0	3	0	2	0	0	1	4	0	0	0	1	0	0	0	0	1	1	0	0	0	0	0	0	0	0	0	1	0	0	0	0	3	0	0	0	0	3	0	0	0	0	0	0	0	2	0	0	0	0	10	0	0	0	0	21	0	0	0	3	0	0	0	0	0	0	0	0	0	0	0	1	0	14	0	0	0	0	0	0	0	0	0	0	0	0	0	0	0	0	0	0	0	0	0	0	2	1	0	0	886	1	0	3	0	0	0	0	0	0	0	0	0	7	0	0	3	0	0	0	0	0	5	4	0	1	0	0	0	1	0	0	1	0	0	0	0	0	0	0	0	27	0	0	0	0	0	0	0	0	0	0	0	0	0	0	0	1	1	2	1	0	0	0	1	1	0	0	0	0	0	0	0	0	0	0	0	3	0	0	0	0	0	0	0	0	0
0	0	0	3	0	0	2	0	7	0	0	0	0	0	0	0	0	0	0	0	0	2	0	0	0	0	0	0	0	0	0	0	0	0	0	0	0	0	1	0	2	0	30	0	0	0	0	0	0	3	1	0	6	0	0	0	0	0	1	0	0	0	0	2	0	0	0	0	15	0	0	0	0	0	0	0	0	0	0	0	0	2	1	0	0	0	0	0	0	0	0	0	0	0	0	0	0	0	0	0	0	0	0	0	0	1	0	0	0	0	5	0	0	1	2	0	0	0	0	0	0	1	0	1	1	0	0	0	0	0	0	0	1	0	2	0	0	0	0	2	0	0	0	0	15	0	0	0	0	0	0	0	0	0	0	0	0	5	0	0	0	0	0	0	0	0	2	0	0	0	1	8	1	2	0	0	0	0	0	0	4	0	0	0	2	0	0	0	0	0	0	0	0	0	0	0	0	0	0	0	0	0	1	0	0	0	0	1270	2	0	1	0	0	0	2	0	0	0	0	0	7	0	0	0	0	0	0	0	0	0	1	1	0	0	9	0	0	0	0	0	0	1	0	0	0	0	0	0	19	0	0	0	0	0	0	0	0	0	0	0	0	1	0	0	0	3	0	4	0	0	0	2	0	22	0	0	0	0	0	0	0	1	0	1	0	0	2	1	0	0	0	0	0	0
0	0	0	1	0	0	6	0	3	0	0	1	0	0	0	0	0	1	0	0	0	0	0	0	1	0	0	0	1	0	0	0	0	0	1	0	0	0	0	0	1	0	41	0	1	0	0	0	0	0	0	0	5	0	0	0	0	0	0	0	2	0	0	1	2	0	0	0	1	0	0	2	0	4	0	0	0	0	0	0	0	0	0	0	0	1	0	0	0	0	0	0	0	1	1	0	0	0	0	0	0	0	3	0	0	0	0	0	0	0	3	0	0	0	2	0	0	0	2	2	0	0	0	0	0	0	0	0	0	0	0	1	2	0	0	0	0	0	0	0	0	0	0	1	4	0	0	0	0	0	0	0	0	0	0	0	2	4	0	0	0	0	7	0	0	0	4	0	0	0	0	1	0	0	0	0	0	0	0	0	1	0	0	0	0	0	0	0	0	0	0	0	0	0	0	1	0	0	0	0	0	0	0	0	0	0	0	500	0	0	2	0	0	0	2	1	0	0	0	0	8	0	0	1	0	0	0	0	0	0	2	1	0	0	1	0	0	0	0	0	0	0	0	0	0	0	0	0	7	0	0	0	0	0	0	0	0	0	2	0	0	0	0	0	0	6	1	0	0	0	0	0	0	1	0	0	0	0	0	0	0	0	0	0	0	0	0	0	0	0	0	0	0	0
0	0	0	0	0	0	24	0	3	1	0	2	0	0	0	0	0	0	0	0	0	0	0	0	0	0	0	0	0	0	0	0	0	0	1	0	0	1	0	0	0	0	78	0	0	0	0	0	0	0	0	0	0	0	0	0	0	0	1	0	1	0	0	0	0	2	0	0	3	0	0	3	0	0	1	0	0	0	0	0	0	1	0	0	0	0	0	0	0	0	0	0	1	0	0	0	0	0	0	0	0	0	1	0	0	0	0	0	0	0	3	0	0	1	3	0	0	0	0	0	0	0	4	0	2	0	0	0	0	0	0	0	1	0	0	0	0	0	0	0	0	0	0	0	1	0	0	0	0	0	4	0	0	3	0	0	2	25	0	0	0	0	11	0	0	0	11	0	0	0	0	0	0	0	0	0	0	0	0	0	5	3	0	2	0	0	0	0	0	0	0	0	0	4	0	1	0	0	0	5	0	0	0	0	0	0	0	950	0	0	0	0	2	3	0	0	0	0	0	0	25	0	0	0	0	0	0	0	0	0	4	0	0	0	1	0	1	0	0	0	0	0	0	0	0	0	0	0	7	0	0	0	0	0	0	0	0	0	1	0	0	0	0	0	0	0	1	0	0	1	0	1	0	2	0	0	0	0	0	0	0	0	0	0	0	0	0	0	0	0	0	0	0	0
0	0	1	6	0	0	4	0	10	0	0	4	0	0	0	0	0	0	0	0	0	4	0	0	0	0	0	0	0	0	0	0	0	0	0	0	0	0	0	0	1	0	50	0	0	0	0	0	0	0	0	0	1	0	0	0	0	0	1	0	0	0	0	0	0	0	0	0	0	0	0	4	0	0	0	0	0	0	0	0	0	2	0	0	0	0	0	0	0	0	0	0	1	0	0	0	0	0	0	0	0	1	0	0	0	1	0	0	0	0	7	0	0	1	4	0	0	0	0	0	0	0	0	0	3	0	0	0	0	0	0	0	2	0	0	0	0	0	1	0	0	0	1	0	1	0	0	0	0	0	2	0	0	1	0	0	1	2	0	0	0	0	4	0	0	0	2	0	0	0	1	0	1	0	0	0	0	0	1	0	6	0	0	5	5	0	0	0	0	0	0	0	0	1	0	0	0	0	0	0	0	0	0	1	1	0	0	584	0	0	1	0	0	0	1	0	0	0	0	0	16	0	0	0	0	0	0	1	0	0	4	0	0	0	3	0	4	0	0	0	0	0	0	0	0	0	1	0	8	0	0	0	0	0	0	1	0	0	1	0	0	0	1	0	0	1	1	0	1	0	0	2	1	1	0	0	0	0	0	0	0	0	0	0	0	0	1	0	0	0	0	0	0	0
0	0	0	2	0	0	9	0	6	0	0	6	0	0	0	0	0	0	1	0	0	0	0	0	0	0	0	0	0	0	0	0	0	0	1	0	0	0	0	0	0	0	32	0	0	0	0	1	0	0	0	0	2	0	0	0	0	0	2	0	0	0	0	0	0	1	0	0	1	0	0	1	0	0	0	0	0	0	0	0	0	2	0	0	1	0	0	0	0	1	0	0	0	0	0	0	0	0	0	0	0	0	1	0	0	0	0	1	1	0	2	0	0	0	6	0	0	0	0	1	0	0	0	3	3	0	0	0	0	0	0	0	1	0	1	0	0	0	0	1	1	0	0	0	5	0	0	0	0	0	0	0	3	0	0	1	0	17	0	0	0	0	12	0	0	0	8	0	0	0	0	4	1	0	0	0	0	0	0	0	5	0	0	0	1	0	0	0	0	0	0	0	0	0	0	1	0	0	0	0	0	0	1	0	0	0	0	1025	0	0	0	0	0	0	1	0	0	0	0	0	17	0	0	1	0	0	0	1	0	3	7	1	0	0	3	0	0	1	0	1	0	0	0	0	0	0	0	0	13	0	0	0	0	0	0	1	1	0	1	0	0	0	0	0	0	1	0	1	1	0	0	3	0	5	0	0	0	0	0	0	0	0	0	0	1	0	0	0	0	0	0	0	0	0
0	0	0	2	0	0	23	0	2	0	0	1	0	0	0	0	0	0	0	0	0	0	0	0	0	0	0	0	0	0	0	0	0	0	0	0	0	0	0	0	0	0	29	0	0	0	0	0	0	0	0	0	1	0	0	0	0	0	1	0	0	0	0	2	0	0	0	0	0	0	0	1	0	3	5	0	0	0	0	0	0	1	0	0	0	0	0	0	0	0	0	0	0	0	1	0	0	0	0	0	0	0	1	0	1	2	0	0	0	0	4	0	0	0	0	0	0	0	0	0	0	0	1	0	0	0	0	0	0	0	0	0	0	0	0	0	0	0	0	0	1	0	0	1	2	0	0	0	0	0	0	0	0	0	0	0	1	0	0	0	0	0	0	0	0	0	5	0	0	0	0	1	0	0	0	0	0	2	1	0	0	0	0	1	0	0	0	0	0	0	0	0	0	2	0	0	1	0	0	1	0	0	3	0	0	0	0	758	0	0	2	0	0	0	0	2	0	0	0	0	16	0	0	0	0	0	0	0	0	0	14	1	0	0	3	0	0	0	0	1	0	1	1	0	0	0	0	0	58	0	0	0	0	0	0	0	0	0	0	0	0	0	0	0	0	5	2	0	0	0	0	2	0	1	0	0	0	0	0	0	0	0	0	0	0	1	0	0	0	0	0	0	0	0
0	0	7	4	0	0	6	0	4	0	1	2	0	0	0	0	0	1	0	0	0	1	0	0	0	0	0	0	0	0	0	0	0	0	0	0	0	0	0	0	0	0	46	0	0	0	0	0	0	2	0	0	4	0	0	0	0	0	0	1	0	0	0	1	0	1	0	0	9	0	3	3	0	7	0	0	2	0	0	0	0	1	1	0	0	0	0	0	0	2	0	0	3	0	2	0	0	0	0	0	0	0	3	0	1	1	0	0	0	2	4	0	0	0	0	0	0	0	0	1	0	0	0	0	1	0	0	1	0	0	0	0	3	0	1	0	0	0	0	6	0	0	0	0	7	0	0	2	0	0	3	0	0	0	1	1	2	1	0	0	0	0	2	0	0	0	3	0	0	0	0	1	0	4	0	0	0	0	0	0	1	0	0	1	0	0	0	0	0	0	0	0	0	1	0	0	0	0	0	0	0	0	0	0	0	0	0	799	3	0	1	0	0	0	0	1	0	2	0	0	5	0	0	0	0	0	0	2	0	0	0	1	0	0	2	0	4	0	0	1	0	0	0	0	0	0	0	0	18	0	0	0	0	0	0	2	0	0	0	0	0	0	1	0	0	3	1	2	1	1	0	1	0	4	0	0	0	0	0	0	0	0	0	0	0	0	0	0	0	0	0	0	0	0
2	0	4	0	0	0	68	1	11	0	1	5	0	0	3	0	0	0	1	0	4	3	2	0	0	1	1	0	0	0	1	0	0	0	0	0	0	1	0	1	1	1	67	0	1	0	0	0	0	2	0	21	2	0	0	0	1	0	9	0	0	0	0	1	0	0	1	0	0	0	0	3	1	1	1	0	2	0	2	0	0	3	1	0	0	0	0	0	1	2	0	0	4	0	0	2	0	5	0	0	0	4	0	1	0	0	0	0	2	6	6	0	0	0	0	0	0	1	0	0	2	1	0	0	0	5	1	0	0	17	0	0	0	0	0	55	0	0	0	13	0	0	0	0	7	1	0	0	0	0	0	9	0	0	0	2	0	4	1	0	0	1	24	0	39	0	59	3	0	1	1	6	0	0	3	1	0	0	39	4	9	1	1	1	0	0	0	0	0	0	0	0	0	2	3	2	1	3	0	1	1	0	4	2	10	0	1	100	0	0	1	5	0	32	3	0	1	0	0	0	4	0	1	37	0	1	0	0	0	0	0	0	0	6	0	2	0	1	0	0	0	4	0	2	6	0	4	2	92	0	2	2	0	0	0	0	0	1	0	0	0	0	0	0	0	14	0	7	10	1	0	0	0	22	0	0	0	0	2	0	0	0	1	0	1	0	0	1	4	2	0	1	0	5
0	5	1	0	0	0	45	0	15	0	2	12	0	1	6	0	3	0	0	4	3	2	0	2	0	1	1	0	0	0	0	0	0	0	0	0	0	0	4	10	14	0	120	0	0	0	0	0	0	0	0	2	4	4	0	0	0	1	21	0	0	0	0	6	0	0	0	0	0	0	0	2	0	0	0	0	0	1	2	0	0	0	1	1	0	0	0	0	0	5	0	1	2	0	0	0	0	2	0	0	1	0	0	0	1	0	0	0	2	2	20	0	0	0	12	5	1	0	0	0	6	0	0	1	0	10	0	0	0	3	0	0	0	1	0	28	0	0	0	12	0	0	0	0	29	0	0	0	0	0	1	1	0	0	0	2	0	31	0	0	1	0	3	0	17	0	47	5	1	0	0	2	0	6	3	1	0	0	9	1	5	2	1	0	0	0	0	0	1	0	0	0	1	6	2	2	2	0	0	0	0	0	0	1	10	0	1	160	0	0	1	5	0	13	0	0	0	0	0	0	11	0	0	33	1	2	2	0	0	0	0	0	0	3	0	1	0	1	1	1	0	2	0	5	1	0	4	0	62	0	0	0	0	0	0	0	0	0	2	0	0	0	0	0	0	14	0	29	1	0	0	2	0	55	0	0	0	0	0	0	0	0	2	1	0	0	0	0	1	4	0	0	0	2
0	0	2	0	0	0	42	0	9	0	4	3	0	0	5	3	0	0	0	0	0	3	0	0	0	0	3	0	0	0	0	0	0	0	0	1	0	0	0	0	2	1	117	0	0	1	0	0	0	1	0	11	11	1	0	0	0	0	6	0	0	0	0	0	0	0	0	0	0	0	2	5	0	0	0	0	0	1	1	0	0	1	2	0	0	0	0	0	0	5	0	0	10	0	0	0	0	5	0	0	0	2	0	0	0	4	0	0	2	1	8	0	0	0	5	0	1	0	0	0	0	0	0	0	0	7	0	0	1	1	0	0	0	0	0	9	0	0	0	12	0	0	0	0	22	0	1	0	0	0	0	20	0	0	0	0	1	1	2	0	0	1	57	0	25	1	40	0	1	0	2	5	0	0	6	0	1	0	36	1	26	0	3	0	0	0	0	0	0	1	0	1	0	0	2	1	5	1	0	0	0	0	3	2	6	0	0	190	0	0	2	1	0	12	1	0	0	0	0	0	36	0	0	27	0	0	0	0	0	0	0	0	0	3	0	6	0	2	0	0	0	4	0	1	0	0	1	4	106	0	1	0	0	0	0	0	0	1	2	0	0	1	0	0	0	6	0	11	6	0	0	0	0	24	0	0	0	0	0	0	0	0	3	0	0	0	0	0	1	0	0	0	0	2
3	0	6	0	0	0	115	0	2	0	4	1	1	0	6	0	0	0	7	0	1	0	1	0	0	2	2	0	0	0	1	0	0	0	0	1	1	0	0	0	3	1	43	0	3	1	0	0	0	1	0	61	7	0	0	0	0	2	4	2	0	0	1	2	0	0	0	0	0	0	0	0	1	0	4	0	0	1	11	0	0	1	2	0	0	0	0	1	2	5	0	0	0	0	0	1	0	12	0	0	0	1	3	2	0	1	0	0	2	6	10	0	0	1	4	0	1	1	0	0	1	2	0	0	0	10	4	0	4	27	0	0	0	0	1	8	0	0	0	7	0	1	2	0	8	0	0	0	1	0	0	2	0	0	0	3	0	0	1	0	0	2	0	0	55	2	32	1	4	2	0	2	0	0	4	1	0	0	15	12	8	0	0	0	0	1	0	0	0	0	7	1	0	0	13	0	13	5	0	7	3	0	3	1	8	0	4	15	0	0	1	9	0	73	2	0	1	0	0	0	5	0	1	59	0	1	1	0	1	0	0	0	0	16	1	17	0	3	0	0	0	11	0	2	6	5	2	1	67	0	12	1	0	0	0	0	0	7	0	0	0	1	0	0	0	17	0	19	1	0	1	0	0	15	0	0	0	0	0	2	0	0	1	1	0	0	0	0	9	0	0	0	0	5
5	3	2	0	0	0	35	0	7	0	0	2	3	1	4	0	2	0	4	0	0	2	0	0	0	1	0	0	0	0	0	0	0	1	0	0	1	0	0	0	4	2	57	0	0	1	0	0	0	0	0	20	4	0	0	0	0	0	14	3	0	0	2	3	0	7	0	0	0	0	0	1	5	0	0	0	0	2	1	0	0	0	2	2	0	0	0	0	1	0	0	0	4	0	0	1	0	8	0	0	0	1	0	0	0	1	0	0	4	13	19	0	0	0	0	2	0	2	0	0	6	0	0	2	0	3	1	0	0	14	0	0	0	0	0	33	0	0	0	12	0	0	0	0	8	0	0	0	1	0	0	9	0	0	0	7	0	6	0	0	1	4	0	0	19	0	40	0	0	0	0	1	1	1	0	0	3	0	23	0	2	1	2	0	0	0	0	0	0	0	0	1	0	1	2	1	5	0	0	3	1	0	2	1	9	0	0	155	0	0	0	2	0	60	0	0	0	0	0	0	14	0	2	22	0	2	0	0	0	0	0	0	0	4	0	2	0	0	1	2	0	9	0	0	1	5	0	0	94	0	8	1	0	0	0	0	0	1	2	0	0	1	0	0	0	8	0	14	0	0	1	0	0	13	0	0	0	0	0	1	0	1	0	0	0	0	0	0	5	0	0	0	0	0
1	0	13	0	0	0	35	0	6	0	5	2	4	0	6	0	1	0	17	0	0	0	0	0	0	1	0	0	0	0	4	0	0	0	0	0	7	0	0	1	1	0	54	1	4	0	0	0	0	0	0	20	1	0	1	0	0	1	4	0	0	2	0	0	0	0	0	2	0	0	0	1	2	0	4	0	0	0	1	0	0	0	0	0	0	0	0	1	0	0	0	0	2	0	0	8	0	3	0	2	0	2	0	0	0	0	0	0	0	14	4	0	0	0	0	0	1	0	0	0	11	2	0	0	0	5	10	0	0	62	0	0	0	0	1	5	0	0	0	3	0	0	1	0	10	1	2	0	0	0	0	3	0	0	0	1	0	2	6	0	1	2	6	0	26	1	42	0	1	0	1	1	0	0	1	0	0	0	9	0	0	0	1	0	0	0	0	0	0	0	2	0	0	0	5	1	5	0	0	17	7	0	0	1	27	0	0	89	0	0	0	13	0	63	2	0	2	0	0	0	5	0	13	37	0	3	0	0	0	0	0	0	0	20	0	0	0	4	0	0	1	2	0	3	0	0	1	2	37	0	4	0	0	0	0	0	0	1	1	0	0	0	0	0	0	20	0	9	2	0	0	1	0	8	0	0	0	0	0	1	0	0	0	0	0	0	0	0	0	0	0	0	0	12
0	1	5	0	0	0	35	3	11	0	0	8	0	0	8	0	0	0	5	0	1	0	1	0	0	0	1	0	0	1	1	0	1	0	0	0	0	1	3	0	4	0	37	0	0	0	0	0	0	0	0	7	1	0	1	0	0	4	9	0	0	0	0	1	0	2	0	0	0	0	0	1	2	0	5	0	0	0	1	0	0	5	0	5	0	0	0	1	0	2	0	2	3	0	0	0	0	7	0	0	0	3	1	4	1	0	0	0	8	9	2	0	0	2	21	1	1	0	0	0	1	0	1	1	0	5	2	0	1	35	0	0	0	1	0	62	0	0	0	7	0	0	0	0	28	0	2	0	0	0	0	3	0	0	1	1	0	50	0	0	0	0	17	0	6	0	61	1	0	6	1	10	2	2	7	0	1	1	34	4	2	0	3	0	0	0	0	0	0	0	1	0	0	0	0	1	1	0	0	3	4	0	1	7	32	0	0	119	0	0	2	3	0	27	1	0	0	0	0	0	3	0	0	26	0	0	3	0	0	0	0	0	0	1	2	2	0	8	0	0	0	1	0	1	5	0	3	0	71	0	4	5	0	0	0	0	0	0	1	0	0	0	0	0	0	7	0	10	2	0	3	0	0	19	0	0	0	0	1	0	3	0	0	1	1	0	0	0	0	1	0	0	0	3
3	0	2	0	0	0	154	0	3	0	1	6	0	0	5	0	0	0	1	0	0	0	0	0	1	0	1	0	0	0	0	0	1	0	0	1	0	0	0	0	2	1	57	0	0	0	1	0	0	2	0	24	9	0	0	0	2	0	27	0	0	0	0	3	0	2	0	0	0	0	0	0	1	1	2	0	0	1	3	0	0	0	0	0	0	0	0	1	1	3	1	1	1	0	0	0	0	12	0	0	0	1	0	4	0	0	0	0	0	4	4	0	0	0	0	2	0	3	0	0	0	0	0	0	0	5	0	0	0	12	1	0	1	0	0	1	0	0	0	5	0	0	0	0	8	0	0	0	0	0	0	1	0	0	0	3	1	0	0	0	1	0	0	0	49	0	136	0	0	5	0	1	0	0	0	1	0	0	19	3	1	0	0	0	1	1	0	0	0	1	0	0	0	0	1	0	2	2	0	1	0	0	0	0	9	0	0	58	0	1	1	2	0	16	0	1	0	0	1	0	8	0	0	59	0	0	0	0	0	0	0	0	0	4	0	5	0	1	0	0	0	5	0	0	2	0	10	0	38	2	4	1	1	0	0	1	0	1	0	0	2	0	0	0	0	21	0	16	2	5	1	0	0	11	1	0	0	0	0	0	0	0	1	1	0	0	0	1	2	0	0	0	0	3
2	0	2	0	1	0	25	0	3	0	0	1	0	0	13	2	1	0	8	0	2	0	0	0	0	1	0	0	0	1	2	0	1	0	0	0	1	0	0	0	5	0	31	2	2	5	0	0	0	0	0	9	6	0	0	0	0	1	6	0	0	0	0	5	0	0	1	0	0	0	1	0	0	0	4	0	1	0	6	1	0	0	1	0	0	0	0	2	0	1	0	0	0	0	0	1	0	6	0	0	0	2	0	0	0	0	0	0	6	11	11	0	0	0	3	0	0	0	0	0	3	1	0	0	0	13	4	0	0	50	0	0	0	0	5	30	1	0	0	19	0	0	0	0	14	0	0	0	0	0	0	4	0	0	0	4	0	1	4	0	1	3	8	0	8	0	83	3	0	1	0	6	0	0	4	1	0	0	38	1	1	3	0	0	0	1	0	0	0	1	4	0	0	0	7	6	9	0	0	11	8	0	11	1	26	0	1	35	0	0	4	15	0	71	1	1	1	0	0	0	18	0	1	16	0	1	0	1	0	0	0	0	0	1	0	0	0	3	0	0	0	0	0	3	1	0	4	0	133	0	16	3	0	0	0	0	0	0	0	0	0	1	0	0	0	11	0	25	5	0	0	0	0	34	0	0	0	0	2	1	0	0	0	0	0	0	0	0	0	0	0	0	0	9
5	0	2	0	0	0	7	2	7	0	1	9	0	0	5	0	0	0	5	0	0	0	0	0	0	0	0	0	0	0	0	0	0	0	0	0	0	0	0	0	5	1	64	0	1	0	0	0	0	1	0	0	2	0	0	0	0	1	21	4	0	0	2	2	0	3	0	0	0	0	0	2	3	0	1	0	1	1	4	0	0	5	4	0	0	0	0	0	0	6	0	0	6	0	0	0	0	10	0	0	1	1	0	0	0	1	0	0	6	7	10	0	0	0	5	2	0	0	0	0	1	1	0	0	0	5	3	0	1	26	0	0	0	0	1	25	0	0	0	9	0	0	0	0	16	0	0	0	1	0	0	2	0	0	1	4	0	5	2	0	0	1	13	0	3	0	60	1	0	0	0	8	0	0	10	0	1	0	23	0	22	0	1	0	0	0	0	0	0	2	4	2	0	1	7	1	5	0	0	5	1	0	2	6	19	1	4	104	0	0	2	8	0	44	0	0	0	0	0	0	1	0	0	4	0	1	1	0	1	0	0	0	0	0	0	0	0	3	0	0	0	0	0	3	0	2	2	0	75	1	20	2	0	0	0	1	1	0	0	0	0	1	0	0	0	4	0	19	1	0	0	0	0	22	0	0	0	0	1	2	0	0	0	0	0	0	0	0	0	1	0	0	0	6
0	0	2	0	0	0	198	0	6	0	1	0	1	0	4	0	0	0	1	0	1	2	1	0	0	1	1	0	0	0	0	0	1	0	0	3	0	0	0	0	8	0	51	0	0	0	0	0	0	3	0	9	0	0	2	0	1	1	2	0	0	0	0	11	0	0	0	1	0	0	0	3	0	0	2	0	1	3	3	0	0	0	6	0	0	0	0	0	2	0	6	2	0	0	0	2	0	1	0	0	0	1	0	5	0	2	0	0	4	6	13	1	1	0	0	1	0	4	0	0	1	1	0	0	0	4	2	0	0	19	0	0	0	0	5	10	0	0	0	8	0	0	0	0	7	3	1	0	0	0	0	5	0	0	0	2	0	1	1	6	0	2	14	1	33	0	90	0	0	5	1	1	0	2	2	0	0	1	6	6	6	0	1	1	0	0	0	0	0	0	1	0	0	0	4	1	1	1	0	2	1	0	4	1	13	0	1	18	0	3	0	2	0	30	2	1	0	0	0	0	0	0	2	92	0	0	0	0	0	0	0	0	1	9	0	4	0	2	0	0	0	5	0	0	13	0	4	1	26	0	4	1	3	0	0	0	0	0	3	0	0	4	0	0	0	27	0	26	8	1	2	0	0	19	0	0	0	0	0	1	2	0	1	0	0	0	0	4	5	0	0	0	0	3
1	2	1	0	1	0	38	0	16	0	0	3	0	0	5	0	0	0	2	0	2	0	0	0	0	1	0	0	0	3	0	0	4	0	0	2	0	1	0	0	15	0	66	1	0	2	0	0	0	2	0	0	7	0	1	0	0	0	0	0	0	0	0	12	0	0	2	0	0	0	0	2	1	0	5	0	0	8	2	0	0	5	6	1	0	0	1	1	0	3	2	1	3	1	0	0	0	3	0	0	0	3	0	1	0	2	0	0	15	2	29	0	0	0	1	11	0	0	0	0	0	0	0	0	1	1	0	0	0	9	0	0	0	0	2	11	0	0	0	24	0	0	0	0	17	0	0	0	0	0	0	2	0	0	1	0	0	10	0	1	1	0	9	0	7	0	2	0	1	7	0	5	0	7	2	1	0	0	27	1	5	0	3	0	0	1	0	0	0	1	0	1	0	1	0	2	1	0	0	0	0	0	6	1	5	0	0	116	0	1	3	1	1	7	2	5	0	0	1	0	11	0	0	30	0	0	0	1	1	0	0	0	6	1	0	1	0	2	0	0	0	1	0	0	1	0	0	0	113	4	6	2	0	0	0	0	1	0	2	0	3	2	0	0	0	4	0	67	2	3	0	0	0	50	0	0	0	0	2	1	2	0	0	0	1	0	0	4	0	0	0	0	0	0
0	0	0	0	0	0	1	0	7	0	0	4	0	3	0	0	0	0	0	1	0	1	0	0	0	0	0	0	0	0	0	0	1	0	1	0	0	0	0	0	0	0	37	0	0	0	0	0	0	1	0	0	1	0	0	0	1	0	7	0	0	0	0	1	0	0	0	0	0	1	0	9	0	0	0	0	0	0	0	0	0	0	0	1	2	0	0	0	1	0	0	0	6	0	1	0	0	0	0	1	0	0	0	0	1	1	9	1	0	0	0	0	0	0	0	0	0	0	0	0	0	0	2	0	8	0	0	0	0	0	0	0	1	0	0	0	1	3	0	2	0	0	0	0	26	0	0	0	0	0	9	2	0	0	0	0	0	31	0	0	0	0	22	2	0	0	16	0	0	0	0	5	1	0	0	0	0	0	3	0	5	0	0	1	3	0	5	0	0	0	0	0	0	0	0	0	0	0	0	0	0	0	5	2	1	0	0	649	1	0	0	0	0	0	1	1	0	3	0	0	2	0	0	2	0	0	0	0	0	0	0	0	0	0	2	0	0	0	0	0	0	0	0	0	0	0	1	0	29	0	0	0	0	2	1	3	0	0	10	0	0	0	1	0	0	2	1	4	1	0	0	0	0	7	0	1	1	0	0	0	2	0	0	0	2	0	0	0	0	1	0	1	0	0
0	0	0	0	0	0	14	0	14	1	0	9	0	2	0	0	0	0	0	0	0	0	0	0	0	0	0	0	0	0	1	0	0	0	0	0	0	0	0	0	0	0	18	0	0	0	0	0	0	0	0	0	1	0	0	0	0	0	4	0	0	0	0	1	0	1	0	0	0	0	0	18	0	0	0	5	0	0	0	0	0	0	0	0	0	0	1	0	0	1	0	0	1	0	0	0	2	0	0	0	0	0	16	0	0	0	3	1	1	0	0	0	0	0	1	0	0	0	0	0	0	0	1	2	12	0	0	0	0	0	0	0	1	0	0	0	0	1	0	2	0	0	0	3	32	0	0	0	0	0	3	0	0	0	0	0	0	37	0	0	0	0	6	1	0	0	23	0	0	0	0	1	0	0	0	0	2	0	1	0	4	0	0	0	0	0	2	0	0	0	0	0	0	4	0	0	0	0	1	0	0	0	0	0	1	0	0	622	0	0	0	0	0	0	0	0	0	0	0	1	4	0	0	0	0	0	0	0	0	0	1	0	0	0	6	0	1	0	0	0	0	0	4	0	0	0	2	0	19	0	0	0	0	0	0	3	3	0	6	0	0	0	0	1	0	2	2	1	0	0	0	1	0	7	1	0	0	0	0	0	0	0	0	0	0	0	0	0	0	3	0	2	5	0
0	0	0	0	0	0	1	0	17	2	0	8	1	0	0	0	1	0	0	0	0	0	0	0	0	0	0	0	0	0	0	0	0	0	0	0	0	2	0	1	1	0	32	0	0	0	0	0	0	1	0	0	2	0	2	0	2	0	9	0	0	0	0	1	0	0	0	0	2	0	0	22	0	0	0	3	0	0	0	0	0	0	0	0	3	0	0	0	3	0	0	0	5	0	0	0	2	0	4	0	0	0	0	0	2	0	10	0	0	0	0	0	1	0	0	0	0	1	2	0	0	0	0	0	12	0	0	0	0	0	1	2	0	0	0	0	0	0	0	2	0	0	3	0	46	0	0	0	0	2	1	0	0	0	0	0	0	39	0	0	0	0	56	0	0	0	33	0	0	1	0	2	0	0	0	0	0	0	1	1	6	0	1	2	1	0	0	0	0	0	0	0	0	0	0	0	0	0	1	0	0	0	3	0	1	0	0	825	0	1	1	0	0	0	0	0	0	2	0	1	8	1	0	11	1	0	1	1	0	0	0	1	0	2	7	0	0	0	0	0	0	0	1	0	0	0	2	0	12	0	0	0	0	3	2	11	1	0	1	1	0	0	0	0	0	1	1	4	2	2	0	0	0	1	1	0	0	2	0	0	0	0	0	0	0	0	0	0	1	1	0	1	6	0
0	0	0	0	0	0	1	0	9	1	0	11	0	0	0	0	0	2	0	0	0	0	0	0	0	0	0	0	0	0	0	0	0	1	0	0	0	0	0	0	0	0	37	0	0	0	0	0	0	0	0	0	0	0	0	0	0	0	4	0	0	0	0	0	2	0	0	0	0	0	0	6	0	0	0	5	2	0	0	0	0	0	0	1	2	0	1	0	0	1	0	0	2	0	1	0	1	0	0	0	0	0	0	0	0	1	2	0	0	0	0	0	0	0	0	0	0	0	0	0	0	0	0	1	2	0	0	0	1	0	0	0	0	0	0	0	0	0	0	1	0	0	2	0	7	0	0	0	0	0	4	0	0	1	0	0	0	31	0	0	0	0	25	0	0	0	11	0	0	0	1	0	1	0	0	0	0	0	1	0	6	0	0	0	0	0	0	0	0	0	0	0	0	1	0	0	0	0	2	0	0	1	1	0	0	2	0	809	0	0	0	0	0	0	0	0	0	0	0	0	3	4	0	5	1	0	0	0	0	0	0	1	2	0	0	0	0	0	0	0	0	1	2	0	0	0	2	0	13	0	0	0	0	0	0	0	0	0	3	0	0	0	0	6	0	3	0	0	5	0	0	0	0	3	1	0	0	0	0	0	0	0	0	0	0	0	0	0	0	0	0	0	2	0
0	0	0	0	0	0	4	0	8	1	0	5	0	1	0	0	0	0	0	0	0	0	0	1	0	2	0	0	1	0	0	0	0	0	0	0	0	0	0	0	0	0	25	0	0	0	0	0	0	0	0	0	2	0	0	1	0	0	3	0	0	0	0	0	0	0	0	0	2	1	0	16	0	0	0	0	0	0	0	0	0	4	0	0	1	0	0	0	0	0	0	0	3	1	1	0	0	2	0	0	0	0	0	2	0	0	4	2	0	0	0	0	0	1	1	0	0	0	0	0	0	0	3	1	0	0	0	0	0	0	2	0	0	1	0	0	0	0	0	1	0	0	0	0	21	1	0	0	0	2	0	4	0	2	0	0	0	48	0	0	0	0	48	1	0	0	12	0	0	0	0	5	0	0	0	0	0	0	7	0	6	1	1	0	2	0	2	0	2	0	0	0	0	0	0	1	0	2	0	0	0	0	7	2	0	0	0	870	7	0	0	0	0	0	0	1	0	3	0	0	0	0	0	6	2	0	0	0	0	0	0	1	0	0	0	0	0	0	0	0	0	0	0	0	0	0	4	1	5	0	0	0	0	0	3	0	0	0	4	0	0	0	3	0	0	3	0	3	0	0	0	0	1	5	0	1	1	1	0	0	0	0	0	0	1	0	0	0	0	3	0	2	0	0
0	0	0	0	0	2	3	0	2	0	0	4	0	0	0	0	0	0	0	0	0	0	0	0	0	0	0	0	0	0	0	0	0	0	0	0	0	0	0	0	0	0	19	0	0	0	0	0	0	2	1	0	0	2	0	0	1	0	3	0	0	0	0	0	0	1	0	0	2	0	0	21	0	0	0	0	21	0	0	0	0	0	0	2	3	0	0	0	0	0	0	0	0	0	0	0	0	0	0	0	0	0	1	0	0	0	5	1	0	0	0	0	0	0	2	0	0	0	0	0	0	0	2	5	4	0	0	0	0	0	0	0	0	0	0	0	0	1	0	0	0	0	0	0	16	0	0	0	0	0	0	0	0	0	0	0	0	27	0	0	0	0	14	0	0	0	15	0	0	0	0	0	1	0	0	0	0	1	1	0	11	0	0	0	0	0	0	3	0	0	0	0	0	5	0	0	0	0	0	0	0	0	2	1	1	0	0	591	0	0	0	0	0	0	0	0	0	1	0	2	3	0	0	2	1	0	0	0	0	0	0	0	0	0	4	0	0	0	1	1	0	0	0	0	0	0	2	0	0	0	0	0	0	1	1	1	0	0	3	0	0	1	0	0	2	0	1	1	0	0	0	0	0	0	0	0	0	1	0	0	1	2	0	0	0	0	0	0	0	0	0	0	0	0
0	0	0	0	0	0	0	0	15	0	0	0	0	0	0	0	1	1	0	0	0	0	0	0	0	0	0	0	0	0	0	0	1	0	0	0	0	0	0	0	0	0	7	0	0	0	0	0	0	0	0	0	2	0	0	0	0	0	7	0	0	0	0	0	1	0	0	0	1	0	0	0	0	0	0	0	0	0	0	0	0	0	0	0	0	0	0	0	0	0	0	0	5	0	0	0	0	0	0	0	0	0	0	0	0	0	2	0	0	0	0	0	0	0	0	0	0	0	0	0	0	0	0	0	5	0	0	0	0	0	0	0	0	0	0	1	1	0	0	1	0	0	0	0	33	0	0	0	0	0	4	0	0	1	0	0	0	62	0	0	0	0	8	1	0	0	7	0	0	0	3	5	0	0	0	0	0	0	3	0	1	0	2	0	0	0	0	0	1	0	0	0	0	0	0	0	0	1	0	0	0	1	1	0	1	1	0	486	0	1	0	0	0	0	0	0	0	0	0	0	3	0	0	3	1	0	0	0	0	0	0	0	1	1	0	0	0	0	0	0	0	0	4	0	0	0	2	0	31	0	0	0	0	0	1	0	0	0	6	0	0	0	0	3	0	4	0	2	7	0	0	1	1	1	0	0	0	1	0	0	0	0	0	0	0	0	0	0	0	0	0	0	0	0
0	0	0	0	0	0	11	0	1	0	0	13	0	0	0	0	0	0	0	0	0	0	0	1	0	0	0	0	0	0	0	0	0	1	0	0	0	0	0	0	0	0	38	0	0	0	0	0	0	0	0	0	0	0	0	0	0	0	0	0	0	0	0	0	1	0	0	0	3	1	0	4	0	0	0	3	0	0	0	0	0	0	0	0	0	1	0	0	0	0	0	0	0	0	0	0	0	0	0	0	0	0	1	0	0	0	10	0	0	0	0	0	0	0	0	0	0	0	0	0	0	0	2	0	13	0	0	0	0	0	0	0	0	1	0	0	1	0	0	0	0	0	1	0	12	0	0	0	0	0	2	1	0	0	0	0	0	23	0	0	0	0	18	2	0	0	17	0	0	1	0	0	1	0	0	0	0	0	0	0	0	0	0	1	0	0	0	0	0	0	0	0	0	1	0	0	0	0	1	0	0	1	0	0	2	0	0	589	0	0	0	0	0	0	0	0	0	2	0	0	2	2	0	1	0	0	0	0	0	0	1	0	0	0	3	0	0	0	0	0	0	0	0	0	0	0	6	0	3	0	0	0	0	1	1	2	0	0	1	0	0	1	0	1	0	1	0	1	0	1	0	1	0	0	2	1	0	0	0	0	0	0	0	0	0	0	0	0	0	0	0	0	1	0
0	0	0	0	0	0	10	0	6	0	0	11	0	3	0	0	0	0	0	0	0	0	0	0	0	1	0	0	0	0	0	0	0	0	0	0	0	0	0	0	0	0	21	0	0	0	0	0	0	0	0	0	1	0	0	0	0	0	5	0	0	0	0	0	0	0	0	0	4	1	0	9	1	0	0	0	0	0	0	0	0	0	0	0	1	0	0	0	1	0	0	0	4	0	4	0	0	0	0	0	0	0	2	0	0	1	8	1	0	0	0	0	0	0	0	0	0	0	0	0	0	0	0	0	1	0	0	0	0	0	2	0	0	0	0	0	0	0	0	4	0	0	1	0	20	0	0	0	0	1	0	1	4	0	0	1	0	43	0	0	0	0	28	0	0	0	16	0	0	0	0	1	0	0	0	0	0	0	0	0	1	0	0	0	1	0	0	0	0	0	0	0	0	0	0	1	0	0	0	0	0	0	5	1	0	0	0	666	1	0	0	0	0	0	0	0	0	1	0	0	0	1	0	7	0	0	0	0	0	0	0	0	0	0	1	0	0	0	0	0	0	1	1	0	0	0	0	1	4	0	0	0	0	0	0	1	0	0	2	0	0	0	3	0	0	4	0	0	1	0	0	0	0	4	0	0	2	0	0	0	1	0	0	0	0	1	0	0	0	3	0	1	0	0
0	0	0	0	0	0	8	0	11	0	0	3	0	1	0	0	0	0	0	0	0	0	0	0	0	0	0	0	0	0	0	0	2	0	0	0	0	2	0	0	0	0	27	0	0	0	0	0	0	0	0	0	3	1	0	0	0	0	11	0	0	0	0	1	0	2	0	0	1	1	0	11	0	0	0	0	2	0	0	0	0	0	0	0	1	0	1	0	1	2	0	0	5	0	0	0	0	0	1	0	0	0	0	0	0	0	8	1	1	0	0	0	1	0	1	0	0	0	0	0	1	0	3	5	6	0	0	0	0	1	0	0	1	1	0	1	0	0	0	1	0	0	2	0	19	0	0	0	0	2	6	2	0	0	0	0	0	62	0	0	1	0	71	0	0	0	19	0	0	0	1	2	1	0	0	0	0	0	4	1	3	0	1	0	2	0	3	1	0	0	0	0	0	5	0	0	0	0	0	0	0	0	0	0	1	1	0	516	1	1	1	0	0	0	1	0	0	0	0	0	2	0	0	3	1	0	0	0	0	0	0	0	0	0	2	0	0	0	0	0	0	0	3	0	0	0	0	0	25	0	0	0	0	0	3	1	0	0	3	0	0	0	0	1	0	0	2	0	1	2	0	0	0	7	0	0	0	1	0	0	0	1	0	0	2	0	0	0	1	0	1	1	0	0
