0.0000	1.0000	0.0000	0.0000	0.0000	0.0000
1.0000	0.0000	0.0000	0.0000	0.0000	0.0000
0.0000	1.0000	0.0000	0.0000	0.0000	0.0000
0.0000	0.0000	0.0000	0.0000	1.0000	0.0000
0.0000	1.0000	0.0000	0.0000	0.0000	0.0000
0.3294	0.6706	0.0000	0.0000	0.0000	0.0000
0.0001	0.9999	0.0000	0.0000	0.0000	0.0000
0.0004	0.9996	0.0000	0.0000	0.0000	0.0000
0.9707	0.0265	0.0000	0.0000	0.0028	0.0000
0.0000	1.0000	0.0000	0.0000	0.0000	0.0000
0.0000	0.0000	0.0000	1.0000	0.0000	0.0000
0.0000	0.0000	1.0000	0.0000	0.0000	0.0000
0.0000	0.0000	1.0000	0.0000	0.0000	0.0000
0.0000	0.0000	0.0000	1.0000	0.0000	0.0000
0.0000	0.0000	1.0000	0.0000	0.0000	0.0000
0.0000	0.0000	0.0000	1.0000	0.0000	0.0000
0.0000	0.0000	0.0000	1.0000	0.0000	0.0000
0.0000	0.0000	1.0000	0.0000	0.0000	0.0000
0.0000	0.0000	1.0000	0.0000	0.0000	0.0000
0.0000	0.0000	1.0000	0.0000	0.0000	0.0000
0.0000	0.0000	1.0000	0.0000	0.0000	0.0000
0.0000	0.0000	0.9712	0.0288	0.0000	0.0000
0.0000	0.0010	0.0000	0.0000	0.0041	0.9948
0.0000	0.0000	0.0000	0.0000	0.0000	1.0000
0.5466	0.4451	0.0000	0.0000	0.0084	0.0000
0.0000	0.0000	0.0000	0.0000	0.0129	0.9871
0.0000	0.0000	0.0000	0.0000	0.0005	0.9995
0.0000	0.0000	0.0000	0.0000	1.0000	0.0000
0.0000	0.0000	0.0000	0.0000	0.7788	0.2212
0.0000	0.0000	0.0000	0.0000	0.8343	0.1657
0.0000	0.0000	0.0000	0.0000	0.9982	0.0018
0.0000	0.0000	0.0000	0.0000	0.0000	1.0000
0.0000	0.0000	0.0000	0.0000	1.0000	0.0000
