0.0146	0.9854	0.0000	0.0000	0.0000	0.0000
0.9979	0.0021	0.0000	0.0000	0.0000	0.0000
1.0000	0.0000	0.0000	0.0000	0.0000	0.0000
0.0018	0.9982	0.0000	0.0000	0.0000	0.0000
0.9974	0.0026	0.0000	0.0000	0.0000	0.0000
1.0000	0.0000	0.0000	0.0000	0.0000	0.0000
1.0000	0.0000	0.0000	0.0000	0.0000	0.0000
0.3937	0.6032	0.0000	0.0000	0.0032	0.0000
0.0000	0.9997	0.0000	0.0000	0.0003	0.0000
0.0000	1.0000	0.0000	0.0000	0.0000	0.0000
0.0000	0.0000	1.0000	0.0000	0.0000	0.0000
0.0000	0.0000	0.0000	1.0000	0.0000	0.0000
0.0000	0.0000	1.0000	0.0000	0.0000	0.0000
0.0000	0.0000	1.0000	0.0000	0.0000	0.0000
0.0000	0.0000	0.0000	1.0000	0.0000	0.0000
0.0000	0.0000	0.9993	0.0007	0.0000	0.0000
0.0000	0.0000	1.0000	0.0000	0.0000	0.0000
0.0000	0.0000	1.0000	0.0000	0.0000	0.0000
0.0000	0.0000	1.0000	0.0000	0.0000	0.0000
0.0000	0.0000	1.0000	0.0000	0.0000	0.0000
0.0000	0.0000	1.0000	0.0000	0.0000	0.0000
0.0000	0.0000	0.4301	0.5699	0.0000	0.0000
0.0000	0.0000	0.0000	0.0000	1.0000	0.0000
0.0000	0.0000	0.0000	0.0000	0.9936	0.0064
0.0000	0.0000	0.0000	0.0000	0.0111	0.9889
0.0000	0.0005	0.0000	0.0000	0.9986	0.0010
0.0000	0.0845	0.0000	0.0000	0.0000	0.9155
0.0000	0.0000	0.0000	0.0000	0.0000	1.0000
0.0000	0.0000	0.0000	0.0000	0.1886	0.8114
0.0000	0.0000	0.0000	0.0000	1.0000	0.0000
0.0000	0.0025	0.0000	0.0000	0.9975	0.0000
0.0000	0.9124	0.0000	0.0000	0.0201	0.0675
0.0000	0.0000	0.0000	0.0000	0.7011	0.2989
