0.9994	0.0006	0.0000	0.0000	0.0000	0.0000
0.9759	0.0241	0.0000	0.0000	0.0000	0.0000
1.0000	0.0000	0.0000	0.0000	0.0000	0.0000
1.0000	0.0000	0.0000	0.0000	0.0000	0.0000
0.1568	0.0568	0.0000	0.0000	0.0000	0.7864
0.0015	0.3590	0.0000	0.0000	0.6395	0.0000
0.9993	0.0007	0.0000	0.0000	0.0000	0.0000
1.0000	0.0000	0.0000	0.0000	0.0000	0.0000
0.0000	1.0000	0.0000	0.0000	0.0000	0.0000
0.9999	0.0001	0.0000	0.0000	0.0000	0.0000
0.0000	0.0000	0.0000	1.0000	0.0000	0.0000
0.0000	0.0000	1.0000	0.0000	0.0000	0.0000
0.0000	0.0000	0.0000	1.0000	0.0000	0.0000
0.0000	0.0000	0.0000	1.0000	0.0000	0.0000
0.0000	0.0000	0.0000	1.0000	0.0000	0.0000
0.0000	0.0000	0.0007	0.9993	0.0000	0.0000
0.0000	0.0000	1.0000	0.0000	0.0000	0.0000
0.0000	0.0000	1.0000	0.0000	0.0000	0.0000
0.0000	0.0000	0.0000	1.0000	0.0000	0.0000
0.0000	0.0000	0.0000	1.0000	0.0000	0.0000
0.0000	0.0000	1.0000	0.0000	0.0000	0.0000
0.0000	0.0000	0.0000	1.0000	0.0000	0.0000
0.0000	0.0000	0.0000	0.0000	0.8710	0.1290
0.0000	0.0000	0.0000	0.0000	0.6597	0.3403
0.0000	0.0000	0.0000	0.0108	0.9860	0.0032
0.0000	0.0000	0.0000	0.0000	0.9967	0.0033
0.0000	0.0000	0.0000	0.0000	0.7958	0.2042
0.0000	0.0000	0.0000	0.0440	0.0001	0.9559
0.0000	0.0000	0.0000	0.0000	0.0718	0.9282
0.0000	0.0000	0.0000	0.0000	0.0000	1.0000
0.0000	0.0000	0.0000	0.0000	1.0000	0.0000
0.0000	0.0000	0.0000	0.0000	1.0000	0.0000
0.0000	0.0001	0.0000	0.0000	0.9999	0.0000
