1.0000	0.0000	0.0000	0.0000	0.0000
1.0000	0.0000	0.0000	0.0000	0.0000
1.0000	0.0000	0.0000	0.0000	0.0000
1.0000	0.0000	0.0000	0.0000	0.0000
1.0000	0.0000	0.0000	0.0000	0.0000
1.0000	0.0000	0.0000	0.0000	0.0000
1.0000	0.0000	0.0000	0.0000	0.0000
1.0000	0.0000	0.0000	0.0000	0.0000
1.0000	0.0000	0.0000	0.0000	0.0000
1.0000	0.0000	0.0000	0.0000	0.0000
1.0000	0.0000	0.0000	0.0000	0.0000
1.0000	0.0000	0.0000	0.0000	0.0000
1.0000	0.0000	0.0000	0.0000	0.0000
1.0000	0.0000	0.0000	0.0000	0.0000
1.0000	0.0000	0.0000	0.0000	0.0000
1.0000	0.0000	0.0000	0.0000	0.0000
0.0000	0.0000	0.0000	1.0000	0.0000
1.0000	0.0000	0.0000	0.0000	0.0000
1.0000	0.0000	0.0000	0.0000	0.0000
1.0000	0.0000	0.0000	0.0000	0.0000
1.0000	0.0000	0.0000	0.0000	0.0000
1.0000	0.0000	0.0000	0.0000	0.0000
1.0000	0.0000	0.0000	0.0000	0.0000
1.0000	0.0000	0.0000	0.0000	0.0000
1.0000	0.0000	0.0000	0.0000	0.0000
1.0000	0.0000	0.0000	0.0000	0.0000
1.0000	0.0000	0.0000	0.0000	0.0000
0.0000	1.0000	0.0000	0.0000	0.0000
1.0000	0.0000	0.0000	0.0000	0.0000
1.0000	0.0000	0.0000	0.0000	0.0000
1.0000	0.0000	0.0000	0.0000	0.0000
1.0000	0.0000	0.0000	0.0000	0.0000
1.0000	0.0000	0.0000	0.0000	0.0000
1.0000	0.0000	0.0000	0.0000	0.0000
1.0000	0.0000	0.0000	0.0000	0.0000
1.0000	0.0000	0.0000	0.0000	0.0000
1.0000	0.0000	0.0000	0.0000	0.0000
1.0000	0.0000	0.0000	0.0000	0.0000
1.0000	0.0000	0.0000	0.0000	0.0000
1.0000	0.0000	0.0000	0.0000	0.0000
1.0000	0.0000	0.0000	0.0000	0.0000
1.0000	0.0000	0.0000	0.0000	0.0000
1.0000	0.0000	0.0000	0.0000	0.0000
1.0000	0.0000	0.0000	0.0000	0.0000
1.0000	0.0000	0.0000	0.0000	0.0000
1.0000	0.0000	0.0000	0.0000	0.0000
1.0000	0.0000	0.0000	0.0000	0.0000
1.0000	0.0000	0.0000	0.0000	0.0000
1.0000	0.0000	0.0000	0.0000	0.0000
1.0000	0.0000	0.0000	0.0000	0.0000
1.0000	0.0000	0.0000	0.0000	0.0000
1.0000	0.0000	0.0000	0.0000	0.0000
1.0000	0.0000	0.0000	0.0000	0.0000
1.0000	0.0000	0.0000	0.0000	0.0000
1.0000	0.0000	0.0000	0.0000	0.0000
1.0000	0.0000	0.0000	0.0000	0.0000
1.0000	0.0000	0.0000	0.0000	0.0000
1.0000	0.0000	0.0000	0.0000	0.0000
1.0000	0.0000	0.0000	0.0000	0.0000
1.0000	0.0000	0.0000	0.0000	0.0000
1.0000	0.0000	0.0000	0.0000	0.0000
1.0000	0.0000	0.0000	0.0000	0.0000
1.0000	0.0000	0.0000	0.0000	0.0000
1.0000	0.0000	0.0000	0.0000	0.0000
1.0000	0.0000	0.0000	0.0000	0.0000
1.0000	0.0000	0.0000	0.0000	0.0000
1.0000	0.0000	0.0000	0.0000	0.0000
1.0000	0.0000	0.0000	0.0000	0.0000
0.9998	0.0000	0.0000	0.0002	0.0000
1.0000	0.0000	0.0000	0.0000	0.0000
1.0000	0.0000	0.0000	0.0000	0.0000
1.0000	0.0000	0.0000	0.0000	0.0000
1.0000	0.0000	0.0000	0.0000	0.0000
1.0000	0.0000	0.0000	0.0000	0.0000
1.0000	0.0000	0.0000	0.0000	0.0000
1.0000	0.0000	0.0000	0.0000	0.0000
1.0000	0.0000	0.0000	0.0000	0.0000
1.0000	0.0000	0.0000	0.0000	0.0000
1.0000	0.0000	0.0000	0.0000	0.0000
1.0000	0.0000	0.0000	0.0000	0.0000
1.0000	0.0000	0.0000	0.0000	0.0000
1.0000	0.0000	0.0000	0.0000	0.0000
1.0000	0.0000	0.0000	0.0000	0.0000
1.0000	0.0000	0.0000	0.0000	0.0000
1.0000	0.0000	0.0000	0.0000	0.0000
1.0000	0.0000	0.0000	0.0000	0.0000
1.0000	0.0000	0.0000	0.0000	0.0000
1.0000	0.0000	0.0000	0.0000	0.0000
1.0000	0.0000	0.0000	0.0000	0.0000
0.0000	1.0000	0.0000	0.0000	0.0000
0.0000	1.0000	0.0000	0.0000	0.0000
0.0000	1.0000	0.0000	0.0000	0.0000
0.0000	1.0000	0.0000	0.0000	0.0000
0.0000	1.0000	0.0000	0.0000	0.0000
0.0000	0.0234	0.9766	0.0000	0.0000
0.0000	1.0000	0.0000	0.0000	0.0000
0.0000	1.0000	0.0000	0.0000	0.0000
0.0000	1.0000	0.0000	0.0000	0.0000
0.0000	1.0000	0.0000	0.0000	0.0000
0.0000	1.0000	0.0000	0.0000	0.0000
0.0000	1.0000	0.0000	0.0000	0.0000
0.0000	1.0000	0.0000	0.0000	0.0000
0.0000	1.0000	0.0000	0.0000	0.0000
0.0000	1.0000	0.0000	0.0000	0.0000
0.0000	1.0000	0.0000	0.0000	0.0000
0.0000	1.0000	0.0000	0.0000	0.0000
0.0000	1.0000	0.0000	0.0000	0.0000
0.0000	1.0000	0.0000	0.0000	0.0000
0.0000	0.0000	0.0000	0.0000	1.0000
0.0000	1.0000	0.0000	0.0000	0.0000
0.0000	1.0000	0.0000	0.0000	0.0000
0.0000	1.0000	0.0000	0.0000	0.0000
0.0000	1.0000	0.0000	0.0000	0.0000
0.0000	1.0000	0.0000	0.0000	0.0000
0.0000	1.0000	0.0000	0.0000	0.0000
0.0000	1.0000	0.0000	0.0000	0.0000
0.0000	1.0000	0.0000	0.0000	0.0000
0.0000	1.0000	0.0000	0.0000	0.0000
0.0000	1.0000	0.0000	0.0000	0.0000
0.0000	1.0000	0.0000	0.0000	0.0000
0.0000	1.0000	0.0000	0.0000	0.0000
0.0000	1.0000	0.0000	0.0000	0.0000
0.0000	1.0000	0.0000	0.0000	0.0000
0.0000	1.0000	0.0000	0.0000	0.0000
0.0000	1.0000	0.0000	0.0000	0.0000
0.0000	1.0000	0.0000	0.0000	0.0000
0.0000	1.0000	0.0000	0.0000	0.0000
0.0000	1.0000	0.0000	0.0000	0.0000
0.0000	1.0000	0.0000	0.0000	0.0000
0.0000	1.0000	0.0000	0.0000	0.0000
0.0000	1.0000	0.0000	0.0000	0.0000
0.0000	1.0000	0.0000	0.0000	0.0000
0.0000	1.0000	0.0000	0.0000	0.0000
0.0000	0.0000	0.0000	0.0000	1.0000
0.0000	1.0000	0.0000	0.0000	0.0000
0.0000	1.0000	0.0000	0.0000	0.0000
0.0000	1.0000	0.0000	0.0000	0.0000
0.0000	1.0000	0.0000	0.0000	0.0000
0.0000	1.0000	0.0000	0.0000	0.0000
0.0000	1.0000	0.0000	0.0000	0.0000
0.0000	1.0000	0.0000	0.0000	0.0000
0.0000	1.0000	0.0000	0.0000	0.0000
0.0000	1.0000	0.0000	0.0000	0.0000
0.0000	1.0000	0.0000	0.0000	0.0000
0.0000	1.0000	0.0000	0.0000	0.0000
0.0000	1.0000	0.0000	0.0000	0.0000
0.0000	1.0000	0.0000	0.0000	0.0000
0.0000	1.0000	0.0000	0.0000	0.0000
0.0000	1.0000	0.0000	0.0000	0.0000
0.0000	1.0000	0.0000	0.0000	0.0000
0.0000	1.0000	0.0000	0.0000	0.0000
0.0000	0.0000	0.0000	0.0000	1.0000
0.0000	1.0000	0.0000	0.0000	0.0000
0.0000	1.0000	0.0000	0.0000	0.0000
0.0000	1.0000	0.0000	0.0000	0.0000
0.0000	1.0000	0.0000	0.0000	0.0000
0.0000	1.0000	0.0000	0.0000	0.0000
0.0000	1.0000	0.0000	0.0000	0.0000
0.0000	1.0000	0.0000	0.0000	0.0000
0.0000	1.0000	0.0000	0.0000	0.0000
0.0000	1.0000	0.0000	0.0000	0.0000
0.0000	1.0000	0.0000	0.0000	0.0000
0.0000	1.0000	0.0000	0.0000	0.0000
0.0000	1.0000	0.0000	0.0000	0.0000
0.0000	1.0000	0.0000	0.0000	0.0000
0.0000	1.0000	0.0000	0.0000	0.0000
0.0000	1.0000	0.0000	0.0000	0.0000
0.0000	1.0000	0.0000	0.0000	0.0000
0.0000	1.0000	0.0000	0.0000	0.0000
0.0000	1.0000	0.0000	0.0000	0.0000
0.0000	0.0000	0.0000	0.0000	1.0000
0.0000	1.0000	0.0000	0.0000	0.0000
0.0000	1.0000	0.0000	0.0000	0.0000
0.0000	1.0000	0.0000	0.0000	0.0000
0.0000	1.0000	0.0000	0.0000	0.0000
0.0000	1.0000	0.0000	0.0000	0.0000
0.0000	1.0000	0.0000	0.0000	0.0000
0.0000	1.0000	0.0000	0.0000	0.0000
0.0000	1.0000	0.0000	0.0000	0.0000
0.0000	1.0000	0.0000	0.0000	0.0000
0.0000	1.0000	0.0000	0.0000	0.0000
0.0000	1.0000	0.0000	0.0000	0.0000
0.0000	1.0000	0.0000	0.0000	0.0000
0.0000	1.0000	0.0000	0.0000	0.0000
0.0000	1.0000	0.0000	0.0000	0.0000
0.0000	1.0000	0.0000	0.0000	0.0000
0.0000	1.0000	0.0000	0.0000	0.0000
1.0000	0.0000	0.0000	0.0000	0.0000
0.0000	1.0000	0.0000	0.0000	0.0000
0.0000	1.0000	0.0000	0.0000	0.0000
0.0000	1.0000	0.0000	0.0000	0.0000
0.0000	1.0000	0.0000	0.0000	0.0000
0.0000	0.0000	1.0000	0.0000	0.0000
0.0000	0.0000	1.0000	0.0000	0.0000
0.0000	0.0000	1.0000	0.0000	0.0000
0.0000	0.0000	1.0000	0.0000	0.0000
0.0000	0.0000	1.0000	0.0000	0.0000
0.0000	0.0000	1.0000	0.0000	0.0000
0.0000	0.0000	1.0000	0.0000	0.0000
0.0000	0.0000	1.0000	0.0000	0.0000
0.0000	0.0000	1.0000	0.0000	0.0000
0.0000	0.0000	1.0000	0.0000	0.0000
0.0000	0.0000	1.0000	0.0000	0.0000
0.0000	0.0000	1.0000	0.0000	0.0000
0.0000	0.0000	1.0000	0.0000	0.0000
0.0000	0.0000	1.0000	0.0000	0.0000
0.0000	0.0000	1.0000	0.0000	0.0000
0.0000	0.0000	1.0000	0.0000	0.0000
0.0000	0.0000	1.0000	0.0000	0.0000
0.0000	0.0000	1.0000	0.0000	0.0000
0.0000	0.0000	1.0000	0.0000	0.0000
0.0000	0.0000	1.0000	0.0000	0.0000
0.0000	0.0000	1.0000	0.0000	0.0000
0.0000	0.0000	1.0000	0.0000	0.0000
0.0000	0.0000	1.0000	0.0000	0.0000
0.0000	0.0000	1.0000	0.0000	0.0000
0.0000	0.0000	1.0000	0.0000	0.0000
0.0000	0.0000	1.0000	0.0000	0.0000
0.0000	0.0000	1.0000	0.0000	0.0000
0.0000	0.0000	1.0000	0.0000	0.0000
0.0000	0.0000	1.0000	0.0000	0.0000
0.0000	0.0000	1.0000	0.0000	0.0000
0.0000	0.0000	1.0000	0.0000	0.0000
0.0000	0.0000	1.0000	0.0000	0.0000
0.0000	0.0000	1.0000	0.0000	0.0000
0.0000	0.0000	1.0000	0.0000	0.0000
0.0000	0.0000	1.0000	0.0000	0.0000
0.0000	0.0000	1.0000	0.0000	0.0000
0.0000	0.0000	1.0000	0.0000	0.0000
0.0000	0.0000	1.0000	0.0000	0.0000
0.0000	0.0000	1.0000	0.0000	0.0000
0.0000	0.0000	1.0000	0.0000	0.0000
0.0000	0.0000	1.0000	0.0000	0.0000
0.0000	0.0000	1.0000	0.0000	0.0000
0.0000	0.0000	1.0000	0.0000	0.0000
0.0000	0.0000	1.0000	0.0000	0.0000
0.0000	0.0000	1.0000	0.0000	0.0000
0.0000	0.0000	1.0000	0.0000	0.0000
0.0000	0.0000	1.0000	0.0000	0.0000
0.0000	0.0000	1.0000	0.0000	0.0000
0.0000	0.0000	1.0000	0.0000	0.0000
0.0000	0.0000	1.0000	0.0000	0.0000
0.0000	0.0000	1.0000	0.0000	0.0000
0.0000	0.0000	1.0000	0.0000	0.0000
0.0000	0.0000	1.0000	0.0000	0.0000
0.0000	0.0000	1.0000	0.0000	0.0000
0.0000	0.0000	1.0000	0.0000	0.0000
0.0000	0.0000	1.0000	0.0000	0.0000
0.0000	0.0000	1.0000	0.0000	0.0000
0.0000	0.0000	1.0000	0.0000	0.0000
0.0000	0.0000	1.0000	0.0000	0.0000
0.0000	0.0000	1.0000	0.0000	0.0000
0.0000	0.0000	1.0000	0.0000	0.0000
0.0000	0.0000	1.0000	0.0000	0.0000
0.0000	0.0000	1.0000	0.0000	0.0000
0.0000	0.0000	1.0000	0.0000	0.0000
0.0000	0.0000	1.0000	0.0000	0.0000
0.0000	0.0000	1.0000	0.0000	0.0000
0.0000	0.0000	1.0000	0.0000	0.0000
0.0000	0.0000	1.0000	0.0000	0.0000
0.0000	0.0000	1.0000	0.0000	0.0000
0.0000	0.0000	1.0000	0.0000	0.0000
0.0000	0.0000	1.0000	0.0000	0.0000
0.0000	0.0000	1.0000	0.0000	0.0000
0.0000	0.0000	1.0000	0.0000	0.0000
0.0000	0.0000	1.0000	0.0000	0.0000
0.0000	0.0000	1.0000	0.0000	0.0000
0.0000	0.0000	1.0000	0.0000	0.0000
0.0000	0.0000	1.0000	0.0000	0.0000
0.0000	0.0000	1.0000	0.0000	0.0000
0.0000	0.0000	1.0000	0.0000	0.0000
0.0000	0.0000	1.0000	0.0000	0.0000
0.0000	0.0000	1.0000	0.0000	0.0000
0.0000	0.0000	1.0000	0.0000	0.0000
0.0000	0.0000	1.0000	0.0000	0.0000
0.0000	0.0000	1.0000	0.0000	0.0000
0.0000	0.0000	1.0000	0.0000	0.0000
0.0000	0.0000	1.0000	0.0000	0.0000
0.0000	0.0000	1.0000	0.0000	0.0000
0.0000	0.0000	1.0000	0.0000	0.0000
0.0000	0.0000	1.0000	0.0000	0.0000
0.0000	0.0000	1.0000	0.0000	0.0000
0.0000	0.0000	1.0000	0.0000	0.0000
0.0000	0.0000	1.0000	0.0000	0.0000
0.0000	0.0000	1.0000	0.0000	0.0000
0.0000	0.0000	1.0000	0.0000	0.0000
0.0000	0.0000	1.0000	0.0000	0.0000
0.0000	0.0000	1.0000	0.0000	0.0000
0.0000	0.0000	1.0000	0.0000	0.0000
0.0000	0.0000	1.0000	0.0000	0.0000
0.0000	0.0000	1.0000	0.0000	0.0000
0.0000	0.0000	1.0000	0.0000	0.0000
0.0000	0.0000	1.0000	0.0000	0.0000
0.0000	0.0000	1.0000	0.0000	0.0000
0.0000	0.0000	1.0000	0.0000	0.0000
0.0000	0.0000	1.0000	0.0000	0.0000
0.0000	0.0000	1.0000	0.0000	0.0000
0.0000	0.0000	0.0000	1.0000	0.0000
0.0000	0.0000	0.0000	1.0000	0.0000
0.0000	0.0000	0.0000	1.0000	0.0000
0.0000	0.0000	0.0000	1.0000	0.0000
0.0000	0.0000	0.0000	1.0000	0.0000
0.0000	0.0000	0.0000	1.0000	0.0000
0.0000	0.0000	0.0000	1.0000	0.0000
0.0000	0.0000	0.0000	1.0000	0.0000
0.0000	0.0000	0.0000	1.0000	0.0000
0.0000	0.0000	0.0000	1.0000	0.0000
0.0000	0.0000	0.0000	1.0000	0.0000
0.0000	0.0000	0.0000	1.0000	0.0000
0.0000	0.0000	0.0000	1.0000	0.0000
0.0000	0.0000	0.0000	1.0000	0.0000
0.0000	0.0000	0.0000	1.0000	0.0000
0.0000	0.0000	0.0000	1.0000	0.0000
0.0000	0.0000	0.0000	1.0000	0.0000
0.0000	0.0000	0.0000	1.0000	0.0000
0.0000	0.0000	0.0000	1.0000	0.0000
0.0000	0.0000	0.0000	1.0000	0.0000
0.0000	0.0000	0.0000	1.0000	0.0000
0.0000	0.0000	0.0000	1.0000	0.0000
0.0000	0.0000	0.0000	1.0000	0.0000
0.0000	1.0000	0.0000	0.0000	0.0000
0.0000	0.0000	0.0000	1.0000	0.0000
0.0000	0.0000	0.0000	1.0000	0.0000
0.0000	0.0000	0.0000	1.0000	0.0000
0.0000	0.0000	0.0000	1.0000	0.0000
0.0000	0.0000	0.0000	1.0000	0.0000
0.0000	0.0000	0.0000	1.0000	0.0000
0.0000	0.0000	0.0000	1.0000	0.0000
0.0000	0.0000	0.0000	1.0000	0.0000
0.0000	0.0000	0.0000	1.0000	0.0000
0.0000	0.0000	0.0000	1.0000	0.0000
0.0000	0.0000	0.0000	1.0000	0.0000
0.0000	0.0000	0.0000	1.0000	0.0000
0.0000	0.0000	0.0000	1.0000	0.0000
0.0000	0.0000	0.0000	1.0000	0.0000
0.0000	0.0000	0.0000	1.0000	0.0000
0.0000	0.0000	0.0000	1.0000	0.0000
0.0000	0.0000	0.0000	1.0000	0.0000
0.0000	0.0000	0.0000	1.0000	0.0000
0.0000	0.0000	0.0000	1.0000	0.0000
0.0000	0.0000	0.0000	1.0000	0.0000
0.0000	0.0000	0.0000	1.0000	0.0000
0.0000	0.0000	0.0000	1.0000	0.0000
0.0000	0.0000	0.0000	1.0000	0.0000
0.0000	0.0000	0.0000	1.0000	0.0000
0.0000	0.0000	0.0000	1.0000	0.0000
0.0000	0.0207	0.0000	0.9793	0.0000
0.0000	0.0000	0.0000	1.0000	0.0000
0.0000	0.0000	0.0000	1.0000	0.0000
0.0000	0.0000	0.0000	1.0000	0.0000
0.0000	0.0000	0.0000	1.0000	0.0000
0.0000	0.0000	0.0000	1.0000	0.0000
0.0000	0.0000	0.0000	1.0000	0.0000
0.0000	0.0000	0.0000	1.0000	0.0000
0.0000	0.0000	0.0000	1.0000	0.0000
0.0000	0.0000	0.0000	1.0000	0.0000
0.0000	0.0000	0.0000	1.0000	0.0000
0.0000	0.0000	0.0000	1.0000	0.0000
0.0000	0.0000	0.0000	1.0000	0.0000
0.0000	0.0000	0.0000	1.0000	0.0000
0.0000	0.0000	0.0000	1.0000	0.0000
0.0000	0.0000	0.0000	1.0000	0.0000
0.0000	0.0000	0.0000	1.0000	0.0000
0.0000	0.0000	0.0000	1.0000	0.0000
0.0000	0.0000	0.0000	1.0000	0.0000
0.0000	0.0000	0.0000	1.0000	0.0000
0.0000	0.0000	0.0000	1.0000	0.0000
0.0000	0.0000	0.0000	1.0000	0.0000
0.0000	0.0000	0.0000	1.0000	0.0000
0.0000	0.0000	0.0000	1.0000	0.0000
0.0000	0.0000	0.0000	1.0000	0.0000
0.0000	0.0000	0.0000	1.0000	0.0000
0.0000	0.0000	0.0000	1.0000	0.0000
0.0000	0.0000	0.0000	1.0000	0.0000
0.0000	1.0000	0.0000	0.0000	0.0000
0.0000	0.0000	0.0000	1.0000	0.0000
0.0000	0.0000	0.0000	1.0000	0.0000
0.0000	0.0000	0.0000	1.0000	0.0000
0.0000	0.0000	0.0000	1.0000	0.0000
0.0000	0.0000	0.0000	1.0000	0.0000
0.0000	0.0000	0.0000	1.0000	0.0000
0.0000	0.0000	0.0000	1.0000	0.0000
0.0000	0.0000	0.0000	1.0000	0.0000
0.0000	0.0000	0.0000	1.0000	0.0000
0.0000	0.0000	0.0000	1.0000	0.0000
0.0000	0.0000	0.0000	1.0000	0.0000
0.0000	0.0000	0.0000	1.0000	0.0000
0.0000	0.0000	0.0000	1.0000	0.0000
0.0000	0.0000	0.0000	1.0000	0.0000
0.0000	1.0000	0.0000	0.0000	0.0000
0.0000	0.0000	0.0000	1.0000	0.0000
0.0000	0.0000	0.0000	1.0000	0.0000
0.0000	0.0000	0.0000	1.0000	0.0000
0.0000	0.0000	0.0000	1.0000	0.0000
0.0000	0.0000	0.0000	1.0000	0.0000
0.0000	0.0000	0.0000	1.0000	0.0000
0.0000	0.0000	0.0000	1.0000	0.0000
0.0000	0.0000	0.0000	1.0000	0.0000
0.0000	0.0000	0.0000	1.0000	0.0000
0.0000	0.0000	0.0000	1.0000	0.0000
0.0000	0.9690	0.0000	0.0000	0.0310
0.0000	0.0663	0.0000	0.0000	0.9337
0.0000	0.0000	0.0000	0.0000	1.0000
0.0000	0.0000	0.0000	0.0000	1.0000
0.0000	0.0000	0.0000	0.0000	1.0000
0.0000	0.0000	0.0000	0.0000	1.0000
0.0000	0.0000	0.0000	0.0000	1.0000
0.0000	0.0000	0.0000	0.0000	1.0000
0.0000	0.0000	0.0000	0.0000	1.0000
0.0000	0.0000	0.0000	0.0000	1.0000
0.0000	0.0000	0.0000	0.0000	1.0000
0.0000	0.0000	0.0000	0.0000	1.0000
0.0000	0.0000	0.0000	0.0000	1.0000
0.0000	0.0000	0.0000	0.0000	1.0000
0.0000	0.0000	0.0000	0.0000	1.0000
0.0000	0.0000	0.0000	0.0000	1.0000
0.0000	0.0000	0.0000	0.0000	1.0000
0.0000	0.0000	0.0000	0.0000	1.0000
0.0000	0.0000	0.0000	0.0000	1.0000
0.0000	0.0000	0.0000	0.0000	1.0000
0.0000	0.0000	0.0000	0.0000	1.0000
0.0000	0.0000	0.0000	0.0000	1.0000
0.0000	0.0000	0.0000	0.0000	1.0000
0.0000	0.0000	0.0000	0.0000	1.0000
0.0000	1.0000	0.0000	0.0000	0.0000
0.0000	0.0000	0.0000	0.0000	1.0000
0.0000	0.0000	0.0000	0.0000	1.0000
0.0000	1.0000	0.0000	0.0000	0.0000
0.0000	0.0000	0.0000	0.0000	1.0000
0.0000	0.0000	0.0000	0.0000	1.0000
0.0000	0.0000	0.0000	0.0000	1.0000
0.0000	0.0000	0.0000	0.0000	1.0000
0.0000	0.0000	0.0000	0.0000	1.0000
0.0000	0.0000	0.0000	0.0000	1.0000
0.0000	1.0000	0.0000	0.0000	0.0000
0.0000	0.0000	0.0000	0.0000	1.0000
0.0000	0.0000	0.0000	0.0000	1.0000
0.0000	0.0000	0.0000	0.0000	1.0000
0.0000	1.0000	0.0000	0.0000	0.0000
0.0000	0.0000	0.0000	0.0000	1.0000
0.0000	0.0000	0.0000	0.0000	1.0000
0.0000	0.0000	0.0000	0.0000	1.0000
0.0000	0.0000	0.0000	0.0000	1.0000
0.0000	0.0000	0.0000	0.0000	1.0000
0.0000	0.0000	0.0000	0.0000	1.0000
0.0000	0.0000	0.0000	0.0000	1.0000
0.0000	0.0000	0.0000	0.0000	1.0000
0.0000	0.0000	0.0000	0.0000	1.0000
0.0000	0.0000	0.0000	0.0000	1.0000
0.0000	0.0000	0.0000	0.0000	1.0000
0.0000	0.0000	0.0000	0.0000	1.0000
0.0000	0.0000	0.0000	0.0000	1.0000
0.0000	0.0000	0.0000	0.0000	1.0000
0.0000	0.0000	0.0000	0.0000	1.0000
0.0000	0.0000	0.0000	0.0000	1.0000
0.0000	0.0000	0.0000	0.0000	1.0000
0.0000	0.0000	0.0000	0.0000	1.0000
0.0000	0.0000	0.0000	0.0000	1.0000
0.0000	0.0000	0.0000	0.0000	1.0000
0.0000	0.0000	0.0000	0.0000	1.0000
0.0000	0.0000	0.0000	0.0000	1.0000
0.0000	0.0000	0.0000	0.0000	1.0000
0.0000	0.0000	0.0000	0.0000	1.0000
0.0000	0.0000	0.0000	0.0000	1.0000
0.0000	0.0000	0.0000	0.0000	1.0000
0.0000	0.0000	0.0000	0.0000	1.0000
0.0000	0.0000	0.0000	0.0000	1.0000
0.0000	0.0000	0.0000	0.0000	1.0000
0.0000	0.0000	0.0000	0.0000	1.0000
0.0000	0.0000	0.0000	0.0000	1.0000
0.0000	0.0000	0.0000	0.0000	1.0000
0.0000	1.0000	0.0000	0.0000	0.0000
0.0000	0.0000	0.0000	0.0000	1.0000
0.0000	0.0000	0.0000	0.0000	1.0000
0.0000	0.0000	0.0000	0.0000	1.0000
0.0000	0.0000	0.0000	0.0000	1.0000
0.0000	0.0000	0.0000	0.0000	1.0000
0.0000	0.0000	0.0000	0.0000	1.0000
0.0000	0.0000	0.0000	0.0000	1.0000
0.0000	0.0000	0.0000	0.0000	1.0000
0.0000	0.0000	0.0000	0.0000	1.0000
0.0000	0.0000	0.0000	0.0000	1.0000
0.0000	0.0000	0.0000	0.0000	1.0000
0.0000	0.0000	0.0000	0.0000	1.0000
0.0000	0.0000	0.0000	0.0000	1.0000
0.0000	0.0000	0.0000	0.0000	1.0000
0.0000	0.0000	0.0000	0.0000	1.0000
0.0000	1.0000	0.0000	0.0000	0.0000
0.0000	0.0000	0.0000	0.0000	1.0000
0.0000	0.0000	0.0000	0.0000	1.0000
0.0000	1.0000	0.0000	0.0000	0.0000
0.0000	0.0000	0.0000	0.0000	1.0000
0.0000	0.0000	0.0000	0.0000	1.0000
0.0000	0.0000	0.0000	0.0000	1.0000
0.0000	0.0000	0.0000	0.0000	1.0000
0.0000	0.0000	0.0000	0.0000	1.0000
0.0000	1.0000	0.0000	0.0000	0.0000
0.0000	0.0000	0.0000	0.0000	1.0000
0.0000	0.0000	0.0000	0.0000	1.0000
0.0000	0.0000	0.0000	0.0000	1.0000
0.0000	0.0000	0.0000	0.0000	1.0000
0.0000	0.0000	0.0000	0.0000	1.0000
0.0000	0.0000	0.0000	0.0000	1.0000
0.0000	1.0000	0.0000	0.0000	0.0000
