0	0	0	2	0	0	13	0	9	0	0	0	0	1	0	0	0	0	0	0	0	1	0	0	0	0	0	0	0	0	0	0	0	0	0	0	0	0	0	0	1	0	39	0	0	0	0	0	0	0	0	0	4	0	0	0	0	0	1	0	0	0	0	3	0	0	0	0	0	0	0	2	0	0	0	0	0	0	0	0	0	4	0	0	0	0	0	0	0	0	0	0	0	0	0	0	0	0	0	0	0	0	0	0	0	0	0	0	0	0	7	0	0	0	5	0	0	0	0	0	0	0	1	0	4	0	0	0	0	0	0	0	0	0	0	0	0	0	0	3	0	0	0	1	3	0	0	0	0	0	0	0	0	1	0	0	0	3	0	0	0	0	12	0	0	0	6	0	0	0	0	0	0	0	0	0	0	0	1	0	0	0	0	0	0	0	0	0	0	0	0	0	0	1	0	0	0	0	0	0	0	0	2	0	0	0	0	773	0	0	1	0	0	0	2	0	0	0	0	0	19	0	0	0	0	0	0	1	0	0	18	0	0	0	3	0	0	0	0	0	0	0	0	0	0	0	0	0	71	0	0	0	0	0	0	0	0	0	6	0	0	0	0	0	0	4	2	4	0	0	0	5	1	2	0	0	0	0	0	0	0	2	0	0	0	1	0	0	0	0	0	0	0	0
0	0	1	0	0	0	14	0	7	0	0	9	1	1	0	0	0	0	0	0	0	0	0	0	0	0	0	0	0	0	0	2	0	1	2	0	0	0	0	0	0	0	82	0	0	0	0	0	0	0	0	0	5	0	0	0	0	0	1	0	0	0	0	3	0	8	0	0	4	0	0	0	0	6	0	0	0	0	0	0	0	1	2	0	0	0	0	0	0	1	0	0	1	0	3	0	0	0	0	0	0	0	3	0	2	0	0	0	0	0	2	0	0	0	1	0	0	0	0	0	0	0	0	0	1	0	0	0	0	0	0	0	1	0	0	0	0	0	0	0	0	0	0	0	4	0	1	0	0	0	1	0	0	0	0	0	0	11	0	0	0	0	5	0	0	0	6	0	0	0	0	0	0	0	0	0	0	0	0	0	1	1	0	0	0	0	0	0	0	0	0	0	0	0	0	1	0	0	0	0	0	0	0	0	0	0	0	620	0	0	1	0	0	0	5	2	0	0	1	0	18	0	0	1	0	0	0	0	0	1	4	2	0	0	0	0	0	0	0	0	0	0	0	0	0	0	0	0	62	0	0	0	0	0	0	0	0	0	5	0	0	2	0	0	0	6	0	1	0	0	0	0	0	1	0	0	0	0	0	0	0	0	0	0	0	0	0	0	0	0	0	0	0	1
0	0	0	7	0	0	3	0	8	0	0	4	0	2	0	0	0	0	0	0	0	2	0	0	0	0	0	0	0	0	0	0	0	1	0	0	0	0	0	0	2	0	24	0	0	0	0	0	0	0	3	0	6	0	0	0	0	0	5	0	0	0	0	1	0	1	0	0	7	0	0	0	0	0	0	0	0	0	0	0	0	3	1	0	0	0	0	0	0	0	0	0	2	0	0	0	0	0	0	0	0	0	0	0	0	0	0	0	1	0	3	0	0	0	0	0	0	0	0	0	0	0	0	5	3	0	0	0	0	0	0	0	5	0	2	0	0	0	0	2	0	0	0	0	9	0	0	0	0	0	0	0	0	0	0	1	0	10	0	0	0	0	1	0	0	0	1	0	0	0	1	9	4	0	0	0	0	0	0	0	0	1	0	0	1	0	0	0	0	0	0	0	0	0	0	0	1	0	0	0	0	0	1	0	0	0	0	1127	1	0	0	0	0	0	4	0	0	0	0	0	5	0	0	0	0	0	0	0	0	1	5	0	0	0	9	0	0	0	0	0	0	0	0	0	0	0	0	0	95	0	0	0	0	0	0	0	0	0	0	0	0	1	0	0	0	2	0	3	0	0	0	2	0	15	0	0	0	0	0	0	0	0	0	0	0	0	1	0	0	0	0	0	1	0
0	0	0	1	0	0	7	0	10	0	0	4	0	0	0	0	1	0	0	0	0	0	0	0	0	0	0	0	0	0	0	0	0	0	0	0	0	0	0	0	2	0	59	0	0	0	0	0	0	1	0	0	4	0	0	0	0	0	0	0	0	0	0	5	0	0	0	0	7	0	0	2	0	1	0	0	0	0	0	0	0	1	0	0	1	0	0	0	0	0	0	0	0	0	1	0	0	0	0	0	0	0	0	0	0	0	0	0	1	0	2	0	0	0	3	0	0	0	0	1	0	0	0	0	1	0	0	0	1	0	0	1	0	0	8	0	0	0	0	3	0	0	0	0	9	0	0	0	0	0	0	0	1	0	0	0	0	11	0	0	0	0	20	0	0	0	0	0	0	0	0	0	0	2	0	1	0	0	0	0	3	0	0	2	0	0	0	1	0	1	0	0	0	0	0	1	0	0	0	0	0	0	0	2	0	0	0	868	0	0	0	0	0	0	0	0	0	1	0	0	9	0	0	1	0	0	0	0	0	1	4	2	0	0	1	0	0	0	0	0	0	0	0	0	0	0	0	0	15	0	0	0	0	0	0	0	0	0	1	0	0	1	0	0	0	4	0	2	0	0	0	1	0	3	0	0	0	0	0	0	0	0	0	0	0	0	0	0	0	0	0	0	0	0
0	0	0	1	1	0	9	0	9	1	0	0	0	2	0	0	0	0	0	0	0	0	0	0	0	0	0	0	0	0	0	0	0	0	0	0	0	0	0	0	1	0	71	0	0	0	0	0	0	1	0	0	5	0	0	1	0	0	0	0	1	0	0	7	0	0	0	0	8	0	1	1	0	0	0	0	0	0	0	0	0	0	0	0	0	2	0	0	0	0	0	0	1	0	0	0	0	0	0	0	0	0	1	0	0	0	0	0	0	0	6	0	0	1	2	2	0	0	0	0	0	0	0	0	0	0	0	0	0	0	0	0	1	0	3	0	0	0	0	9	0	0	0	2	4	0	0	0	0	0	0	0	0	0	0	0	0	3	0	0	0	0	1	0	0	0	5	0	0	0	0	0	0	1	0	0	0	0	0	0	1	4	0	0	0	0	0	0	0	0	0	0	0	0	0	1	0	0	0	0	0	0	0	2	0	0	0	737	0	0	2	0	1	0	0	0	0	0	0	0	14	0	0	0	0	0	1	0	0	0	15	0	1	0	1	0	0	0	0	0	0	0	0	0	0	0	0	0	33	0	0	0	0	0	0	0	0	0	1	0	0	0	0	0	0	2	0	3	0	0	0	0	0	2	0	0	0	0	0	0	0	0	0	0	0	0	1	0	0	0	0	0	0	0
0	0	0	3	0	0	1	0	6	0	0	0	0	1	0	0	0	0	0	1	1	3	0	0	0	0	0	0	0	0	0	0	0	0	2	0	0	0	0	0	1	0	49	0	0	0	0	0	0	1	1	0	7	0	0	0	0	0	1	0	0	0	0	0	0	0	0	0	10	0	0	1	0	3	0	0	0	0	0	0	0	1	1	0	0	0	0	0	0	1	0	0	3	0	0	0	0	0	0	0	0	0	0	0	0	0	0	0	0	0	6	0	0	0	0	0	0	0	0	1	0	0	0	0	1	0	0	0	0	0	0	0	2	0	0	0	0	0	0	3	0	0	0	0	6	0	0	0	0	0	1	0	0	0	0	0	0	0	0	0	0	0	0	0	0	0	7	0	0	0	1	2	0	0	0	0	0	0	1	0	0	0	0	0	2	0	0	0	0	0	0	0	0	0	0	1	0	0	0	0	0	0	0	0	0	0	0	987	2	0	2	0	0	0	1	0	0	0	0	0	7	0	0	0	0	0	0	0	0	0	0	0	1	0	6	0	0	0	0	0	0	0	0	0	0	0	0	0	18	0	0	0	0	0	0	0	0	0	1	0	0	1	0	0	0	7	3	4	0	0	0	0	1	13	0	0	0	0	0	0	0	0	0	0	0	0	1	0	0	0	0	0	0	0
0	0	0	3	0	0	15	0	11	0	0	0	0	1	0	0	0	1	0	2	0	2	0	0	0	0	0	0	0	0	0	0	0	0	0	0	0	0	0	0	1	0	60	0	0	0	0	0	0	1	0	0	3	0	0	0	0	0	1	0	0	0	0	3	0	0	0	0	10	0	0	1	0	7	0	0	0	0	0	0	0	0	0	0	1	0	0	0	0	0	0	0	3	0	1	0	0	0	0	0	0	0	1	0	0	1	0	0	0	0	6	0	0	0	1	0	0	0	0	0	0	0	0	0	2	0	0	0	0	0	0	0	1	0	3	0	0	0	0	6	0	0	1	0	8	0	0	0	0	0	0	0	0	0	0	0	0	4	0	0	0	0	3	0	0	0	2	0	0	0	0	1	0	1	0	0	0	0	1	0	10	1	0	0	0	0	0	0	0	0	0	0	0	0	0	0	0	0	0	0	0	0	0	2	2	0	0	1201	3	0	3	0	0	0	0	1	0	0	0	0	7	0	0	2	0	0	0	0	0	0	5	1	1	0	3	0	0	0	0	0	0	0	0	0	0	0	0	0	36	0	0	0	0	0	0	0	0	0	0	0	0	1	0	0	2	5	3	3	0	0	0	3	4	6	0	0	0	0	0	0	0	0	0	0	0	0	1	0	0	0	0	0	0	0
0	0	0	1	0	1	19	0	2	0	0	3	0	0	0	0	0	0	0	0	0	0	0	0	0	0	0	0	0	0	0	0	0	0	0	0	0	0	0	0	0	0	36	0	0	0	0	0	0	0	0	0	2	0	0	0	0	0	0	0	0	0	0	0	0	4	0	0	1	0	0	1	0	0	1	0	0	0	0	0	0	0	1	0	0	0	0	0	0	0	0	0	0	0	0	0	0	0	0	0	0	0	0	0	0	0	0	0	0	0	2	0	0	0	0	0	0	0	0	1	0	0	1	0	0	0	0	0	0	0	1	0	0	0	2	0	0	0	0	6	0	0	0	1	1	0	0	0	0	0	1	0	0	0	0	0	0	1	0	0	0	0	1	0	0	0	6	0	0	0	0	0	0	0	0	0	0	0	0	0	1	4	0	0	0	0	0	0	0	0	0	0	0	1	0	0	0	0	0	1	0	0	1	0	0	0	0	1166	1	0	0	0	0	0	0	0	0	0	0	0	9	0	0	0	0	0	0	0	0	0	21	0	0	0	0	0	0	0	0	0	0	0	0	0	0	0	0	0	10	0	0	0	0	0	0	0	0	0	0	0	0	0	0	0	0	0	2	2	0	0	0	2	0	1	0	0	0	0	0	0	0	0	0	0	0	0	0	0	0	0	0	0	0	0
0	0	0	0	0	0	16	0	5	0	0	2	0	0	0	0	0	0	0	0	0	0	0	0	0	0	0	0	0	0	0	0	0	0	1	0	0	0	0	0	0	0	32	0	0	0	0	0	0	0	1	0	1	0	0	0	0	0	0	0	1	0	0	0	0	0	0	0	3	0	0	1	0	0	0	0	0	0	0	0	0	1	0	0	0	0	0	0	0	0	0	0	0	0	0	0	0	0	0	0	0	0	1	0	0	0	0	0	1	0	5	0	0	1	9	0	0	0	0	0	0	0	0	1	4	0	0	0	0	0	0	0	2	0	1	0	0	0	0	1	0	0	0	0	3	0	0	0	0	0	1	0	0	0	0	0	0	18	0	0	0	0	1	0	0	0	12	0	0	0	0	5	0	0	0	0	0	0	0	0	12	2	0	1	2	0	0	0	0	0	0	0	0	1	0	0	0	0	0	0	0	0	1	0	0	0	0	1016	0	0	0	0	0	0	2	0	0	0	0	0	15	0	0	1	0	0	0	0	0	0	5	0	0	0	3	0	0	0	0	0	0	0	0	0	0	1	0	0	12	0	0	0	0	0	0	0	0	0	0	0	0	0	0	0	0	1	0	2	0	0	0	3	0	8	0	0	0	0	0	0	0	2	0	0	1	1	0	0	0	0	0	0	0	0
0	0	0	5	0	0	8	0	9	0	0	0	0	0	0	0	0	0	0	0	0	1	0	2	0	0	0	0	2	0	0	0	0	0	0	0	0	2	0	0	3	0	78	0	0	0	0	1	0	0	0	0	3	0	0	0	0	0	2	0	3	0	0	1	0	3	0	0	4	1	0	8	0	0	0	0	0	0	0	0	0	5	0	0	3	0	0	0	0	0	0	0	1	0	0	0	0	0	0	0	1	0	0	0	0	0	0	0	4	0	2	0	0	2	4	0	0	0	0	1	0	0	0	1	3	0	0	0	0	0	1	0	3	0	1	0	0	0	0	1	0	0	0	0	3	0	0	1	0	0	0	0	1	0	0	0	5	9	0	0	0	0	18	0	0	0	3	0	0	0	0	1	0	0	0	0	5	0	1	0	46	1	0	1	1	0	0	0	0	0	0	1	0	1	0	2	0	0	0	0	0	2	0	0	0	0	0	1344	0	0	1	1	0	0	0	0	0	0	0	0	16	0	0	0	0	0	0	0	0	2	5	0	0	0	3	0	0	0	0	0	0	0	0	0	0	0	1	0	28	0	0	0	0	0	0	0	0	0	0	0	0	0	0	0	0	1	2	1	0	0	0	0	0	2	0	0	0	0	0	0	0	0	0	0	1	0	0	0	0	0	0	0	0	0
0	0	0	3	0	0	8	0	2	0	0	1	0	1	0	0	0	0	0	0	0	0	0	2	0	0	0	0	1	0	0	0	0	0	0	0	0	0	0	0	2	0	43	0	0	0	0	0	0	2	0	0	4	0	0	0	0	0	0	0	1	0	0	3	0	3	0	0	6	0	0	10	0	0	0	0	0	0	0	0	0	0	1	0	0	0	0	0	0	1	0	0	0	0	1	0	0	0	0	0	0	0	1	0	0	0	0	0	0	0	1	0	0	1	1	0	0	0	0	0	0	0	0	0	0	0	0	0	0	0	2	0	1	0	2	0	0	0	0	5	0	0	0	0	6	0	0	2	0	0	0	0	0	0	0	1	6	0	0	0	0	0	0	0	0	0	7	0	0	0	0	0	0	2	0	0	3	0	0	0	0	0	0	1	0	0	1	0	0	0	0	0	0	4	0	2	0	0	0	0	0	2	0	1	0	0	0	614	0	0	1	0	0	0	1	0	0	0	0	0	6	0	0	0	0	0	0	0	0	0	1	0	0	0	2	0	0	0	0	1	0	0	0	0	0	0	2	0	108	0	0	0	0	0	0	0	0	0	0	0	0	2	0	0	0	2	1	5	0	0	0	0	0	2	0	0	0	0	0	0	0	1	0	0	0	0	0	0	0	0	0	0	0	0
0	0	0	9	0	0	6	0	4	0	0	0	0	0	0	0	0	2	0	0	0	1	0	0	0	0	0	0	0	0	0	0	0	0	0	0	0	0	0	0	3	0	62	0	0	0	0	0	0	0	0	0	6	0	0	0	0	0	0	0	0	0	0	1	0	2	0	0	4	0	0	2	0	14	0	0	0	0	0	0	0	1	0	0	0	0	0	0	0	0	0	0	0	0	1	0	0	0	0	0	0	0	1	0	1	0	0	0	0	0	11	0	0	1	3	1	0	0	0	0	0	0	0	0	0	0	0	0	0	0	0	0	6	0	0	0	0	0	0	1	0	0	0	1	5	0	0	0	0	0	0	0	0	0	0	0	1	2	0	0	0	0	1	0	0	0	4	0	0	0	0	4	0	0	0	0	0	0	0	0	7	2	0	1	3	0	0	0	0	0	0	0	0	0	0	1	0	0	0	0	0	0	2	0	0	0	0	785	0	0	1	0	0	0	3	1	0	0	0	0	16	0	0	0	0	0	0	0	0	0	15	2	0	0	5	0	0	0	0	0	0	0	0	0	0	0	0	0	16	0	0	0	0	0	0	0	0	0	2	0	0	0	0	0	0	4	0	0	0	0	0	2	0	5	0	0	0	0	0	0	0	0	0	0	0	0	0	0	0	0	0	0	0	0
0	0	0	2	0	0	29	0	13	0	0	1	0	0	0	0	1	0	0	0	0	0	0	0	0	0	0	0	0	0	0	0	0	0	2	0	0	0	0	0	4	0	83	0	0	0	0	0	0	3	1	0	8	0	0	0	0	0	1	0	0	0	0	7	0	1	0	0	25	0	0	5	0	0	3	0	0	0	1	0	0	2	0	0	0	0	0	0	0	0	0	0	0	0	0	0	0	0	0	0	0	0	0	0	0	0	0	0	0	0	14	0	0	0	1	0	1	0	0	0	0	0	3	1	2	0	0	0	0	0	0	0	4	0	5	0	0	0	0	7	0	0	0	0	11	0	0	0	0	0	1	0	0	0	0	0	0	11	0	0	0	0	1	0	0	0	18	0	0	0	1	5	2	1	0	0	0	0	0	0	1	1	0	1	2	0	0	0	0	1	0	0	0	2	0	5	0	0	0	3	0	0	4	2	0	0	0	1475	0	0	0	0	0	0	0	0	0	0	0	0	21	0	0	0	0	0	0	0	0	0	12	4	0	0	19	0	0	0	0	1	0	0	0	0	0	0	0	0	1	0	0	0	0	0	0	0	0	0	0	0	0	1	0	0	0	5	1	1	0	1	0	5	0	34	0	0	0	0	0	0	0	0	0	0	0	4	2	0	0	0	0	0	0	0
0	0	0	1	0	1	4	0	4	0	0	3	0	0	0	0	0	0	0	0	0	2	0	0	0	0	0	0	0	0	0	0	0	1	0	0	0	0	0	0	0	0	29	0	0	0	0	0	0	0	0	0	3	0	1	0	0	0	1	0	0	1	0	0	0	1	0	0	0	0	0	1	0	2	0	0	0	0	0	0	0	0	0	0	1	0	0	0	0	0	0	0	0	1	0	0	0	0	0	0	0	0	0	0	0	3	0	0	0	0	2	0	0	0	4	0	0	0	0	1	0	0	0	0	0	0	0	0	0	0	1	0	0	0	0	0	0	0	0	0	1	1	3	0	1	0	0	0	0	0	0	0	0	0	0	2	0	0	0	0	0	0	2	0	0	0	1	0	0	0	0	0	0	0	0	0	0	0	0	0	20	0	0	1	3	0	0	0	0	0	0	0	0	0	0	0	1	0	0	0	0	0	0	0	0	0	0	850	0	0	1	2	0	0	0	0	0	0	0	0	17	0	0	0	0	0	0	1	0	0	3	0	0	0	0	0	2	0	0	2	0	0	0	0	0	0	0	0	55	0	0	0	0	0	0	0	0	0	1	0	0	0	0	0	0	0	0	3	0	0	0	4	0	0	0	0	0	0	1	1	0	0	0	0	0	0	0	0	0	0	0	0	0	0
0	0	0	3	0	0	8	0	7	0	0	2	0	0	0	0	0	0	0	0	0	0	0	0	0	0	0	0	0	0	0	0	0	0	0	0	0	0	0	0	1	0	55	0	0	0	0	0	0	0	0	0	6	0	0	0	0	0	2	0	0	0	0	1	0	0	0	1	6	0	0	3	0	1	0	0	0	0	0	0	0	1	0	0	0	0	0	0	0	0	0	0	0	0	0	0	0	0	0	0	0	0	3	0	0	0	0	0	0	0	1	0	0	1	4	0	0	0	1	1	0	0	0	1	1	0	0	0	0	0	1	0	1	0	2	1	0	0	0	1	1	0	0	0	10	0	0	0	0	0	1	0	0	0	0	0	0	7	0	0	0	0	8	0	0	0	6	0	0	0	0	1	0	0	0	0	0	0	0	0	3	1	0	0	0	0	0	0	0	0	0	0	0	1	0	1	0	0	0	0	0	0	0	0	0	0	0	1273	0	0	2	0	0	0	0	0	0	0	0	0	17	0	0	1	0	0	0	0	0	0	3	0	0	0	3	0	0	0	0	0	0	0	0	0	0	0	0	0	0	0	0	0	0	0	0	0	0	0	4	0	0	0	0	0	0	3	1	0	0	0	0	1	0	3	0	0	0	0	1	0	0	0	0	0	0	0	0	0	0	0	0	0	0	0
0	0	0	3	0	0	16	0	0	0	0	3	0	0	0	0	0	0	0	0	0	0	0	0	0	0	0	0	0	0	0	0	0	0	0	0	0	0	0	0	1	0	36	0	0	0	0	0	0	0	0	0	0	0	0	0	0	0	2	0	1	0	0	0	0	4	0	0	0	0	0	3	0	0	2	0	0	0	0	0	0	1	0	0	0	0	0	0	0	0	0	0	3	0	0	0	0	0	0	0	0	0	1	0	0	0	0	1	0	0	4	0	0	1	0	0	0	0	0	2	0	0	2	0	2	0	0	0	0	0	0	0	2	0	0	0	0	0	0	0	0	0	0	0	0	0	0	0	0	0	0	0	0	0	0	0	0	2	0	0	0	0	4	0	0	0	6	0	0	0	1	0	0	0	0	0	0	0	4	0	4	0	0	0	0	0	0	0	0	0	0	0	0	3	0	0	0	0	0	1	0	0	0	0	0	0	0	589	0	0	2	0	0	0	0	0	0	0	0	0	9	0	0	0	0	0	0	0	0	0	7	0	0	0	3	0	0	0	0	0	0	0	2	0	0	0	0	0	25	0	0	0	0	0	0	0	0	0	0	0	0	0	0	0	0	1	5	0	0	1	0	2	1	0	0	0	0	0	0	0	0	0	0	0	0	1	0	0	0	0	0	0	0	0
1	0	1	0	0	0	155	1	6	0	3	4	0	0	1	1	0	0	1	0	1	1	3	0	0	3	1	0	0	0	0	0	0	0	0	0	1	4	0	0	0	0	46	0	1	0	0	0	0	0	0	47	1	0	2	0	0	0	7	0	0	0	1	2	0	0	0	0	0	0	3	2	1	0	0	0	2	1	5	0	0	1	0	0	0	0	0	1	0	0	0	0	4	0	0	1	0	3	0	0	0	2	0	1	0	2	0	0	8	1	1	1	0	0	1	0	1	1	0	0	3	1	0	0	0	3	0	0	0	5	0	1	0	0	5	49	0	0	0	7	0	0	1	0	4	1	0	0	0	0	0	10	0	0	0	0	0	1	1	0	0	0	19	1	51	2	95	0	0	0	1	6	0	0	3	0	0	0	13	2	7	0	0	1	0	0	0	0	0	0	0	0	0	1	2	1	3	2	0	1	1	0	2	1	12	0	0	124	0	0	0	1	0	27	2	0	0	0	0	0	8	0	0	64	0	0	0	0	0	0	0	0	1	7	0	8	0	0	0	0	0	5	0	1	5	0	6	2	60	0	1	2	1	0	0	0	0	4	1	0	0	0	0	0	0	27	0	8	3	0	0	0	0	7	0	0	0	0	0	1	1	0	0	0	0	0	0	0	3	0	0	0	0	6
2	0	1	0	0	0	63	0	6	0	1	10	1	0	5	0	0	0	3	0	1	2	0	1	0	1	0	0	0	0	0	0	0	0	0	0	0	0	0	3	2	1	52	0	0	1	0	0	0	1	0	13	2	0	0	0	0	0	28	2	0	0	3	2	0	2	0	0	0	0	0	1	0	0	2	0	0	1	5	0	0	1	2	0	0	0	0	0	1	4	0	0	4	0	0	1	0	15	0	0	2	0	1	1	0	1	0	0	0	3	8	0	0	0	0	1	0	1	0	0	3	0	0	0	0	5	0	0	0	16	0	0	0	0	0	26	0	0	0	4	0	2	1	0	7	0	0	0	1	0	0	2	0	0	1	3	0	3	0	1	0	0	0	0	17	0	85	1	0	1	0	2	0	0	2	0	0	0	23	1	6	1	0	0	1	0	0	0	0	0	2	0	0	5	5	0	2	2	0	1	1	0	0	0	6	0	1	95	0	0	1	4	0	27	0	0	0	0	1	0	4	0	0	20	0	3	0	0	0	0	0	0	0	0	0	1	0	2	0	0	0	3	0	3	0	1	3	0	50	1	7	0	0	0	0	0	0	0	0	0	0	0	0	0	0	14	0	10	1	1	0	0	0	10	0	0	0	0	0	0	0	0	0	0	0	0	0	0	3	0	0	0	0	3
1	2	2	0	1	0	27	0	10	0	0	4	0	0	12	1	0	0	0	0	4	3	0	0	0	1	0	0	0	0	0	0	1	0	0	0	0	1	1	0	9	2	92	0	0	1	0	0	0	1	0	5	12	0	1	0	0	0	8	0	0	0	0	11	0	0	4	0	0	0	2	1	1	0	1	0	0	0	3	1	0	0	1	0	0	0	0	1	0	3	0	0	3	2	0	0	0	8	0	0	0	2	0	0	0	0	0	0	13	6	18	1	0	0	2	1	0	1	0	0	4	0	0	0	0	16	0	0	0	6	0	0	0	0	1	116	0	0	0	37	0	0	0	0	19	0	0	0	0	0	0	9	0	0	0	3	0	1	0	0	0	3	10	1	12	0	43	7	0	0	0	13	0	1	2	1	0	0	66	3	5	2	0	0	0	0	0	0	0	0	1	0	0	1	4	5	3	0	0	0	8	0	14	2	16	0	0	126	0	0	3	5	0	37	1	1	1	0	0	0	15	0	0	16	0	0	0	2	0	0	0	0	1	0	0	0	0	0	0	0	0	1	0	3	5	0	3	0	181	0	1	2	1	1	0	0	0	0	0	0	2	1	0	0	0	9	0	35	7	0	0	0	0	60	0	0	0	0	0	0	1	0	1	2	0	0	0	0	0	0	0	0	0	4
4	1	0	0	0	0	4	0	10	0	0	1	1	0	2	1	0	0	4	0	0	3	0	0	0	0	1	0	0	0	0	0	2	0	0	0	0	2	0	1	9	0	46	0	1	0	0	0	0	2	1	8	7	0	0	0	0	0	1	0	0	0	0	11	0	0	1	4	0	0	0	4	3	1	2	0	2	0	3	0	0	3	7	2	1	0	0	1	0	7	1	0	4	0	0	1	0	2	0	0	0	1	0	0	0	0	0	0	14	10	22	0	0	0	2	0	0	1	0	0	2	0	0	0	0	5	1	0	0	23	0	0	1	0	2	44	0	0	0	21	1	0	1	0	23	0	0	0	0	0	1	6	0	0	0	3	0	47	2	1	1	1	33	0	3	0	3	3	0	0	1	7	0	0	2	0	2	0	31	1	7	0	2	1	0	0	0	0	0	0	1	1	0	2	4	4	2	0	0	1	1	0	3	3	20	0	1	69	0	0	1	3	0	33	3	0	0	0	2	0	6	0	2	5	0	0	0	0	0	0	0	0	0	0	0	1	0	3	0	0	0	1	0	1	2	0	0	1	89	0	8	5	0	0	0	0	0	1	0	0	0	1	0	0	0	1	0	19	4	8	1	0	0	27	0	0	0	0	2	1	1	0	0	0	0	0	0	1	1	1	0	0	0	2
4	0	1	0	1	0	34	0	7	0	0	1	2	0	5	0	0	0	6	0	2	1	0	0	0	1	0	0	0	0	0	0	1	0	0	0	1	0	0	0	6	0	37	0	1	12	0	0	0	0	0	5	2	0	0	0	0	0	2	3	0	0	1	3	0	1	4	0	0	0	0	0	3	0	1	0	0	1	4	2	0	3	7	5	0	0	0	1	2	0	0	0	1	1	0	0	0	7	1	0	0	1	0	4	0	5	0	0	12	16	16	0	0	0	1	0	1	0	0	0	1	3	0	0	0	1	6	0	0	18	0	0	0	0	1	17	0	0	0	11	0	2	0	0	4	0	0	0	0	0	0	5	0	0	2	0	0	8	3	1	0	0	6	0	6	0	77	0	0	4	0	6	0	0	8	1	1	0	39	3	5	0	1	0	0	0	0	0	0	0	1	0	0	0	4	2	4	0	0	6	3	0	19	1	13	0	2	46	0	0	4	7	0	66	2	0	0	3	0	0	8	0	2	9	0	0	0	1	3	0	0	0	0	0	0	0	0	2	0	1	0	2	0	0	2	6	1	0	124	0	21	2	0	0	0	0	0	0	0	0	1	4	0	0	0	6	0	19	1	0	1	0	0	17	0	0	0	0	1	4	1	0	0	0	1	0	0	0	1	0	0	0	0	3
1	0	9	0	1	0	18	1	9	0	2	4	0	0	15	1	0	0	8	0	0	4	0	0	0	0	3	0	0	1	4	0	0	0	0	0	1	0	2	0	1	0	137	3	2	0	0	0	0	0	0	0	2	2	0	0	0	3	17	0	0	1	0	0	1	0	0	0	0	0	0	5	0	0	2	0	4	0	4	0	0	1	2	0	0	0	0	0	1	6	0	0	7	0	0	0	0	5	0	0	0	2	0	0	0	0	0	0	0	9	1	0	0	0	13	0	0	0	0	0	2	0	0	0	0	16	2	0	1	49	0	1	1	1	1	9	0	0	0	5	0	1	0	0	17	3	1	0	1	0	1	6	1	0	2	4	0	18	12	0	1	2	66	0	7	0	71	0	0	2	1	5	0	0	7	1	0	0	19	0	17	0	0	1	0	0	0	0	1	1	8	0	0	0	11	1	11	0	0	11	1	0	3	0	23	0	1	114	0	0	3	18	0	53	2	0	1	0	0	0	11	0	4	22	0	0	2	0	0	0	0	0	0	0	0	0	0	14	0	0	0	0	1	7	1	1	2	1	58	0	12	1	0	0	0	0	0	0	4	0	0	1	0	0	0	9	0	5	7	0	0	0	0	17	0	0	0	0	0	0	0	2	4	1	0	0	0	0	0	0	0	0	0	10
3	0	3	0	0	0	34	0	10	0	0	1	2	0	2	0	0	0	7	0	0	0	0	0	0	1	0	0	0	1	5	0	3	2	0	0	2	0	0	2	8	1	40	6	3	1	0	0	0	2	0	5	1	0	1	0	0	0	4	0	0	2	3	3	0	0	0	0	0	0	0	0	1	0	0	0	0	3	3	0	0	0	5	0	0	0	0	1	1	0	0	0	1	0	0	4	0	4	0	0	0	0	1	0	0	6	0	0	25	6	32	1	0	0	0	3	0	1	0	0	5	0	0	0	0	6	4	0	0	26	0	0	0	0	4	102	0	0	0	15	0	0	0	0	9	2	0	0	1	0	0	0	0	0	0	4	0	0	7	0	0	0	0	0	13	0	33	1	0	2	0	1	0	0	1	0	0	0	20	0	1	1	0	0	0	1	0	0	0	0	6	0	0	1	9	1	11	0	0	10	1	0	0	0	16	0	0	92	0	0	0	15	0	48	1	0	1	0	0	0	12	0	1	22	0	1	0	0	0	0	0	0	3	3	0	0	0	1	0	0	0	0	0	4	0	2	1	0	77	0	15	4	2	0	0	0	0	2	0	0	0	0	0	0	0	13	0	26	0	0	0	2	0	15	0	0	0	0	1	2	1	0	0	0	0	0	0	2	1	1	0	2	0	1
2	1	6	0	0	0	21	1	17	0	0	7	0	0	6	0	0	0	0	1	3	0	2	0	0	0	0	0	0	0	1	0	0	0	0	0	1	0	0	2	7	1	38	0	0	5	0	0	0	1	0	10	3	0	0	0	0	1	6	0	0	0	0	2	0	0	1	0	0	0	0	0	0	0	2	0	1	1	0	0	0	3	1	1	0	0	0	0	0	2	0	0	3	0	0	0	0	6	0	0	0	4	0	0	0	0	0	0	3	4	11	0	0	0	6	1	1	1	0	0	1	1	0	0	0	6	0	0	0	13	0	0	0	0	0	28	0	0	0	13	0	0	0	0	16	0	0	0	0	0	0	4	0	0	0	1	0	12	1	0	0	0	23	0	23	0	46	2	1	0	0	2	0	0	5	2	0	0	54	3	2	1	2	0	0	0	0	0	0	0	0	0	0	0	2	3	1	1	0	1	0	0	2	2	8	0	0	102	0	0	4	4	0	16	3	1	0	1	0	0	4	0	0	12	0	0	0	0	0	0	0	0	0	5	0	1	0	0	0	0	0	0	0	3	1	0	1	0	128	0	0	1	0	0	0	0	0	2	0	0	0	0	0	0	0	4	0	17	5	0	0	0	0	32	0	0	0	0	1	0	0	0	0	0	0	0	0	1	1	1	0	0	0	3
0	2	4	0	0	0	51	1	13	0	0	6	2	0	3	0	0	0	1	0	1	1	0	0	0	3	0	0	0	0	0	0	4	2	0	1	0	0	0	0	8	0	80	0	0	1	0	0	0	0	0	1	8	0	0	0	0	0	5	1	0	0	2	5	0	0	0	0	0	0	1	5	0	0	1	0	1	3	5	0	0	3	6	0	0	0	0	0	1	9	0	0	6	0	0	1	0	5	0	0	0	4	1	0	0	8	0	0	10	1	41	0	0	0	5	5	0	0	0	0	3	0	0	0	1	3	0	0	1	4	0	0	0	0	4	11	0	0	0	14	0	1	0	0	28	0	0	0	0	0	0	7	0	0	0	0	0	11	4	0	0	0	35	0	20	0	55	1	2	0	2	8	0	3	4	1	0	0	34	0	33	0	2	1	0	1	0	0	0	0	1	3	0	1	6	1	3	0	0	1	0	0	4	0	9	0	1	164	0	0	1	2	0	17	3	3	0	0	1	0	9	0	1	27	0	0	0	0	0	0	0	0	5	6	0	2	0	0	0	0	0	0	0	2	3	3	2	0	98	2	2	0	0	0	0	0	1	2	0	0	0	0	0	0	0	7	0	45	5	0	0	1	0	40	0	0	0	0	0	0	0	0	0	0	0	0	0	2	0	0	0	0	0	5
1	1	0	0	0	0	127	1	8	0	1	6	0	0	6	0	0	0	12	1	1	0	1	0	0	2	0	0	0	1	0	0	1	0	0	0	0	1	1	0	5	0	86	2	1	2	0	1	0	0	1	23	5	0	2	1	1	2	23	0	0	0	0	5	0	0	1	0	0	0	1	0	1	0	5	1	0	0	9	0	0	0	2	1	0	0	0	2	0	2	0	1	0	0	0	0	0	10	0	0	0	0	0	1	1	0	0	0	10	11	10	0	0	1	18	0	1	1	0	0	4	0	0	1	0	5	2	0	0	42	0	0	1	3	2	25	0	0	0	13	1	0	1	0	18	0	0	0	0	0	1	0	0	0	0	1	0	28	0	0	1	0	3	0	44	1	205	3	1	3	0	7	0	1	0	2	0	0	16	4	0	0	0	0	1	0	0	0	1	0	1	0	1	0	4	0	2	0	0	4	11	0	0	1	33	0	0	32	0	0	2	5	0	37	2	0	0	0	2	0	1	0	0	44	1	0	5	0	0	0	1	0	1	8	1	0	1	4	0	0	0	1	0	2	4	0	21	0	37	0	10	3	0	0	0	0	0	1	0	0	0	0	0	0	0	22	0	28	3	0	0	0	0	30	0	0	0	0	1	0	1	0	2	1	0	0	0	0	0	0	0	0	0	8
0	2	0	0	0	0	115	0	5	0	4	0	0	0	11	0	0	0	7	0	2	1	0	0	0	1	1	0	0	2	0	0	1	0	0	3	0	0	0	0	5	0	82	0	0	2	1	0	0	3	0	32	5	0	0	0	0	0	4	0	0	0	0	6	0	0	0	0	0	0	0	0	0	0	5	0	0	0	3	0	0	0	2	0	0	0	0	2	0	0	0	0	0	1	0	0	0	4	1	0	0	0	0	1	0	0	0	0	0	5	11	0	0	0	0	0	0	0	0	0	0	1	0	0	0	3	2	0	0	29	0	0	1	0	0	10	0	0	0	13	0	0	0	0	10	0	0	0	0	0	0	3	0	0	0	3	0	0	0	0	1	3	1	0	55	0	51	1	1	1	0	0	0	3	0	1	0	0	10	3	1	0	0	0	0	0	1	0	0	0	1	0	0	1	1	0	3	4	0	2	4	0	2	0	6	0	0	31	0	0	2	1	0	23	1	2	0	0	0	0	8	0	0	64	0	1	0	0	0	0	0	0	1	22	0	7	0	5	0	0	0	6	0	0	0	0	3	1	43	0	11	2	0	0	0	0	0	1	1	0	0	1	0	0	0	18	0	18	4	0	0	2	0	27	0	0	0	0	0	0	0	1	3	0	0	0	0	2	6	0	0	0	0	1
0	1	0	0	0	0	184	1	4	0	8	1	0	0	1	1	0	0	2	1	0	2	1	0	0	2	3	0	0	0	0	0	5	1	0	2	0	0	0	2	7	0	63	0	0	0	0	1	0	0	0	29	1	0	0	1	1	0	21	0	0	0	0	2	0	0	0	0	0	0	0	2	0	0	0	0	5	0	1	1	0	0	2	0	0	0	0	0	0	1	1	1	4	0	0	0	0	1	0	0	0	0	0	2	0	0	0	0	4	2	26	0	0	0	1	3	0	0	0	0	1	0	0	1	0	5	0	0	0	14	0	0	0	1	0	14	0	0	0	9	0	0	1	0	20	0	1	0	0	0	0	18	0	0	1	3	0	2	1	0	0	1	13	0	44	2	184	5	1	0	1	4	0	0	2	0	0	0	19	2	6	0	2	0	1	0	1	0	0	0	1	1	0	0	4	2	2	2	0	2	0	0	1	1	10	0	0	64	0	1	1	3	0	26	0	0	1	0	0	0	7	0	0	73	0	1	0	0	0	0	0	0	0	7	0	4	0	1	0	0	0	5	0	2	2	0	11	4	63	0	2	1	0	0	0	0	0	2	1	0	0	0	0	0	0	38	0	25	6	0	0	1	0	30	0	0	1	0	0	0	1	0	0	1	0	0	0	0	2	0	0	0	0	11
7	0	7	0	1	0	66	1	0	1	2	6	0	0	9	0	0	0	11	1	1	0	0	0	0	1	1	1	0	2	1	1	0	0	0	0	5	0	0	0	1	0	58	7	3	0	0	0	0	0	0	15	3	0	1	0	0	3	3	1	0	0	0	1	0	1	0	1	0	0	2	3	4	0	3	0	0	0	8	0	0	1	0	0	0	0	0	2	1	4	0	0	3	0	0	0	0	6	0	0	0	0	0	3	0	0	0	0	2	9	2	0	0	1	8	1	3	1	0	0	2	1	0	0	1	8	4	0	1	44	0	0	0	0	0	1	0	0	0	2	0	0	0	0	7	0	0	0	0	0	0	5	0	0	1	2	0	0	4	0	0	0	10	0	24	1	41	0	1	9	0	4	0	1	8	2	3	0	10	4	9	0	0	0	0	0	0	0	0	1	4	1	0	1	10	1	6	0	0	15	6	0	2	3	33	0	1	30	0	0	2	22	0	91	0	0	0	0	0	0	0	0	2	41	0	1	3	0	0	0	0	0	0	6	0	1	0	6	0	0	0	2	0	2	1	1	0	2	37	0	22	3	0	0	0	0	1	0	1	0	0	0	8	0	0	16	0	22	1	0	2	0	0	13	0	0	0	0	0	2	0	0	1	0	0	0	0	0	1	0	0	0	0	10
1	1	2	0	0	0	75	0	10	0	0	7	0	0	1	0	0	0	2	0	0	2	0	0	1	0	0	1	0	1	0	0	1	0	0	1	0	1	0	0	4	0	92	1	0	0	0	0	0	1	0	3	2	0	1	0	0	0	13	0	0	0	0	3	0	0	1	0	0	0	0	1	2	0	2	0	3	1	0	0	0	2	1	0	0	0	0	0	0	0	0	1	10	0	0	0	0	4	0	0	0	3	0	1	0	0	0	0	3	6	13	0	0	0	0	4	0	0	0	0	1	0	0	0	0	0	0	0	0	16	1	0	1	0	0	6	0	0	0	12	0	0	0	0	12	1	0	0	0	0	0	6	0	0	1	1	0	1	0	0	0	0	8	0	22	0	89	0	0	4	1	6	0	1	0	0	1	0	28	0	1	0	4	0	1	0	0	0	0	1	0	1	0	0	0	1	0	0	0	1	2	0	0	3	7	0	0	205	0	0	1	0	0	9	0	0	0	0	0	0	4	0	0	33	0	0	0	0	0	0	0	0	2	3	0	0	0	3	0	0	0	2	0	0	1	0	5	0	60	2	2	1	0	0	1	1	0	0	2	0	2	0	0	0	0	14	0	22	4	0	0	1	0	18	1	0	0	0	0	0	0	0	0	0	0	0	0	2	0	0	0	0	0	3
1	0	1	0	0	0	49	1	15	0	4	6	0	0	0	0	1	0	0	1	1	1	0	0	0	3	2	1	0	0	0	0	0	0	0	0	0	0	0	0	5	0	97	0	0	2	0	0	0	1	0	5	3	1	1	0	0	2	4	0	0	0	0	1	0	0	0	0	0	0	2	3	1	0	0	0	0	2	0	0	0	4	2	0	0	0	0	0	0	5	0	0	5	0	0	0	0	2	0	0	0	1	0	0	1	0	0	0	7	1	14	0	0	1	24	5	1	0	0	0	1	0	0	0	1	2	0	0	1	1	0	0	0	0	1	12	0	0	0	12	1	1	0	0	24	0	0	0	0	0	1	1	0	0	0	1	0	38	0	1	0	0	35	0	13	1	22	4	2	0	0	1	0	0	9	0	0	0	21	1	9	0	1	0	0	0	0	0	1	0	0	0	1	0	1	1	1	0	0	0	0	0	2	5	3	0	2	136	0	0	3	0	0	6	1	0	0	0	0	0	22	0	0	32	1	0	2	0	0	0	0	0	3	3	1	1	1	1	0	0	0	1	0	1	0	0	0	1	87	1	0	0	0	0	0	0	1	0	2	0	0	0	0	0	0	12	0	26	4	0	0	0	0	41	0	0	0	0	0	0	1	0	1	2	0	0	0	1	0	0	0	0	0	0
5	2	8	0	0	0	81	0	2	0	1	1	0	0	4	1	0	0	7	0	0	1	0	0	1	2	0	0	0	0	1	0	0	0	0	0	4	0	0	0	0	7	54	0	1	0	0	0	0	1	0	42	5	0	0	0	1	0	10	0	0	0	0	4	0	2	2	0	0	0	0	1	4	0	0	0	1	0	3	0	0	0	1	0	0	0	0	0	0	6	0	0	3	0	0	0	0	8	0	0	0	0	0	1	0	0	0	0	2	6	7	0	0	0	0	1	0	3	0	0	3	0	0	0	0	11	0	0	0	18	1	0	1	0	1	8	0	0	1	10	0	1	1	0	7	1	0	1	0	0	0	6	0	0	0	12	1	8	3	0	0	3	0	0	54	0	61	1	0	1	0	2	0	0	0	0	1	0	16	1	1	0	0	0	0	0	0	0	0	1	2	2	0	0	11	0	11	2	0	5	0	0	2	0	8	0	1	27	0	0	0	5	0	71	0	0	2	0	1	0	2	0	3	57	0	0	0	0	0	0	1	0	0	6	0	6	0	1	0	0	0	3	0	1	1	2	2	1	50	2	6	1	1	1	0	1	0	1	1	0	0	1	0	0	0	17	0	18	7	0	0	0	1	11	0	0	0	0	0	0	0	0	0	0	0	0	0	0	2	0	0	0	0	6
3	0	7	0	0	0	29	0	4	0	0	7	0	2	7	2	3	0	1	0	0	1	0	0	0	1	2	0	0	0	0	0	1	4	0	0	0	0	0	0	2	0	71	0	0	6	0	0	0	0	0	4	16	0	0	0	0	0	9	0	0	0	0	2	0	1	1	0	0	0	1	0	0	0	1	0	0	0	3	0	0	1	1	0	0	1	0	1	0	3	1	0	6	0	0	2	0	10	0	0	0	2	0	0	0	0	0	0	8	3	8	0	0	0	3	3	0	0	0	0	3	0	0	0	0	4	2	5	0	16	1	0	0	0	6	10	0	0	0	18	0	0	0	0	21	0	0	0	0	0	0	1	0	0	0	0	6	2	3	0	3	1	5	0	10	0	41	0	0	3	0	7	0	0	1	1	0	0	38	0	0	4	0	0	0	4	0	0	0	4	0	1	0	0	2	4	7	0	0	5	1	0	2	1	13	0	0	188	0	3	4	5	0	15	0	2	0	0	0	0	61	0	0	16	0	0	0	0	0	0	0	0	0	2	0	2	0	2	0	0	0	2	0	1	0	0	1	0	133	1	2	1	0	0	0	1	0	1	2	0	1	0	0	0	0	9	0	25	0	0	0	1	0	16	0	0	0	0	0	0	0	0	1	0	0	0	0	0	0	0	0	0	0	3
4	0	2	0	0	0	41	3	4	0	0	11	1	0	5	0	0	0	0	0	1	0	1	0	0	0	0	0	0	0	0	0	0	0	0	0	0	1	1	0	5	2	44	0	0	0	1	0	0	1	0	1	6	0	0	0	1	1	31	1	0	0	1	4	0	2	0	0	0	0	0	2	2	0	0	0	1	2	7	0	0	5	1	0	0	0	0	0	1	5	1	1	1	0	0	0	0	13	0	0	0	4	0	0	1	3	0	0	6	4	4	0	0	1	10	1	0	1	0	0	0	1	0	1	0	5	2	0	2	9	0	0	0	1	2	22	0	0	0	9	0	0	0	0	12	0	0	0	0	0	1	1	0	0	0	2	0	1	0	0	1	1	7	0	7	0	106	1	0	0	0	7	0	1	10	1	0	0	27	0	22	0	1	0	1	0	0	0	0	0	1	1	0	1	5	1	4	0	0	1	0	0	5	3	10	0	7	79	0	0	1	3	0	28	0	1	0	0	0	0	6	0	0	11	0	0	2	0	2	0	0	0	0	0	1	0	0	0	0	0	0	0	0	0	2	3	8	0	103	0	6	0	0	1	0	0	0	0	0	0	0	3	0	0	0	6	0	18	0	2	0	0	0	17	0	0	0	0	1	2	1	0	0	1	2	0	0	1	0	0	0	0	0	4
1	0	9	0	0	0	107	1	12	0	8	3	0	0	4	0	0	0	1	0	1	2	0	0	2	1	2	0	0	0	1	0	0	0	0	1	1	0	1	0	3	1	98	0	2	0	0	0	0	2	0	30	7	0	0	0	0	1	11	0	0	1	1	2	0	2	1	0	0	0	0	1	2	0	2	0	0	2	0	0	0	4	4	0	0	3	0	2	0	2	0	0	2	0	0	6	0	9	0	0	0	3	1	2	0	1	0	0	9	6	7	0	0	1	2	2	1	0	0	0	0	1	0	0	0	6	0	0	0	17	2	0	0	0	1	78	0	0	0	15	0	0	3	0	10	1	0	0	0	0	0	5	0	0	1	1	0	2	1	0	0	0	5	0	40	4	27	1	1	1	0	8	0	0	1	0	0	0	44	6	6	0	1	0	0	1	0	0	0	0	3	1	0	0	5	0	1	2	0	0	1	0	3	3	14	2	0	129	0	0	0	5	0	23	5	1	1	0	0	0	7	0	0	61	0	0	1	0	0	0	0	0	1	12	0	6	0	0	0	0	0	17	0	3	1	0	2	2	95	1	2	6	0	0	1	2	0	4	0	0	1	1	0	0	0	22	0	22	1	0	0	1	0	19	1	0	0	0	0	0	1	0	1	1	0	0	0	2	4	0	0	0	0	2
0	0	1	0	0	1	3	0	3	0	0	7	0	0	0	0	0	0	0	0	0	0	0	0	0	1	0	1	0	0	0	0	0	0	0	0	0	0	0	0	2	1	14	0	0	0	0	0	0	1	1	0	0	0	0	0	3	0	7	0	0	0	0	1	0	1	0	0	0	0	0	30	0	0	0	0	4	0	0	0	0	1	0	0	2	0	0	0	2	0	0	0	0	0	1	0	0	0	0	0	0	0	0	0	2	0	8	2	0	0	0	0	0	0	0	0	0	1	1	0	0	0	0	3	10	0	0	0	0	0	1	0	0	0	0	0	0	0	1	3	0	0	0	0	17	0	1	0	0	0	1	0	0	0	0	0	0	46	0	0	0	0	44	0	0	0	19	0	0	1	0	0	0	0	0	0	1	0	0	0	10	0	0	1	1	0	0	1	0	1	0	0	0	1	0	1	0	0	0	0	0	0	0	0	0	2	0	469	0	0	1	0	0	0	0	0	0	1	0	2	7	1	0	1	0	0	1	0	0	1	0	0	0	0	10	0	0	0	0	0	0	0	0	0	0	0	0	0	6	0	0	0	0	5	1	7	1	0	0	1	0	0	1	0	0	1	0	1	1	0	0	0	0	1	0	0	0	0	0	0	1	0	0	0	0	0	0	0	1	2	0	1	0	1
0	0	0	0	0	0	14	0	6	0	2	13	0	8	0	0	0	0	0	2	0	0	0	0	0	0	0	0	0	0	0	0	0	0	0	0	0	0	0	0	1	0	13	0	0	0	0	0	2	1	0	0	0	0	0	0	2	0	5	0	0	0	0	0	3	2	0	0	2	0	0	16	0	0	0	0	0	0	0	0	0	0	0	1	0	0	2	0	0	0	0	0	1	0	0	0	0	0	0	0	0	0	9	0	0	0	2	0	0	0	3	0	2	0	0	0	0	1	0	0	0	0	2	6	5	0	0	1	0	0	0	0	0	0	0	0	0	1	0	0	0	0	0	1	10	0	0	1	0	1	0	1	0	0	0	0	0	92	0	0	0	0	15	0	0	0	23	0	0	0	0	0	0	0	0	0	0	0	0	0	3	0	0	0	0	0	6	0	2	0	0	0	0	4	0	0	0	0	0	0	0	0	0	0	1	0	0	921	0	0	0	0	0	2	4	0	0	1	2	2	5	0	0	2	0	0	0	4	0	0	0	0	0	0	3	0	0	0	0	2	0	0	18	0	0	0	1	0	15	0	0	0	0	1	0	2	0	0	4	0	1	0	0	0	0	6	0	0	1	0	0	0	0	5	1	0	0	0	0	0	0	0	0	0	0	1	0	0	0	1	0	0	3	0
0	0	0	0	0	0	8	0	18	4	0	13	0	0	0	0	0	0	0	0	0	0	0	0	0	2	0	0	0	0	0	0	0	0	0	0	0	1	0	0	0	0	17	0	0	0	0	0	0	0	0	0	5	0	0	0	0	0	3	0	0	0	0	0	0	0	0	0	4	2	0	24	0	0	0	2	0	0	0	0	0	0	0	0	0	0	0	0	2	1	0	0	6	0	4	0	3	0	1	0	0	0	0	0	0	0	11	4	0	0	0	0	0	2	1	0	0	0	0	0	0	0	2	2	8	0	0	0	0	0	3	0	0	0	0	0	0	0	2	0	0	0	0	1	25	0	0	0	0	3	1	4	0	0	0	0	0	65	0	0	0	0	94	0	0	0	33	0	0	2	0	1	0	0	0	0	0	0	1	0	5	0	0	0	3	0	0	0	1	0	0	0	0	0	0	2	1	1	4	0	0	0	13	3	0	0	0	907	1	0	0	0	0	0	0	0	0	2	0	0	6	0	0	5	0	0	0	2	0	0	0	1	0	0	4	0	0	0	0	0	0	5	0	0	0	0	2	0	15	0	0	0	0	0	0	1	0	0	2	0	0	0	6	0	0	1	2	0	0	0	0	0	0	9	0	0	1	1	0	0	0	0	0	0	3	0	0	1	0	3	0	3	4	0
0	0	0	0	0	1	6	0	10	1	0	10	0	0	0	0	1	0	0	0	0	0	0	1	0	0	0	0	0	0	0	0	0	1	0	0	0	0	0	0	0	0	49	0	0	0	0	0	0	1	0	0	1	3	2	0	0	0	9	0	0	0	0	0	0	0	0	0	0	0	0	21	0	0	0	1	14	0	0	0	0	1	0	1	3	0	0	0	0	0	0	0	2	1	0	0	1	0	0	0	0	0	5	0	1	0	2	1	0	0	0	0	0	0	1	0	0	0	0	0	0	0	1	5	0	1	0	0	0	0	0	0	0	0	0	0	0	1	0	2	0	0	0	1	23	0	0	0	1	0	0	1	0	1	0	0	0	34	0	0	0	0	20	1	0	0	29	0	0	0	4	4	0	0	0	0	0	1	3	0	11	0	0	0	0	0	1	2	0	0	0	0	0	2	0	0	0	1	0	0	0	0	0	0	0	1	0	654	0	0	0	0	0	0	0	1	0	0	0	1	2	1	0	7	1	0	0	0	0	0	0	1	0	1	1	1	0	0	0	0	0	0	2	0	0	0	6	1	6	0	0	0	0	0	1	2	0	0	7	0	0	0	0	5	2	1	0	6	0	0	0	0	0	3	1	1	0	1	0	0	0	1	0	0	0	1	0	0	0	1	0	2	0	0
0	0	0	0	0	0	2	0	6	0	0	4	0	1	0	0	0	0	0	0	0	0	0	0	1	0	0	0	1	0	0	0	0	0	0	0	0	0	0	0	0	0	15	0	0	0	0	0	0	0	0	0	0	0	0	1	1	0	4	0	0	0	0	0	0	5	0	0	3	0	0	7	0	0	0	0	0	0	0	0	0	0	0	0	1	0	0	0	0	1	0	0	5	0	0	0	1	0	1	0	0	0	0	1	1	0	2	0	0	0	0	0	1	0	1	0	0	0	0	0	0	0	0	0	4	0	0	0	0	0	2	0	0	0	0	0	0	0	0	0	0	0	0	0	0	0	0	0	0	0	0	0	0	0	0	0	0	21	0	0	0	0	16	0	0	0	11	0	0	0	0	1	0	0	0	0	0	0	0	0	3	0	0	1	0	0	0	0	2	0	0	0	0	2	0	0	0	1	0	0	0	0	4	4	0	0	0	721	0	0	0	0	0	0	0	0	0	0	0	1	2	0	0	2	0	0	0	1	0	0	0	1	0	0	2	0	0	0	0	7	0	0	3	0	0	0	0	1	12	0	0	0	0	1	0	0	0	0	1	0	0	0	0	0	0	4	2	2	0	0	0	0	1	1	0	0	0	2	0	0	1	0	1	0	0	0	0	0	0	0	0	0	2	0
0	0	0	0	0	0	0	0	7	6	0	11	0	0	0	0	0	0	0	0	0	0	0	2	0	0	0	0	0	0	0	0	0	0	0	0	0	0	0	0	1	0	28	0	0	0	0	0	0	1	0	0	0	0	2	0	0	0	1	0	0	0	0	0	0	1	0	0	0	0	0	11	0	0	1	4	0	0	0	0	0	0	0	0	2	0	0	0	0	0	0	0	1	0	0	0	2	0	0	0	0	0	0	0	1	0	4	0	0	0	0	0	0	0	0	0	0	0	0	0	0	0	0	0	7	0	0	0	0	0	1	0	0	0	0	0	0	0	0	0	0	0	0	0	18	0	0	0	0	0	2	0	0	2	0	0	0	29	0	0	0	0	28	3	0	0	19	0	0	0	0	1	0	0	0	0	0	0	1	0	2	0	0	1	0	0	2	0	1	0	0	0	0	0	0	0	0	0	1	0	0	0	0	0	0	0	0	731	0	0	0	0	0	0	0	0	0	1	0	0	4	1	0	4	0	0	0	0	0	0	0	1	0	2	1	0	0	0	0	1	0	0	1	0	0	0	7	0	8	0	1	0	0	1	1	5	0	0	2	1	0	1	0	0	0	1	0	2	0	0	0	0	0	0	3	1	0	0	0	0	0	0	0	0	0	0	0	0	0	2	0	0	22	0
0	0	1	0	0	0	11	0	12	0	0	14	0	4	0	0	0	0	0	0	0	0	0	0	0	1	0	0	0	0	0	0	0	0	0	0	0	0	0	0	0	0	13	0	0	0	0	0	0	0	0	0	3	0	0	0	0	0	1	0	0	0	0	0	1	0	0	0	2	0	1	5	0	0	0	0	0	0	0	0	0	0	0	0	0	0	0	0	0	1	0	0	2	0	3	0	2	0	0	0	0	0	0	0	0	0	5	1	0	0	1	0	1	0	0	0	0	0	0	0	0	1	1	0	2	0	0	0	0	0	3	0	0	0	0	0	0	0	0	4	0	0	2	0	19	0	0	0	0	1	0	5	0	1	0	0	0	40	0	0	0	0	13	0	0	0	8	0	0	0	0	3	0	0	0	0	1	0	0	0	1	0	0	0	0	0	4	0	0	0	0	0	0	0	0	2	0	0	1	0	0	0	18	8	0	0	0	828	0	0	0	0	0	0	1	0	0	0	0	0	0	0	0	3	0	0	0	0	0	0	0	0	0	0	0	0	0	0	0	0	0	3	3	0	0	0	2	0	10	0	0	0	0	0	0	0	0	0	3	0	0	0	2	0	0	6	0	0	1	0	0	1	0	6	1	0	0	0	0	0	0	0	0	0	0	0	0	0	0	6	0	2	0	0
0	0	0	0	0	0	7	0	8	0	0	4	0	0	0	0	0	0	0	0	0	0	0	1	0	0	0	0	0	0	0	0	0	0	0	0	0	0	0	0	0	0	27	0	0	0	0	0	0	1	0	0	1	0	0	0	1	0	4	0	0	0	0	0	0	1	0	0	0	1	0	7	0	0	0	0	0	0	0	0	0	1	0	0	0	0	0	0	1	1	0	0	1	1	0	0	0	1	2	0	0	0	0	0	0	0	12	1	0	0	0	0	0	0	1	0	0	0	0	0	0	0	5	0	14	0	0	0	0	0	2	0	0	0	0	0	3	2	1	0	0	0	1	0	13	1	0	0	0	0	6	5	0	0	0	0	0	24	0	0	0	0	41	1	0	0	27	0	0	1	1	2	1	0	0	0	0	0	2	0	1	1	0	1	0	0	2	0	0	0	0	0	0	3	0	0	0	0	0	0	0	0	8	2	0	0	0	712	1	0	0	0	0	0	0	0	0	1	0	1	2	0	0	2	1	0	0	0	0	0	0	0	0	0	2	0	0	0	0	0	0	1	1	0	0	0	4	0	4	0	0	0	0	0	3	1	0	0	5	0	0	1	0	0	0	0	2	1	0	0	0	1	0	5	0	1	0	0	0	0	0	0	0	0	0	0	0	0	0	1	0	0	0	0
0	0	0	0	0	0	15	0	12	0	0	5	0	0	0	0	1	0	0	0	0	0	0	0	0	0	0	0	0	0	0	0	0	0	0	0	0	0	0	0	0	0	47	0	0	0	0	0	0	0	0	0	2	0	1	0	0	0	6	0	0	0	0	0	0	0	0	0	5	1	0	22	0	0	0	0	0	0	0	0	0	0	0	0	1	0	0	0	0	0	0	0	4	0	0	0	0	0	0	2	0	0	0	0	0	0	11	1	0	0	0	0	0	0	0	0	0	0	0	0	0	0	6	0	18	0	0	0	0	0	1	0	0	3	0	0	0	0	0	2	0	0	2	0	147	0	0	0	0	0	2	0	0	1	0	0	0	11	0	0	0	0	27	1	0	0	19	0	0	0	0	0	2	0	0	0	0	0	0	0	7	0	0	1	0	0	0	0	0	0	0	0	0	3	0	0	0	0	0	0	0	3	0	0	1	0	0	783	0	0	0	0	0	0	0	0	0	3	0	1	3	0	0	3	0	0	0	0	0	0	0	0	0	0	5	0	1	0	0	0	0	0	1	0	0	0	4	1	12	0	0	0	0	0	0	2	0	0	11	0	0	2	3	0	1	3	0	2	0	2	0	6	0	3	2	0	0	0	0	0	0	0	0	0	0	0	0	0	0	12	0	1	1	0
0	1	0	0	0	0	0	0	21	0	0	4	0	3	0	0	0	0	0	0	0	0	0	0	0	0	0	0	0	0	0	0	0	0	0	0	0	0	0	0	1	0	23	0	0	0	0	0	0	0	0	0	2	0	0	0	1	0	6	0	0	0	0	0	1	0	0	0	1	0	0	13	0	0	0	2	1	0	0	0	0	1	0	1	0	0	0	0	1	0	0	0	4	0	0	0	0	0	0	0	0	0	0	0	2	0	10	0	0	0	1	0	0	0	0	0	0	1	1	0	0	0	3	1	16	0	0	0	1	1	0	0	0	0	0	0	0	0	0	0	0	0	2	0	27	0	0	0	0	0	2	1	0	0	0	0	0	34	0	0	0	0	11	0	0	0	26	0	0	0	0	0	1	0	0	0	2	0	1	0	7	0	0	1	0	0	2	0	0	0	0	0	0	1	0	0	0	1	0	0	0	0	1	1	2	0	0	703	0	0	0	0	0	0	0	0	0	2	0	1	5	0	0	5	0	0	0	1	0	0	0	0	0	0	7	0	0	1	0	0	0	0	3	0	0	0	0	0	12	0	0	0	0	4	1	3	2	0	6	1	0	0	0	0	0	0	0	1	0	0	0	1	0	1	0	0	0	2	0	0	1	0	0	0	0	0	0	0	0	1	0	1	0	0
0	0	1	0	0	0	10	0	3	0	0	9	0	0	0	0	0	0	0	0	0	0	0	1	0	0	0	0	0	0	0	0	0	0	0	0	0	0	0	0	0	0	21	0	0	0	0	0	0	0	0	0	0	0	0	0	0	0	2	0	0	0	0	0	0	0	0	0	2	0	0	7	0	0	0	0	0	0	0	0	0	1	0	0	1	0	0	0	0	0	0	0	3	0	0	0	1	0	0	0	0	0	0	0	1	0	3	0	0	0	0	0	0	0	0	0	0	0	0	0	0	0	2	2	2	0	0	0	0	0	0	0	1	0	0	0	1	1	0	0	0	0	0	0	1	0	0	0	0	0	2	1	0	2	0	0	0	55	0	0	0	0	13	1	0	0	15	0	0	0	0	0	0	0	0	0	0	0	2	0	6	0	0	0	0	0	0	0	0	0	0	0	0	0	0	1	0	0	0	0	0	0	1	2	0	0	0	592	0	0	0	0	0	0	0	0	0	0	0	0	2	2	0	3	0	0	0	1	0	0	0	0	0	0	0	0	0	0	0	0	0	0	1	0	0	0	3	0	9	0	0	0	0	0	2	0	0	0	5	0	0	0	0	0	0	6	0	0	0	0	0	0	0	4	3	0	0	1	0	0	0	0	0	0	0	0	0	0	0	0	0	0	0	0
0	0	0	0	0	0	1	0	7	0	0	1	0	0	0	0	1	0	0	0	0	0	0	0	0	0	0	0	1	0	0	0	0	0	0	0	0	0	0	0	0	0	11	0	0	0	0	0	0	1	0	0	1	0	0	1	0	0	5	0	0	0	0	0	0	0	0	0	3	0	0	11	0	0	0	0	0	0	0	0	0	2	0	0	0	0	0	0	0	0	0	0	2	3	1	0	0	1	0	0	0	0	0	0	0	0	8	1	0	0	0	0	0	0	0	0	0	0	0	0	0	0	2	2	4	0	0	0	0	0	1	0	0	0	0	0	1	1	0	1	0	0	0	0	46	2	0	0	0	0	2	3	0	0	0	0	0	52	0	0	0	0	10	0	0	0	8	0	0	0	0	7	0	0	0	0	0	0	3	0	5	2	0	0	0	0	0	0	1	0	0	0	1	0	0	0	0	0	0	0	0	0	0	0	0	0	0	704	2	0	0	0	0	0	0	3	0	4	0	0	2	0	0	1	2	0	0	1	0	0	0	0	0	0	2	0	0	0	0	0	0	0	1	0	0	0	1	1	10	0	0	0	0	0	3	1	0	0	6	0	0	3	0	0	0	2	0	6	1	0	0	1	0	2	0	0	0	0	0	0	0	0	0	0	0	0	0	0	0	5	0	1	0	0
0	0	0	0	0	0	9	0	8	0	0	13	0	0	0	0	0	0	0	0	0	0	0	0	0	0	0	1	0	0	0	0	0	1	0	0	0	0	0	0	1	0	26	0	0	0	0	1	0	0	0	0	1	0	0	0	1	0	3	0	0	0	0	0	0	2	0	0	3	0	0	5	0	0	0	1	0	1	0	0	0	0	0	0	0	0	0	0	0	0	0	0	5	1	0	0	0	0	0	0	0	0	5	0	1	0	4	0	0	0	0	0	0	0	0	0	0	0	0	1	0	0	0	0	11	0	0	0	1	0	1	0	0	0	0	0	0	1	0	1	0	0	0	0	35	0	0	0	0	0	2	0	0	0	0	0	0	73	0	0	0	0	4	0	0	0	25	0	0	0	0	1	0	0	0	0	0	0	0	0	0	0	0	1	0	0	0	0	2	0	0	0	0	0	0	0	0	0	0	0	0	0	0	0	1	0	0	759	0	0	0	0	0	1	0	0	0	2	0	0	2	1	0	5	0	0	0	2	0	0	0	0	0	0	2	0	0	0	0	1	0	0	2	0	0	0	1	1	12	0	0	0	0	0	0	4	0	0	6	1	0	1	0	3	0	2	0	2	1	2	0	0	0	2	1	0	0	0	0	0	0	0	0	0	0	0	1	0	0	1	0	0	0	0
0	0	0	0	0	0	3	0	7	0	0	5	0	0	0	3	0	0	0	0	0	0	0	0	0	0	0	0	0	0	0	1	0	0	3	0	0	3	0	0	1	0	10	0	0	0	0	1	0	1	0	0	0	0	0	0	0	0	2	0	0	0	0	0	0	0	0	0	3	0	0	5	0	0	0	5	1	0	0	0	0	1	0	0	1	0	1	0	0	5	0	0	4	0	0	0	3	0	1	0	0	0	0	0	0	0	3	2	0	0	0	0	0	0	2	0	0	0	0	0	0	0	0	0	9	0	0	1	0	0	0	0	0	0	0	0	2	0	0	0	0	0	0	0	9	0	0	0	0	0	0	0	0	1	0	1	0	23	0	0	0	0	16	0	0	0	5	0	0	0	0	1	0	0	1	1	1	0	1	0	7	0	0	0	0	0	0	0	0	0	0	0	0	3	0	0	0	0	0	0	0	0	37	17	1	0	0	649	0	0	0	0	0	0	0	0	0	1	0	0	5	0	0	0	1	0	0	0	0	0	0	0	0	2	2	0	0	0	0	0	0	1	0	0	1	0	2	0	7	1	0	0	0	1	0	1	1	1	1	1	0	1	0	0	1	5	6	4	1	0	0	1	0	0	1	0	0	3	0	0	0	0	0	0	0	0	0	3	0	0	0	0	1	0
0	0	0	0	0	3	0	0	3	0	2	13	0	0	0	0	0	0	0	0	0	0	0	0	0	0	0	0	0	0	0	0	0	1	0	0	0	1	0	0	0	0	44	0	0	0	0	1	1	0	1	0	0	2	0	0	0	0	1	0	0	0	0	0	0	2	0	0	1	0	0	11	0	0	0	2	21	0	0	0	0	2	0	0	0	0	3	0	0	1	0	0	0	0	0	0	0	0	0	0	0	0	0	0	0	0	0	2	0	0	0	0	0	0	1	0	0	0	0	0	0	0	1	6	0	0	0	1	0	0	1	0	0	0	0	0	0	0	0	0	0	0	1	0	15	0	0	1	0	0	1	0	0	0	0	0	0	53	0	0	0	0	9	0	0	0	1	0	0	0	0	0	2	0	0	0	0	1	1	0	5	0	0	0	0	0	0	4	0	0	0	0	0	2	0	0	0	0	0	0	0	0	0	0	0	1	0	671	0	0	0	0	0	0	1	0	0	0	0	0	0	3	0	2	1	0	0	0	0	0	0	0	0	0	0	0	0	0	1	1	0	0	1	0	0	0	0	0	5	0	0	1	0	0	0	0	0	0	6	0	0	0	0	1	2	2	0	0	1	2	0	0	0	0	1	1	0	0	0	0	0	1	0	0	0	0	0	0	0	1	0	0	0	0
0	0	0	0	0	0	4	0	5	1	0	4	0	2	0	0	0	0	0	0	0	0	0	0	0	1	0	0	0	0	0	0	0	0	0	0	0	0	0	1	0	0	8	0	0	0	0	0	0	0	0	0	0	0	0	0	0	0	4	0	0	0	0	0	0	1	0	0	0	0	0	8	0	0	0	4	0	0	0	0	0	1	0	0	0	0	0	0	0	0	0	0	0	0	0	0	0	0	0	0	0	0	0	0	0	0	1	0	0	0	0	0	0	0	0	0	0	0	0	0	0	0	1	0	1	0	0	0	0	0	0	0	0	0	0	0	0	0	0	0	0	0	0	0	7	0	0	0	0	0	1	0	30	1	0	0	0	41	0	0	0	0	15	1	0	0	6	0	0	0	0	0	0	0	0	0	0	0	1	0	1	0	0	0	0	0	1	0	0	0	0	0	2	2	0	0	0	0	1	0	0	0	0	0	0	0	0	250	0	0	0	0	0	0	0	0	0	0	0	0	0	0	0	1	0	0	0	0	0	0	0	1	0	0	0	0	0	0	0	0	0	0	0	0	0	0	1	0	3	0	0	0	0	0	0	0	0	0	1	0	0	0	0	0	0	1	0	0	0	0	0	0	0	1	0	0	0	0	0	0	0	0	0	0	0	1	0	0	0	0	0	0	3	0
