0.9879	0.0121
0.5986	0.4014
0.9687	0.0313
0.9988	0.0012
1.0000	0.0000
0.9976	0.0024
0.8683	0.1317
0.8816	0.1184
0.6113	0.3887
0.9713	0.0287
0.7829	0.2171
0.6362	0.3638
1.0000	0.0000
0.7057	0.2943
0.8202	0.1798
0.6229	0.3771
0.9755	0.0245
0.6923	0.3077
1.0000	0.0000
1.0000	0.0000
0.7261	0.2739
0.7697	0.2303
0.5382	0.4618
0.9890	0.0110
0.0404	0.9596
0.6276	0.3724
0.5398	0.4602
0.9099	0.0901
0.9685	0.0315
0.9995	0.0005
0.9885	0.0115
1.0000	0.0000
0.8606	0.1394
0.1120	0.8880
0.9299	0.0701
1.0000	0.0000
0.9826	0.0174
1.0000	0.0000
0.5694	0.4306
0.8941	0.1059
0.8426	0.1574
0.8863	0.1137
0.7119	0.2881
0.9955	0.0045
0.8939	0.1061
0.5192	0.4808
0.9611	0.0389
0.9777	0.0223
0.5227	0.4773
0.4243	0.5757
0.7497	0.2503
0.7364	0.2636
0.7763	0.2237
1.0000	0.0000
0.6751	0.3249
0.9960	0.0040
0.5213	0.4787
0.9895	0.0105
0.9821	0.0179
0.9873	0.0127
0.7691	0.2309
0.6029	0.3971
0.8659	0.1341
1.0000	0.0000
0.8108	0.1892
0.9640	0.0360
0.4980	0.5020
0.6124	0.3876
1.0000	0.0000
0.3971	0.6029
0.8368	0.1632
1.0000	0.0000
0.9914	0.0086
0.5884	0.4116
0.4726	0.5274
0.9941	0.0059
0.6962	0.3038
0.9143	0.0857
0.9463	0.0537
0.5327	0.4673
0.7119	0.2881
0.8979	0.1021
0.6708	0.3292
0.9997	0.0003
0.6023	0.3977
0.6960	0.3040
0.8947	0.1053
0.9969	0.0031
0.5039	0.4961
0.8904	0.1096
0.3876	0.6124
0.7375	0.2625
0.5170	0.4830
0.8544	0.1456
0.9975	0.0025
0.9997	0.0003
0.2339	0.7661
0.1046	0.8954
0.8207	0.1793
0.9969	0.0031
0.4971	0.5029
0.7885	0.2115
0.9495	0.0505
0.9939	0.0061
0.5260	0.4740
0.6710	0.3290
0.2645	0.7355
0.8498	0.1502
0.8325	0.1675
0.4186	0.5814
0.8979	0.1021
0.5248	0.4752
0.6490	0.3510
0.8162	0.1838
0.9322	0.0678
0.9976	0.0024
0.0682	0.9318
0.6942	0.3058
1.0000	0.0000
0.9966	0.0034
0.8748	0.1252
0.9462	0.0538
0.4149	0.5851
0.9743	0.0257
0.7286	0.2714
0.9902	0.0098
0.9980	0.0020
0.8446	0.1554
0.9093	0.0907
0.6641	0.3359
0.6301	0.3699
0.9744	0.0256
0.9989	0.0011
0.9965	0.0035
0.9685	0.0315
0.7259	0.2741
0.9198	0.0802
0.1567	0.8433
0.7167	0.2833
0.5937	0.4063
0.9685	0.0315
0.9532	0.0468
1.0000	0.0000
0.6278	0.3722
0.9982	0.0018
0.2829	0.7171
0.9994	0.0006
0.6170	0.3830
0.6723	0.3277
0.9596	0.0404
0.7832	0.2168
0.9603	0.0397
0.8001	0.1999
1.0000	0.0000
0.7729	0.2271
0.9960	0.0040
1.0000	0.0000
0.8364	0.1636
0.8342	0.1658
0.2349	0.7651
0.2302	0.7698
0.7471	0.2529
0.9999	0.0001
0.8332	0.1668
0.9957	0.0043
0.9937	0.0063
0.8788	0.1212
0.9751	0.0249
0.4138	0.5862
0.9545	0.0455
0.9136	0.0864
0.7031	0.2969
0.9885	0.0115
0.9091	0.0909
0.9625	0.0375
1.0000	0.0000
0.7737	0.2263
0.9657	0.0343
0.3629	0.6371
1.0000	0.0000
0.9783	0.0217
0.3005	0.6995
0.8181	0.1819
0.9296	0.0704
0.8193	0.1807
1.0000	0.0000
0.9969	0.0031
0.7846	0.2154
0.9594	0.0406
1.0000	0.0000
0.9838	0.0162
0.7269	0.2731
1.0000	0.0000
0.7023	0.2977
0.9691	0.0309
0.8308	0.1692
0.5161	0.4839
0.1459	0.8541
0.9998	0.0002
0.9181	0.0819
0.9985	0.0015
0.0026	0.9974
0.3971	0.6029
0.4296	0.5704
0.9810	0.0190
0.9866	0.0134
0.8448	0.1552
1.0000	0.0000
0.5581	0.4419
0.3104	0.6896
0.9395	0.0605
0.6732	0.3268
0.9874	0.0126
0.9367	0.0633
0.9744	0.0256
0.9786	0.0214
0.6606	0.3394
0.9998	0.0002
0.5269	0.4731
0.3600	0.6400
0.9982	0.0018
0.4452	0.5548
0.9638	0.0362
0.9833	0.0167
0.9985	0.0015
0.9945	0.0055
0.5905	0.4095
0.3391	0.6609
0.7940	0.2060
0.8769	0.1231
0.7949	0.2051
0.9999	0.0001
0.4358	0.5642
0.8047	0.1953
0.6835	0.3165
0.9857	0.0143
0.4413	0.5587
0.8464	0.1536
0.9895	0.0105
0.9823	0.0177
0.3618	0.6382
0.9639	0.0361
0.0777	0.9223
0.9840	0.0160
0.3671	0.6329
1.0000	0.0000
0.9073	0.0927
0.7884	0.2116
0.5870	0.4130
0.8397	0.1603
0.9635	0.0365
0.9981	0.0019
0.5637	0.4363
0.6967	0.3033
0.9985	0.0015
0.6070	0.3930
0.6482	0.3518
0.4758	0.5242
0.9283	0.0717
0.6608	0.3392
0.4476	0.5524
0.8016	0.1984
0.9306	0.0694
0.7662	0.2338
0.6168	0.3832
0.9015	0.0985
0.9508	0.0492
0.9929	0.0071
0.9402	0.0598
1.0000	0.0000
0.9997	0.0003
0.2035	0.7965
0.7566	0.2434
0.6170	0.3830
0.9804	0.0196
0.9918	0.0082
0.5563	0.4437
0.8797	0.1203
0.7801	0.2199
0.9525	0.0475
0.8576	0.1424
0.6431	0.3569
0.4563	0.5437
0.7814	0.2186
0.7339	0.2661
0.6712	0.3288
0.5239	0.4761
0.9336	0.0664
0.4090	0.5910
1.0000	0.0000
0.9619	0.0381
0.4571	0.5429
0.9108	0.0892
1.0000	0.0000
0.4578	0.5422
0.9938	0.0062
0.9943	0.0057
0.8417	0.1583
0.9095	0.0905
0.2309	0.7691
0.5851	0.4149
0.8247	0.1753
0.9633	0.0367
0.9778	0.0222
0.7471	0.2529
0.9989	0.0011
0.5385	0.4615
0.4077	0.5923
0.9880	0.0120
0.7517	0.2483
0.8565	0.1435
0.6671	0.3329
0.9546	0.0454
0.5697	0.4303
0.1286	0.8714
0.9998	0.0002
0.8933	0.1067
0.9998	0.0002
0.9990	0.0010
0.9943	0.0057
0.3295	0.6705
0.4493	0.5507
0.8088	0.1912
0.6607	0.3393
0.2278	0.7722
0.3538	0.6462
0.9585	0.0415
0.9190	0.0810
0.5409	0.4591
0.5658	0.4342
0.5579	0.4421
0.5022	0.4978
0.9630	0.0370
1.0000	0.0000
0.8236	0.1764
0.7647	0.2353
0.9998	0.0002
0.5174	0.4826
0.4914	0.5086
0.8909	0.1091
0.6457	0.3543
0.8175	0.1825
0.8941	0.1059
0.4181	0.5819
0.9240	0.0760
0.9872	0.0128
0.9931	0.0069
0.8476	0.1524
0.6886	0.3114
0.9930	0.0070
1.0000	0.0000
0.5324	0.4676
0.9644	0.0356
0.7571	0.2429
0.9888	0.0112
0.3483	0.6517
0.8650	0.1350
0.3945	0.6055
0.2657	0.7343
0.2554	0.7446
0.4324	0.5676
0.9374	0.0626
0.8518	0.1482
0.6361	0.3639
0.9965	0.0035
0.9429	0.0571
0.9846	0.0154
0.3394	0.6606
0.9878	0.0122
0.8931	0.1069
0.5160	0.4840
0.8151	0.1849
0.9841	0.0159
0.9119	0.0881
0.9920	0.0080
0.4147	0.5853
0.8240	0.1760
0.4468	0.5532
0.9998	0.0002
0.5551	0.4449
0.9608	0.0392
0.7599	0.2401
0.9389	0.0611
0.4227	0.5773
1.0000	0.0000
0.7346	0.2654
0.8869	0.1131
0.8510	0.1490
0.6408	0.3592
0.7671	0.2329
0.7024	0.2976
0.9015	0.0985
0.8932	0.1068
0.8650	0.1350
0.0188	0.9812
0.1223	0.8777
0.8182	0.1818
0.8871	0.1129
0.6534	0.3466
0.8747	0.1253
0.7316	0.2684
0.4303	0.5697
0.4123	0.5877
0.0908	0.9092
0.8485	0.1515
0.5642	0.4358
0.7025	0.2975
0.9912	0.0088
0.2389	0.7611
0.6876	0.3124
0.6529	0.3471
0.9800	0.0200
0.9995	0.0005
0.5543	0.4457
0.1646	0.8354
0.9915	0.0085
0.5700	0.4300
0.7829	0.2171
0.8401	0.1599
0.9955	0.0045
0.7893	0.2107
0.9980	0.0020
0.7046	0.2954
0.9184	0.0816
0.0195	0.9805
0.9331	0.0669
0.8053	0.1947
0.9921	0.0079
0.4937	0.5063
0.9526	0.0474
0.9987	0.0013
1.0000	0.0000
0.4826	0.5174
0.8353	0.1647
0.7726	0.2274
0.9054	0.0946
1.0000	0.0000
0.5457	0.4543
0.8715	0.1285
0.9430	0.0570
0.9670	0.0330
0.6334	0.3666
0.3021	0.6979
0.6611	0.3389
0.9716	0.0284
0.6145	0.3855
0.5451	0.4549
0.9734	0.0266
0.9465	0.0535
0.5155	0.4845
0.7430	0.2570
0.9419	0.0581
0.9714	0.0286
0.9147	0.0853
0.9695	0.0305
0.9105	0.0895
0.9744	0.0256
0.8950	0.1050
0.7005	0.2995
0.6666	0.3334
0.4374	0.5626
0.9992	0.0008
0.9998	0.0002
