0.9997	0.0003
0.5915	0.4085
1.0000	0.0000
1.0000	0.0000
1.0000	0.0000
0.9984	0.0016
0.9779	0.0221
0.9761	0.0239
0.2091	0.7909
0.9706	0.0294
0.1685	0.8315
0.0305	0.9695
1.0000	0.0000
0.9540	0.0460
0.1172	0.8828
0.5413	0.4587
1.0000	0.0000
0.9902	0.0098
1.0000	0.0000
1.0000	0.0000
0.9094	0.0906
0.8929	0.1071
0.0851	0.9149
0.9976	0.0024
0.0034	0.9966
0.4750	0.5250
0.1024	0.8976
0.9442	0.0558
0.9987	0.0013
0.9704	0.0296
0.9964	0.0036
1.0000	0.0000
0.9019	0.0981
0.6052	0.3948
0.7584	0.2416
0.9998	0.0002
0.9997	0.0003
1.0000	0.0000
0.4988	0.5012
0.9979	0.0021
0.2357	0.7643
0.9960	0.0040
0.6349	0.3651
1.0000	0.0000
0.8305	0.1695
0.9551	0.0449
0.9999	0.0001
1.0000	0.0000
0.0497	0.9503
0.9562	0.0438
0.6535	0.3465
0.9998	0.0002
0.5234	0.4766
1.0000	0.0000
0.0147	0.9853
0.9982	0.0018
0.2431	0.7569
1.0000	0.0000
0.9999	0.0001
1.0000	0.0000
0.7738	0.2262
0.6026	0.3974
1.0000	0.0000
1.0000	0.0000
0.9227	0.0773
0.9250	0.0750
0.2185	0.7815
0.5813	0.4187
0.9998	0.0002
0.4048	0.5952
0.9983	0.0017
1.0000	0.0000
0.9998	0.0002
0.9239	0.0761
0.1082	0.8918
1.0000	0.0000
0.9497	0.0503
0.9952	0.0048
1.0000	0.0000
0.1620	0.8380
0.9131	0.0869
0.9234	0.0766
0.4069	0.5931
0.9977	0.0023
0.1570	0.8430
0.9999	0.0001
0.9820	0.0180
0.9905	0.0095
0.0334	0.9666
0.9983	0.0017
0.0179	0.9821
0.9466	0.0534
0.3803	0.6197
0.9198	0.0802
1.0000	0.0000
0.9997	0.0003
0.0798	0.9202
0.0176	0.9824
0.9101	0.0899
0.9999	0.0001
0.0588	0.9412
0.1070	0.8930
0.5728	0.4272
0.9996	0.0004
0.8581	0.1419
0.8196	0.1804
0.0051	0.9949
1.0000	0.0000
0.4551	0.5449
0.0051	0.9949
0.8705	0.1295
0.2268	0.7732
0.9669	0.0331
0.9281	0.0719
0.9811	0.0189
0.5384	0.4616
0.2397	0.7603
0.5669	0.4331
0.9315	0.0685
0.9997	0.0003
0.9636	0.0364
1.0000	0.0000
0.0613	0.9387
0.9993	0.0007
0.0963	0.9037
0.9970	0.0030
0.9746	0.0254
0.9507	0.0493
0.0337	0.9663
0.9486	0.0514
0.9035	0.0965
0.9980	0.0020
1.0000	0.0000
0.0013	0.9987
0.9994	0.0006
0.9887	0.0113
0.6451	0.3549
0.5738	0.4262
0.4426	0.5574
0.2556	0.7444
0.9818	0.0182
1.0000	0.0000
0.9998	0.0002
0.9388	0.0612
0.9999	0.0001
0.0956	0.9044
1.0000	0.0000
0.8127	0.1873
0.5874	0.4126
0.9235	0.0765
0.3946	0.6054
0.8752	0.1248
1.0000	0.0000
1.0000	0.0000
0.5853	0.4147
0.9999	0.0001
1.0000	0.0000
0.9673	0.0327
0.4036	0.5964
0.0749	0.9251
0.9582	0.0418
0.4535	0.5465
1.0000	0.0000
0.6283	0.3717
0.9812	0.0188
1.0000	0.0000
0.9821	0.0179
0.9746	0.0254
0.0408	0.9592
0.9220	0.0780
0.9882	0.0118
0.3798	0.6202
0.9919	0.0081
0.9959	0.0041
0.9885	0.0115
1.0000	0.0000
0.0739	0.9261
0.9916	0.0084
0.0432	0.9568
1.0000	0.0000
0.9891	0.0109
0.0565	0.9435
0.9596	0.0404
0.5870	0.4130
0.8670	0.1330
1.0000	0.0000
1.0000	0.0000
0.9594	0.0406
0.9258	0.0742
0.9996	0.0004
0.9978	0.0022
0.8726	0.1274
1.0000	0.0000
0.5670	0.4330
0.9999	0.0001
0.9782	0.0218
0.9855	0.0145
0.4702	0.5298
1.0000	0.0000
0.9640	0.0360
0.9992	0.0008
0.9014	0.0986
0.2145	0.7855
0.1308	0.8692
0.9981	0.0019
0.9997	0.0003
0.8024	0.1976
1.0000	0.0000
0.5901	0.4099
0.0924	0.9076
0.3368	0.6632
0.9965	0.0035
0.9670	0.0330
0.9497	0.0503
0.9999	0.0001
1.0000	0.0000
0.5970	0.4030
1.0000	0.0000
0.2193	0.7807
0.0131	0.9869
1.0000	0.0000
0.0349	0.9651
0.9999	0.0001
1.0000	0.0000
1.0000	0.0000
1.0000	0.0000
0.1970	0.8030
0.0928	0.9072
0.4561	0.5439
0.9872	0.0128
0.9648	0.0352
1.0000	0.0000
0.0230	0.9770
0.9998	0.0002
0.5856	0.4144
0.9994	0.0006
0.9668	0.0332
0.9998	0.0002
0.9945	0.0055
1.0000	0.0000
0.0128	0.9872
0.9911	0.0089
0.1018	0.8982
1.0000	0.0000
0.1670	0.8330
1.0000	0.0000
0.5532	0.4468
0.9997	0.0003
0.5475	0.4525
0.9997	0.0003
0.8587	0.1413
1.0000	0.0000
0.6653	0.3347
0.1405	0.8595
0.9998	0.0002
0.7679	0.2321
0.2010	0.7990
0.0311	0.9689
0.9996	0.0004
0.8286	0.1714
0.5136	0.4864
0.3579	0.6421
0.9907	0.0093
0.7797	0.2203
0.3955	0.6045
0.9859	0.0141
0.9999	0.0001
1.0000	0.0000
0.8524	0.1476
1.0000	0.0000
1.0000	0.0000
0.0122	0.9878
0.8151	0.1849
0.1059	0.8941
1.0000	0.0000
0.9993	0.0007
0.6413	0.3587
0.8705	0.1295
0.7511	0.2489
0.9993	0.0007
0.6766	0.3234
0.9583	0.0417
0.0664	0.9336
0.7117	0.2883
0.1777	0.8223
1.0000	0.0000
0.6192	0.3808
0.8245	0.1755
0.0335	0.9665
0.9966	0.0034
0.9814	0.0186
0.9782	0.0218
0.9860	0.0140
1.0000	0.0000
0.1166	0.8834
1.0000	0.0000
0.9994	0.0006
0.9229	0.0771
0.4055	0.5945
0.2324	0.7676
0.0862	0.9138
0.9991	0.0009
0.8024	0.1976
0.9994	0.0006
0.7460	0.2540
1.0000	0.0000
0.7065	0.2935
0.0402	0.9598
0.9933	0.0067
0.5729	0.4271
0.1778	0.8222
0.4157	0.5843
1.0000	0.0000
0.7499	0.2501
0.3650	0.6350
1.0000	0.0000
0.9871	0.0129
0.9988	0.0012
1.0000	0.0000
1.0000	0.0000
0.3720	0.6280
0.4257	0.5743
0.8682	0.1318
0.3180	0.6820
0.0683	0.9317
0.9942	0.0058
0.9340	0.0660
0.9905	0.0095
0.6210	0.3790
0.0208	0.9792
0.2588	0.7412
0.6179	0.3821
0.9983	0.0017
1.0000	0.0000
0.9994	0.0006
0.4079	0.5921
1.0000	0.0000
0.8255	0.1745
0.3925	0.6075
0.9920	0.0080
0.2500	0.7500
0.2525	0.7475
0.9894	0.0106
0.9724	0.0276
0.9997	0.0003
0.9524	0.0476
0.9869	0.0131
0.1418	0.8582
0.9978	0.0022
1.0000	0.0000
0.9997	0.0003
0.3639	0.6361
0.9997	0.0003
0.3347	0.6653
1.0000	0.0000
0.2118	0.7882
0.5658	0.4342
0.5887	0.4113
0.6154	0.3846
0.1194	0.8806
0.1075	0.8925
1.0000	0.0000
0.9152	0.0848
0.9972	0.0028
0.9998	0.0002
1.0000	0.0000
0.9942	0.0058
0.4317	0.5683
1.0000	0.0000
0.4172	0.5828
0.9958	0.0042
0.7182	0.2818
0.9438	0.0562
0.9339	0.0661
1.0000	0.0000
0.1692	0.8308
0.4479	0.5521
0.1615	0.8385
0.9899	0.0101
0.0908	0.9092
0.3292	0.6708
0.9084	0.0916
0.7563	0.2437
0.7795	0.2205
1.0000	0.0000
0.8680	0.1320
0.7605	0.2395
0.9825	0.0175
0.9515	0.0485
0.9384	0.0616
0.7269	0.2731
0.9927	0.0073
0.4406	0.5594
0.9103	0.0897
0.0016	0.9984
0.0172	0.9828
0.7986	0.2014
1.0000	0.0000
0.1991	0.8009
0.5675	0.4325
0.9712	0.0288
0.8744	0.1256
0.2312	0.7688
0.0296	0.9704
0.1683	0.8317
0.0229	0.9771
0.8336	0.1664
1.0000	0.0000
0.3855	0.6145
0.3749	0.6251
0.6226	0.3774
0.0004	0.9996
1.0000	0.0000
0.1139	0.8861
0.6354	0.3646
0.8883	0.1117
0.2900	0.7100
0.9391	0.0609
0.8014	0.1986
0.9996	0.0004
0.9970	0.0030
1.0000	0.0000
0.3269	0.6731
0.9947	0.0053
0.0114	0.9886
0.7242	0.2758
0.1965	0.8035
0.9986	0.0014
0.4076	0.5924
0.9613	0.0387
1.0000	0.0000
1.0000	0.0000
0.9269	0.0731
0.9825	0.0175
0.7656	0.2344
0.9594	0.0406
1.0000	0.0000
0.0125	0.9875
0.9090	0.0910
0.9979	0.0021
0.9545	0.0455
0.4126	0.5874
0.1398	0.8602
0.9796	0.0204
0.8323	0.1677
0.2814	0.7186
0.4133	0.5867
0.9753	0.0247
0.9973	0.0027
0.0285	0.9715
0.9185	0.0815
0.9896	0.0104
0.9955	0.0045
0.7053	0.2947
1.0000	0.0000
0.5024	0.4976
0.9997	0.0003
0.8736	0.1264
0.2936	0.7064
0.9660	0.0340
0.0827	0.9173
0.9935	0.0065
1.0000	0.0000
