1.0000	0.0000
0.2270	0.7730
0.9999	0.0001
1.0000	0.0000
1.0000	0.0000
1.0000	0.0000
0.9999	0.0001
0.9999	0.0001
0.0495	0.9505
0.0000	1.0000
0.5677	0.4323
0.0107	0.9893
1.0000	0.0000
0.9935	0.0065
0.0005	0.9995
0.8409	0.1591
1.0000	0.0000
0.0860	0.9140
1.0000	0.0000
1.0000	0.0000
0.3761	0.6239
0.9951	0.0049
0.0201	0.9799
1.0000	0.0000
0.0002	0.9998
0.8703	0.1297
0.5094	0.4906
0.9091	0.0909
1.0000	0.0000
1.0000	0.0000
0.9977	0.0023
1.0000	0.0000
0.9803	0.0197
0.9991	0.0009
0.9683	0.0317
0.9597	0.0403
0.9999	0.0001
0.9822	0.0178
0.0626	0.9374
0.9972	0.0028
0.0002	0.9998
0.9991	0.0009
0.7867	0.2133
1.0000	0.0000
0.9935	0.0065
0.9938	0.0062
1.0000	0.0000
0.9998	0.0002
0.2527	0.7473
1.0000	0.0000
0.5780	0.4220
1.0000	0.0000
0.0709	0.9291
1.0000	0.0000
0.0000	1.0000
1.0000	0.0000
0.0001	0.9999
1.0000	0.0000
1.0000	0.0000
1.0000	0.0000
0.0003	0.9997
0.0091	0.9909
0.0176	0.9824
1.0000	0.0000
0.9999	0.0001
0.9999	0.0001
0.0000	1.0000
0.9998	0.0002
1.0000	0.0000
0.0436	0.9564
1.0000	0.0000
0.9994	0.0006
0.9997	0.0003
0.9961	0.0039
0.0049	0.9951
1.0000	0.0000
0.9920	0.0080
1.0000	0.0000
1.0000	0.0000
0.0048	0.9952
0.0224	0.9776
0.9957	0.0043
0.9872	0.0128
1.0000	0.0000
0.0009	0.9991
0.8241	0.1759
0.9927	0.0073
0.9999	0.0001
0.0000	1.0000
0.9997	0.0003
0.0746	0.9254
0.9998	0.0002
0.0029	0.9971
0.3288	0.6712
1.0000	0.0000
1.0000	0.0000
0.8271	0.1729
0.0000	1.0000
0.9897	0.0103
1.0000	0.0000
0.0000	1.0000
0.0273	0.9727
0.7525	0.2475
1.0000	0.0000
0.9978	0.0022
0.0305	0.9695
0.0000	1.0000
0.9959	0.0041
0.6234	0.3766
0.0266	0.9734
0.8084	0.1916
0.3468	0.6532
1.0000	0.0000
0.3258	0.6742
0.9989	0.0011
0.0087	0.9913
0.2239	0.7761
0.2558	0.7442
0.0074	0.9926
1.0000	0.0000
1.0000	0.0000
0.9449	0.0551
0.0049	0.9951
1.0000	0.0000
0.0017	0.9983
0.9998	0.0002
0.9918	0.0082
0.9996	0.0004
0.9153	0.0847
0.0060	0.9940
0.0033	0.9967
1.0000	0.0000
0.9350	0.0650
0.1234	0.8766
1.0000	0.0000
0.9999	0.0001
0.2096	0.7904
0.0059	0.9941
0.3291	0.6709
0.0402	0.9598
0.9479	0.0521
1.0000	0.0000
0.9756	0.0244
0.0930	0.9070
0.9852	0.0148
0.0001	0.9999
1.0000	0.0000
1.0000	0.0000
0.4272	0.5728
0.9575	0.0425
0.7140	0.2860
0.8694	0.1306
0.8843	0.1157
1.0000	0.0000
0.9978	0.0022
1.0000	0.0000
1.0000	0.0000
0.9249	0.0751
0.9996	0.0004
0.1551	0.8449
0.0348	0.9652
0.0084	0.9916
1.0000	0.0000
0.9915	0.0085
1.0000	0.0000
0.9998	0.0002
0.9661	0.0339
0.8979	0.1021
0.1305	0.8695
0.9914	0.0086
0.1896	0.8104
0.0502	0.9498
1.0000	0.0000
1.0000	0.0000
1.0000	0.0000
1.0000	0.0000
0.0022	0.9978
1.0000	0.0000
0.9834	0.0166
1.0000	0.0000
1.0000	0.0000
0.0633	0.9367
0.9561	0.0439
1.0000	0.0000
0.9956	0.0044
0.0000	1.0000
1.0000	0.0000
0.9972	0.0028
0.9967	0.0033
1.0000	0.0000
1.0000	0.0000
0.9892	0.0108
1.0000	0.0000
0.6566	0.3434
0.8835	0.1165
1.0000	0.0000
0.5946	0.4054
0.0122	0.9878
1.0000	0.0000
0.8980	0.1020
1.0000	0.0000
0.0018	0.9982
0.0001	0.9999
0.0000	1.0000
1.0000	0.0000
0.0016	0.9984
1.0000	0.0000
1.0000	0.0000
0.0397	0.9603
0.0137	0.9863
0.1853	0.8147
1.0000	0.0000
1.0000	0.0000
0.9985	0.0015
0.4101	0.5899
1.0000	0.0000
0.9977	0.0023
1.0000	0.0000
0.0501	0.9499
0.0002	0.9998
1.0000	0.0000
0.0005	0.9995
1.0000	0.0000
1.0000	0.0000
1.0000	0.0000
0.8552	0.1448
0.8425	0.1575
0.0034	0.9966
1.0000	0.0000
0.1346	0.8654
0.9612	0.0388
1.0000	0.0000
0.0024	0.9976
0.9731	0.0269
0.0828	0.9172
0.9996	0.0004
0.7875	0.2125
0.9996	0.0004
0.9986	0.0014
1.0000	0.0000
0.0222	0.9778
0.9956	0.0044
0.0065	0.9935
1.0000	0.0000
0.0488	0.9512
1.0000	0.0000
0.8878	0.1122
1.0000	0.0000
0.0376	0.9624
1.0000	0.0000
0.9999	0.0001
1.0000	0.0000
0.9180	0.0820
0.9561	0.0439
1.0000	0.0000
0.3762	0.6238
0.2199	0.7801
0.0006	0.9994
1.0000	0.0000
0.9745	0.0255
0.9251	0.0749
0.1961	0.8039
0.9508	0.0492
0.1714	0.8286
0.0195	0.9805
1.0000	0.0000
0.9998	0.0002
1.0000	0.0000
0.9999	0.0001
1.0000	0.0000
1.0000	0.0000
0.0000	1.0000
0.8705	0.1295
0.0346	0.9654
0.9988	0.0012
1.0000	0.0000
0.3651	0.6349
0.1560	0.8440
0.9849	0.0151
0.0036	0.9964
0.0355	0.9645
0.0030	0.9970
0.0009	0.9991
0.0194	0.9806
0.8528	0.1472
0.3761	0.6239
0.0200	0.9800
0.8633	0.1367
0.0110	0.9890
1.0000	0.0000
1.0000	0.0000
0.4097	0.5903
1.0000	0.0000
1.0000	0.0000
0.1053	0.8947
1.0000	0.0000
0.7014	0.2986
0.7964	0.2036
0.9966	0.0034
0.0774	0.9226
0.2817	0.7183
1.0000	0.0000
1.0000	0.0000
1.0000	0.0000
0.6203	0.3797
1.0000	0.0000
0.3356	0.6644
0.0005	0.9995
1.0000	0.0000
0.8277	0.1723
0.9878	0.0122
0.6117	0.3883
0.9999	0.0001
0.9994	0.0006
0.5759	0.4241
1.0000	0.0000
1.0000	0.0000
1.0000	0.0000
1.0000	0.0000
1.0000	0.0000
0.0001	0.9999
0.0273	0.9727
0.9394	0.0606
0.0274	0.9726
0.0003	0.9997
0.5469	0.4531
0.7959	0.2041
0.9964	0.0036
0.7737	0.2263
0.0094	0.9906
0.6601	0.3399
0.9993	0.0007
1.0000	0.0000
1.0000	0.0000
0.9105	0.0895
0.8428	0.1572
1.0000	0.0000
0.7013	0.2987
0.4147	0.5853
0.9999	0.0001
0.1062	0.8938
0.0001	0.9999
1.0000	0.0000
0.9951	0.0049
0.9998	0.0002
0.9987	0.0013
0.9955	0.0045
0.0335	0.9665
1.0000	0.0000
1.0000	0.0000
1.0000	0.0000
0.9753	0.0247
1.0000	0.0000
0.9654	0.0346
1.0000	0.0000
0.9839	0.0161
0.0914	0.9086
0.7279	0.2721
0.0005	0.9995
0.9998	0.0002
0.0001	0.9999
1.0000	0.0000
0.7943	0.2057
1.0000	0.0000
1.0000	0.0000
1.0000	0.0000
1.0000	0.0000
0.7612	0.2388
1.0000	0.0000
0.0248	0.9752
0.8747	0.1253
0.9017	0.0983
1.0000	0.0000
0.9416	0.0584
0.3000	0.7000
0.9707	0.0293
0.9781	0.0219
0.7491	0.2509
0.5637	0.4363
0.1682	0.8318
0.0001	0.9999
0.9964	0.0036
0.9997	0.0003
0.9998	0.0002
1.0000	0.0000
0.5686	0.4314
0.9651	0.0349
0.8369	0.1631
1.0000	0.0000
0.6054	0.3946
0.2961	0.7039
1.0000	0.0000
0.5776	0.4224
0.9725	0.0275
0.9625	0.0375
0.0000	1.0000
0.6027	0.3973
1.0000	0.0000
0.0509	0.9491
0.9977	0.0023
0.9997	0.0003
0.0465	0.9535
0.0024	0.9976
0.3146	0.6854
0.0751	0.9249
0.0080	0.9920
0.9139	0.0861
1.0000	0.0000
0.7314	0.2686
0.1832	0.8168
0.1319	0.8681
0.0963	0.9037
0.9999	0.0001
0.0015	0.9985
1.0000	0.0000
0.9910	0.0090
0.9821	0.0179
0.9996	0.0004
0.9998	0.0002
1.0000	0.0000
1.0000	0.0000
1.0000	0.0000
0.2252	0.7748
0.1693	0.8307
0.0000	1.0000
0.9218	0.0782
0.7052	0.2948
0.9603	0.0397
0.7679	0.2321
0.9945	0.0055
1.0000	0.0000
0.9988	0.0012
0.1596	0.8404
0.9033	0.0967
0.9958	0.0042
0.9945	0.0055
1.0000	0.0000
0.0015	0.9985
0.9918	0.0082
0.9406	0.0594
0.9999	0.0001
0.0085	0.9915
0.9916	0.0084
0.9985	0.0015
0.9914	0.0086
0.6608	0.3392
0.8423	0.1577
0.9691	0.0309
0.9997	0.0003
0.7348	0.2652
1.0000	0.0000
0.9999	0.0001
1.0000	0.0000
0.9680	0.0320
1.0000	0.0000
0.9872	0.0128
1.0000	0.0000
0.9992	0.0008
0.3163	0.6837
0.9642	0.0358
0.3716	0.6284
0.9997	0.0003
1.0000	0.0000
