0.9944	0.0056
0.9555	0.0445
1.0000	0.0000
1.0000	0.0000
1.0000	0.0000
0.9985	0.0015
0.5526	0.4474
0.9244	0.0756
0.5490	0.4510
0.9891	0.0109
0.4285	0.5715
0.1309	0.8691
1.0000	0.0000
0.9017	0.0983
0.5425	0.4575
0.5744	0.4256
0.9987	0.0013
0.8329	0.1671
0.9999	0.0001
1.0000	0.0000
0.4738	0.5262
0.8751	0.1249
0.2547	0.7453
0.9942	0.0058
0.0119	0.9881
0.5139	0.4861
0.0751	0.9249
0.9305	0.0695
0.9803	0.0197
0.9948	0.0052
0.9755	0.0245
1.0000	0.0000
0.8248	0.1752
0.5107	0.4893
0.9727	0.0273
1.0000	0.0000
0.9981	0.0019
0.9861	0.0139
0.8704	0.1296
0.7827	0.2173
0.5393	0.4607
0.9949	0.0051
0.5256	0.4744
0.9999	0.0001
0.7442	0.2558
0.8423	0.1577
0.9944	0.0056
0.9991	0.0009
0.3206	0.6794
0.4564	0.5436
0.8299	0.1701
0.9434	0.0566
0.6609	0.3391
0.9999	0.0001
0.0652	0.9348
0.9780	0.0220
0.1961	0.8039
1.0000	0.0000
0.9964	0.0036
0.9985	0.0015
0.4981	0.5019
0.5349	0.4651
0.7567	0.2433
1.0000	0.0000
0.9075	0.0925
0.9427	0.0573
0.2058	0.7942
0.4011	0.5989
1.0000	0.0000
0.5951	0.4049
0.9639	0.0361
1.0000	0.0000
0.9990	0.0010
0.8522	0.1478
0.2300	0.7700
1.0000	0.0000
0.5986	0.4014
0.9961	0.0039
0.9358	0.0642
0.6284	0.3716
0.4701	0.5299
0.9232	0.0768
0.4171	0.5829
1.0000	0.0000
0.4769	0.5231
1.0000	0.0000
0.9551	0.0449
0.8803	0.1197
0.2077	0.7923
0.9381	0.0619
0.0848	0.9152
0.7827	0.2173
0.7023	0.2977
0.7647	0.2353
1.0000	0.0000
0.9995	0.0005
0.1418	0.8582
0.0255	0.9745
0.8413	0.1587
0.9999	0.0001
0.1325	0.8675
0.5690	0.4310
0.8202	0.1798
0.9931	0.0069
0.7703	0.2297
0.6650	0.3350
0.0255	0.9745
0.9207	0.0793
0.7754	0.2246
0.0454	0.9546
0.8971	0.1029
0.7842	0.2158
0.9682	0.0318
0.7432	0.2568
0.9843	0.0157
0.1495	0.8505
0.2292	0.7708
0.4369	0.5631
0.0167	0.9833
0.9871	0.0129
0.9481	0.0519
0.8048	0.1952
0.3752	0.6248
0.9962	0.0038
0.4417	0.5583
0.9935	0.0065
0.9652	0.0348
0.8966	0.1034
0.3401	0.6599
0.9656	0.0344
0.0232	0.9768
0.8342	0.1658
0.9990	0.0010
0.0033	0.9967
0.9194	0.0806
0.4768	0.5232
0.5070	0.4930
0.2384	0.7616
0.5208	0.4792
0.2784	0.7216
0.9540	0.0460
0.9995	0.0005
0.9996	0.0004
0.5619	0.4381
0.9953	0.0047
0.2350	0.7650
0.9999	0.0001
0.9609	0.0391
0.6328	0.3672
0.8566	0.1434
0.8710	0.1290
0.9095	0.0905
0.9663	0.0337
1.0000	0.0000
0.8839	0.1161
0.9999	0.0001
1.0000	0.0000
0.8523	0.1477
0.5246	0.4754
0.7969	0.2031
0.8361	0.1639
0.5902	0.4098
0.9989	0.0011
0.9996	0.0004
0.9846	0.0154
0.9991	0.0009
0.9350	0.0650
0.8072	0.1928
0.1894	0.8106
0.8308	0.1692
0.7818	0.2182
0.6872	0.3128
0.9959	0.0041
0.9948	0.0052
0.9824	0.0176
1.0000	0.0000
0.3656	0.6344
0.9946	0.0054
0.1507	0.8493
1.0000	0.0000
0.9322	0.0678
0.0651	0.9349
0.8029	0.1971
0.9991	0.0009
0.7207	0.2793
1.0000	0.0000
0.9998	0.0002
0.9235	0.0765
0.8966	0.1034
0.9430	0.0570
0.9945	0.0055
0.2748	0.7252
0.9997	0.0003
0.6648	0.3352
0.9992	0.0008
0.9879	0.0121
0.9654	0.0346
0.1167	0.8833
0.9997	0.0003
0.7819	0.2181
0.9917	0.0083
0.6276	0.3724
0.3432	0.6568
0.1653	0.8347
0.9946	0.0054
0.9845	0.0155
0.6229	0.3771
1.0000	0.0000
0.3138	0.6862
0.1727	0.8273
0.7532	0.2468
0.9605	0.0395
0.9951	0.0049
0.9885	0.0115
0.9771	0.0229
0.9995	0.0005
0.7354	0.2646
0.9994	0.0006
0.1948	0.8052
0.0832	0.9168
0.9998	0.0002
0.1023	0.8977
0.9737	0.0263
1.0000	0.0000
0.9718	0.0282
0.9993	0.0007
0.1652	0.8348
0.1555	0.8445
0.7177	0.2823
0.8022	0.1978
0.9584	0.0416
1.0000	0.0000
0.2912	0.7088
0.9575	0.0425
0.1538	0.8462
0.9564	0.0436
0.8204	0.1796
0.9434	0.0566
0.8911	0.1089
0.9969	0.0031
0.0472	0.9528
0.9739	0.0261
0.0664	0.9336
0.9955	0.0045
0.0927	0.9073
1.0000	0.0000
0.9284	0.0716
0.9930	0.0070
0.2329	0.7671
1.0000	0.0000
0.9577	0.0423
0.9999	0.0001
0.7805	0.2195
0.6625	0.3375
0.9994	0.0006
0.3888	0.6112
0.2622	0.7378
0.1295	0.8705
0.9370	0.0630
0.8270	0.1730
0.1804	0.8196
0.2491	0.7509
0.9708	0.0292
0.6069	0.3931
0.6115	0.3885
0.9544	0.0456
0.9747	0.0253
1.0000	0.0000
0.8413	0.1587
0.9990	0.0010
0.9997	0.0003
0.0346	0.9654
0.8021	0.1979
0.0546	0.9454
0.9866	0.0134
0.9350	0.0650
0.6994	0.3006
0.6204	0.3796
0.8550	0.1450
0.9984	0.0016
0.7284	0.2716
0.7433	0.2567
0.1774	0.8226
0.8149	0.1851
0.4385	0.5615
0.8434	0.1566
0.9282	0.0718
0.8618	0.1382
0.3538	0.6462
1.0000	0.0000
0.9466	0.0534
0.0456	0.9544
0.9776	0.0224
1.0000	0.0000
0.0861	0.9139
0.9996	0.0004
0.6523	0.3477
0.8386	0.1614
0.8582	0.1418
0.0872	0.9128
0.2129	0.7871
0.9943	0.0057
0.9877	0.0123
0.9314	0.0686
0.5903	0.4097
0.9992	0.0008
0.2790	0.7210
0.1219	0.8781
0.9561	0.0439
0.8469	0.1531
0.2217	0.7783
0.7820	0.2180
0.8165	0.1835
0.4992	0.5008
0.2167	0.7833
0.9943	0.0057
0.9891	0.0109
1.0000	0.0000
1.0000	0.0000
0.9988	0.0012
0.1146	0.8854
0.3054	0.6946
0.9806	0.0194
0.5668	0.4332
0.0951	0.9049
0.9245	0.0755
0.8169	0.1831
0.9770	0.0230
0.1923	0.8077
0.0797	0.9203
0.3526	0.6474
0.7826	0.2174
0.9784	0.0216
1.0000	0.0000
0.9954	0.0046
0.5668	0.4332
1.0000	0.0000
0.5144	0.4856
0.2081	0.7919
0.9795	0.0205
0.3129	0.6871
0.6820	0.3180
0.8178	0.1822
0.6778	0.3222
0.9250	0.0750
0.9721	0.0279
0.9955	0.0045
0.5656	0.4344
0.9189	0.0811
0.9999	0.0001
1.0000	0.0000
0.9889	0.0111
0.9825	0.0175
0.6407	0.3593
1.0000	0.0000
0.1209	0.8791
0.2590	0.7410
0.6086	0.3914
0.9488	0.0512
0.0777	0.9223
0.4342	0.5658
0.9996	0.0004
0.5449	0.4551
0.7967	0.2033
0.9999	0.0001
0.9996	0.0004
0.9692	0.0308
0.3255	0.6745
0.9968	0.0032
0.7677	0.2323
0.8469	0.1531
0.7802	0.2198
0.9935	0.0065
0.8865	0.1135
0.9997	0.0003
0.1981	0.8019
0.8011	0.1989
0.1620	0.8380
0.9920	0.0080
0.1214	0.8786
0.8234	0.1766
0.6938	0.3062
0.9818	0.0182
0.6745	0.3255
1.0000	0.0000
0.9081	0.0919
0.8943	0.1057
0.8534	0.1466
0.6542	0.3458
0.8291	0.1709
0.6641	0.3359
0.9851	0.0149
0.7232	0.2768
0.6289	0.3711
0.0112	0.9888
0.0718	0.9282
0.7428	0.2572
0.9993	0.0007
0.2745	0.7255
0.7219	0.2781
0.8773	0.1227
0.2919	0.7081
0.3339	0.6661
0.0295	0.9705
0.8990	0.1010
0.1676	0.8324
0.6363	0.3637
0.9985	0.0015
0.4393	0.5607
0.2434	0.7566
0.5421	0.4579
0.0001	0.9999
0.9666	0.0334
0.3643	0.6357
0.1668	0.8332
0.9289	0.0711
0.5561	0.4439
0.6749	0.3251
0.8545	0.1455
1.0000	0.0000
0.8571	0.1429
0.9992	0.0008
0.5162	0.4838
0.9968	0.0032
0.0065	0.9935
0.7617	0.2383
0.3925	0.6075
0.9924	0.0076
0.5977	0.4023
0.7880	0.2120
0.9983	0.0017
1.0000	0.0000
0.7800	0.2200
0.6890	0.3110
0.4262	0.5738
0.7909	0.2091
0.9999	0.0001
0.1221	0.8779
0.9208	0.0792
0.9651	0.0349
0.9819	0.0181
0.2909	0.7091
0.3361	0.6639
0.9705	0.0295
0.9795	0.0205
0.3813	0.6187
0.5522	0.4478
0.8957	0.1043
0.9104	0.0896
0.1851	0.8149
0.8270	0.1730
0.9508	0.0492
0.9996	0.0004
0.8823	0.1177
0.9717	0.0283
0.8376	0.1624
0.9874	0.0126
0.9176	0.0824
0.3992	0.6008
0.9415	0.0585
0.1665	0.8335
1.0000	0.0000
0.9994	0.0006
