0.9939	0.0061
0.8421	0.1579
0.9998	0.0002
0.9994	0.0006
1.0000	0.0000
0.9953	0.0047
0.9969	0.0031
0.9868	0.0132
0.3019	0.6981
0.8837	0.1163
0.3886	0.6114
0.1193	0.8807
1.0000	0.0000
0.9103	0.0897
0.1414	0.8586
0.6331	0.3669
0.9764	0.0236
0.9002	0.0998
1.0000	0.0000
1.0000	0.0000
0.8849	0.1151
0.6138	0.3862
0.2356	0.7644
0.9961	0.0039
0.0027	0.9973
0.4280	0.5720
0.4816	0.5184
0.9055	0.0945
0.9896	0.0104
1.0000	0.0000
0.9907	0.0093
1.0000	0.0000
0.7696	0.2304
0.3168	0.6832
0.8683	0.1317
1.0000	0.0000
0.9846	0.0154
1.0000	0.0000
0.7141	0.2859
0.8472	0.1528
0.7988	0.2012
0.9559	0.0441
0.7547	0.2453
0.9980	0.0020
0.9176	0.0824
0.5873	0.4127
0.9654	0.0346
0.9460	0.0540
0.1413	0.8587
0.5704	0.4296
0.7764	0.2236
0.7654	0.2346
0.7974	0.2026
1.0000	0.0000
0.2258	0.7742
0.9969	0.0031
0.5078	0.4922
0.9997	0.0003
0.9992	0.0008
0.9936	0.0064
0.4285	0.5715
0.7618	0.2382
0.9313	0.0687
1.0000	0.0000
0.8804	0.1196
0.9932	0.0068
0.5439	0.4561
0.7452	0.2548
0.9995	0.0005
0.6618	0.3382
0.8575	0.1425
1.0000	0.0000
0.9948	0.0052
0.9077	0.0923
0.5529	0.4471
0.9980	0.0020
0.9867	0.0133
0.8847	0.1153
0.9839	0.0161
0.5028	0.4972
0.4009	0.5991
0.9056	0.0944
0.3298	0.6702
0.9999	0.0001
0.5432	0.4568
0.1701	0.8299
0.9477	0.0523
0.9996	0.0004
0.2553	0.7447
0.9925	0.0075
0.2003	0.7997
0.9309	0.0691
0.8011	0.1989
0.8320	0.1680
1.0000	0.0000
0.9999	0.0001
0.1358	0.8642
0.0332	0.9668
0.9156	0.0844
0.9899	0.0101
0.3211	0.6789
0.5089	0.4911
0.9864	0.0136
0.9996	0.0004
0.7489	0.2511
0.8032	0.1968
0.0383	0.9617
0.9512	0.0488
0.5999	0.4001
0.5010	0.4990
0.9598	0.0402
0.9773	0.0227
0.9816	0.0184
0.8558	0.1442
0.9631	0.0369
0.2014	0.7986
0.3666	0.6334
0.6160	0.3840
0.0245	0.9755
0.9922	0.0078
0.9452	0.0548
0.9916	0.0084
0.4422	0.5578
0.9993	0.0007
0.4757	0.5243
0.9967	0.0033
0.9992	0.0008
0.8994	0.1006
0.9826	0.0174
0.8697	0.1303
0.3463	0.6537
0.9989	0.0011
0.9986	0.0014
0.9993	0.0007
0.9980	0.0020
0.7269	0.2731
0.9749	0.0251
0.2318	0.7682
0.7823	0.2177
0.4744	0.5256
0.9795	0.0205
0.9433	0.0567
0.3914	0.6086
0.8989	0.1011
0.9996	0.0004
0.5595	0.4405
0.9997	0.0003
0.9276	0.0724
0.6030	0.3970
0.9670	0.0330
0.9436	0.0564
0.8896	0.1104
0.9677	0.0323
0.9981	0.0019
0.8863	0.1137
0.9999	0.0001
0.9999	0.0001
0.8116	0.1884
0.7882	0.2118
0.7032	0.2968
0.0000	1.0000
0.4997	0.5003
1.0000	0.0000
0.9826	0.0174
0.9998	0.0002
0.9985	0.0015
0.9788	0.0212
0.8254	0.1746
0.1288	0.8712
0.9881	0.0119
0.7668	0.2332
0.7345	0.2655
0.9966	0.0034
0.9849	0.0151
0.9949	0.0051
1.0000	0.0000
0.5897	0.4103
0.9995	0.0005
0.3859	0.6141
0.9976	0.0024
0.9791	0.0209
0.4073	0.5927
0.8996	0.1004
0.9935	0.0065
0.7108	0.2892
0.0298	0.9702
0.9989	0.0011
0.8869	0.1131
0.9357	0.0643
0.9996	0.0004
0.9925	0.0075
0.4809	0.5191
0.9996	0.0004
0.8237	0.1763
0.9991	0.0009
0.9687	0.0313
0.9406	0.0594
0.0610	0.9390
1.0000	0.0000
0.8663	0.1337
0.9999	0.0001
0.0622	0.9378
0.2204	0.7796
0.2788	0.7212
0.9879	0.0121
0.8614	0.1386
0.7384	0.2616
1.0000	0.0000
0.4497	0.5503
0.1669	0.8331
0.9806	0.0194
0.6839	0.3161
0.9997	0.0003
0.9715	0.0285
0.9766	0.0234
0.5471	0.4529
0.8094	0.1906
0.9999	0.0001
0.3618	0.6382
0.2211	0.7789
1.0000	0.0000
0.2228	0.7772
0.9249	0.0751
0.9951	0.0049
0.8296	0.1704
0.9978	0.0022
0.5478	0.4522
0.4684	0.5316
0.9201	0.0799
0.5782	0.4218
0.7959	0.2041
0.9969	0.0031
0.3340	0.6660
0.9614	0.0386
0.6687	0.3313
0.9897	0.0103
0.9582	0.0418
0.8711	0.1289
0.9918	0.0082
0.9971	0.0029
0.1513	0.8487
0.9918	0.0082
0.1271	0.8729
0.9996	0.0004
0.1969	0.8031
1.0000	0.0000
0.8847	0.1153
0.9594	0.0406
0.4923	0.5077
0.9959	0.0041
0.8628	0.1372
1.0000	0.0000
0.9156	0.0844
0.5743	0.4257
0.9993	0.0007
0.8748	0.1252
0.5295	0.4705
0.0517	0.9483
0.9826	0.0174
0.8785	0.1215
0.5032	0.4968
0.2730	0.7270
0.9683	0.0317
0.7188	0.2812
0.6701	0.3299
0.9907	0.0093
0.9995	0.0005
0.9995	0.0005
0.9602	0.0398
1.0000	0.0000
0.9998	0.0002
0.1094	0.8906
0.4598	0.5402
0.0380	0.9620
0.9673	0.0327
0.9968	0.0032
0.6419	0.3581
0.9136	0.0864
0.8297	0.1703
0.9979	0.0021
0.8514	0.1486
0.7495	0.2505
0.3603	0.6397
0.8104	0.1896
0.3116	0.6884
0.9592	0.0408
0.8535	0.1465
0.9453	0.0547
0.3391	0.6609
0.9997	0.0003
0.8964	0.1036
0.6955	0.3045
0.9614	0.0386
1.0000	0.0000
0.2114	0.7886
1.0000	0.0000
0.9996	0.0004
0.7761	0.2239
0.9095	0.0905
0.2875	0.7125
0.2207	0.7793
0.9675	0.0325
0.9972	0.0028
0.9891	0.0109
0.8989	0.1011
0.9998	0.0002
0.7207	0.2793
0.4516	0.5484
0.9997	0.0003
0.8108	0.1892
0.6717	0.3283
0.9500	0.0500
0.9238	0.0762
0.5178	0.4822
0.3147	0.6853
0.9950	0.0050
0.9958	0.0042
0.7605	0.2395
0.9978	0.0022
1.0000	0.0000
0.3397	0.6603
0.5323	0.4677
0.9745	0.0255
0.7144	0.2856
0.0734	0.9266
0.9116	0.0884
0.9479	0.0521
0.8717	0.1283
0.5420	0.4580
0.1565	0.8435
0.5077	0.4923
0.7731	0.2269
0.9710	0.0290
0.9999	0.0001
0.9791	0.0209
0.8652	0.1348
1.0000	0.0000
0.5807	0.4193
0.7560	0.2440
0.8434	0.1566
0.5813	0.4187
0.8261	0.1739
0.8940	0.1060
0.2630	0.7370
0.9808	0.0192
0.9987	0.0013
0.9809	0.0191
0.8894	0.1106
0.4142	0.5858
0.9996	0.0004
1.0000	0.0000
0.8393	0.1607
0.8767	0.1233
0.6792	0.3208
0.9987	0.0013
0.5301	0.4699
0.8838	0.1162
0.6669	0.3331
0.9998	0.0002
0.0316	0.9684
0.1957	0.8043
0.9995	0.0005
0.8212	0.1788
0.7485	0.2515
0.9999	0.0001
0.9750	0.0250
0.9995	0.0005
0.6156	0.3844
0.9941	0.0059
0.4317	0.5683
0.0717	0.9283
0.6804	0.3196
0.9987	0.0013
0.9260	0.0740
0.9296	0.0704
0.5867	0.4133
0.7652	0.2348
0.3725	0.6275
0.9527	0.0473
0.3649	0.6351
0.6234	0.3766
0.9646	0.0354
0.9953	0.0047
0.8633	0.1367
1.0000	0.0000
0.8558	0.1442
0.9154	0.0846
0.6843	0.3157
0.8086	0.1914
0.9116	0.0884
0.7185	0.2815
0.9830	0.0170
0.7509	0.2491
0.8338	0.1662
0.0102	0.9898
0.0695	0.9305
0.7600	0.2400
0.9989	0.0011
0.6958	0.3042
0.8753	0.1247
0.5151	0.4849
0.9717	0.0283
0.4030	0.5970
0.0496	0.9504
0.9918	0.0082
0.1633	0.8367
0.7412	0.2588
0.9880	0.0120
0.2158	0.7842
0.4312	0.5688
0.6642	0.3358
0.9957	0.0043
0.9981	0.0019
0.2040	0.7960
0.0884	0.9116
0.7792	0.2208
0.6900	0.3100
0.7969	0.2031
0.8504	0.1496
1.0000	0.0000
0.9868	0.0132
0.9998	0.0002
0.5519	0.4481
0.9319	0.0681
0.0181	0.9819
0.8499	0.1501
0.4618	0.5382
0.9988	0.0012
0.3832	0.6168
0.9810	0.0190
0.9806	0.0194
0.9948	0.0052
0.7675	0.2325
0.6999	0.3001
0.9592	0.0408
0.9220	0.0780
1.0000	0.0000
0.3234	0.6766
0.9889	0.0111
0.9245	0.0755
0.9831	0.0169
0.3061	0.6939
0.3247	0.6753
0.9236	0.0764
0.9953	0.0047
0.8381	0.1619
0.5026	0.4974
0.9740	0.0260
0.9638	0.0362
0.5265	0.4735
0.9215	0.0785
0.9893	0.0107
1.0000	0.0000
0.9139	0.0861
0.9996	0.0004
0.7919	0.2081
0.9869	0.0131
0.8005	0.1995
0.6289	0.3711
0.9335	0.0665
0.3156	0.6844
0.9998	0.0002
0.9997	0.0003
