1.0000	0.0000
0.9659	0.0341
1.0000	0.0000
1.0000	0.0000
1.0000	0.0000
1.0000	0.0000
1.0000	0.0000
0.9998	0.0002
0.7988	0.2012
1.0000	0.0000
0.6269	0.3731
0.0001	0.9999
1.0000	0.0000
0.3271	0.6729
0.1985	0.8015
0.2720	0.7280
1.0000	0.0000
1.0000	0.0000
1.0000	0.0000
1.0000	0.0000
0.9983	0.0017
0.9997	0.0003
0.0000	1.0000
1.0000	0.0000
0.0000	1.0000
0.8882	0.1118
0.7874	0.2126
1.0000	0.0000
1.0000	0.0000
1.0000	0.0000
1.0000	0.0000
1.0000	0.0000
0.9876	0.0124
0.4602	0.5398
0.9998	0.0002
1.0000	0.0000
1.0000	0.0000
1.0000	0.0000
0.0070	0.9930
1.0000	0.0000
0.7520	0.2480
1.0000	0.0000
0.1910	0.8090
1.0000	0.0000
0.9994	0.0006
0.9980	0.0020
1.0000	0.0000
1.0000	0.0000
0.0296	0.9704
0.7364	0.2636
0.9601	0.0399
1.0000	0.0000
0.2420	0.7580
1.0000	0.0000
0.0000	1.0000
1.0000	0.0000
0.0000	1.0000
0.9994	0.0006
1.0000	0.0000
1.0000	0.0000
0.9999	0.0001
0.1914	0.8086
0.0113	0.9887
1.0000	0.0000
0.9895	0.0105
0.9998	0.0002
0.0007	0.9993
0.9897	0.0103
0.9992	0.0008
1.0000	0.0000
0.9996	0.0004
1.0000	0.0000
1.0000	0.0000
0.9993	0.0007
0.9538	0.0462
1.0000	0.0000
1.0000	0.0000
1.0000	0.0000
1.0000	0.0000
0.7110	0.2890
0.2352	0.7648
0.9995	0.0005
0.0407	0.9593
0.9868	0.0132
0.0046	0.9954
0.6786	0.3214
1.0000	0.0000
1.0000	0.0000
0.0000	1.0000
1.0000	0.0000
0.0002	0.9998
0.9999	0.0001
0.2046	0.7954
0.9272	0.0728
1.0000	0.0000
1.0000	0.0000
0.0320	0.9680
0.0000	1.0000
0.9790	0.0210
1.0000	0.0000
0.1267	0.8733
0.9161	0.0839
0.9992	0.0008
1.0000	0.0000
0.9903	0.0097
0.3936	0.6064
0.1948	0.8052
0.1124	0.8876
0.5006	0.4994
0.0008	0.9992
0.9999	0.0001
0.9968	0.0032
0.9999	0.0001
0.9998	0.0002
0.2013	0.7987
0.1546	0.8454
0.0004	0.9996
0.0129	0.9871
0.7736	0.2264
1.0000	0.0000
0.9984	0.0016
0.9979	0.0021
0.0002	0.9998
1.0000	0.0000
0.0484	0.9516
1.0000	0.0000
1.0000	0.0000
1.0000	0.0000
0.9940	0.0060
0.0005	0.9995
0.0000	1.0000
1.0000	0.0000
0.9593	0.0407
0.9792	0.0208
1.0000	0.0000
0.8960	0.1040
0.2050	0.7950
0.2503	0.7497
0.9905	0.0095
0.2010	0.7990
0.9976	0.0024
1.0000	0.0000
0.9902	0.0098
0.9981	0.0019
1.0000	0.0000
0.9198	0.0802
1.0000	0.0000
1.0000	0.0000
0.0191	0.9809
1.0000	0.0000
1.0000	0.0000
0.9997	0.0003
0.0791	0.9209
0.8360	0.1640
0.9999	0.0001
1.0000	0.0000
1.0000	0.0000
0.4555	0.5445
0.9921	0.0079
1.0000	0.0000
0.0002	0.9998
0.4722	0.5278
1.0000	0.0000
0.0000	1.0000
1.0000	0.0000
1.0000	0.0000
0.9979	0.0021
0.9783	0.0217
0.0004	0.9996
0.9993	0.0007
1.0000	0.0000
0.0643	0.9357
1.0000	0.0000
0.9999	0.0001
1.0000	0.0000
1.0000	0.0000
0.0005	0.9995
1.0000	0.0000
0.0596	0.9404
0.2285	0.7715
1.0000	0.0000
0.4279	0.5721
1.0000	0.0000
1.0000	0.0000
0.9999	0.0001
1.0000	0.0000
1.0000	0.0000
0.9998	0.0002
1.0000	0.0000
1.0000	0.0000
1.0000	0.0000
0.5270	0.4730
1.0000	0.0000
0.9949	0.0051
1.0000	0.0000
1.0000	0.0000
0.6383	0.3617
0.0000	1.0000
1.0000	0.0000
0.9999	0.0001
1.0000	0.0000
0.9998	0.0002
0.0656	0.9344
0.0052	0.9948
0.9967	0.0033
1.0000	0.0000
0.9528	0.0472
1.0000	0.0000
0.9966	0.0034
0.0000	1.0000
0.9976	0.0024
1.0000	0.0000
1.0000	0.0000
0.9999	0.0001
1.0000	0.0000
1.0000	0.0000
0.9755	0.0245
1.0000	0.0000
0.0895	0.9105
0.0001	0.9999
1.0000	0.0000
0.0005	0.9995
1.0000	0.0000
1.0000	0.0000
1.0000	0.0000
1.0000	0.0000
0.8844	0.1156
0.9598	0.0402
0.9997	0.0003
0.0096	0.9904
0.9967	0.0033
1.0000	0.0000
0.0012	0.9988
0.1467	0.8533
0.9859	0.0141
1.0000	0.0000
0.1314	0.8686
0.9978	0.0022
1.0000	0.0000
1.0000	0.0000
0.0016	0.9984
1.0000	0.0000
0.6753	0.3247
1.0000	0.0000
0.0339	0.9661
1.0000	0.0000
0.8985	0.1015
1.0000	0.0000
0.0332	0.9668
1.0000	0.0000
0.4822	0.5178
1.0000	0.0000
0.9999	0.0001
0.9517	0.0483
1.0000	0.0000
0.9719	0.0281
0.0731	0.9269
0.0087	0.9913
1.0000	0.0000
0.9996	0.0004
0.7407	0.2593
0.4516	0.5484
1.0000	0.0000
0.9946	0.0054
0.4401	0.5599
0.9999	0.0001
1.0000	0.0000
1.0000	0.0000
0.9413	0.0587
0.9965	0.0035
1.0000	0.0000
0.0000	1.0000
0.7767	0.2233
0.9462	0.0538
1.0000	0.0000
1.0000	0.0000
0.8778	0.1222
0.0453	0.9547
0.9091	0.0909
0.9922	0.0078
0.3429	0.6571
0.0757	0.9243
0.1067	0.8933
0.1545	0.8455
1.0000	0.0000
0.9579	0.0421
0.0719	0.9281
0.9989	0.0011
0.1085	0.8915
1.0000	0.0000
0.9999	0.0001
0.0043	0.9957
1.0000	0.0000
1.0000	0.0000
0.0013	0.9987
1.0000	0.0000
0.9999	0.0001
1.0000	0.0000
0.9994	0.0006
0.0001	0.9999
0.0116	0.9884
0.9987	0.0013
1.0000	0.0000
1.0000	0.0000
0.9997	0.0003
1.0000	0.0000
0.9474	0.0526
0.8071	0.1929
1.0000	0.0000
0.9658	0.0342
1.0000	0.0000
1.0000	0.0000
1.0000	0.0000
0.9999	0.0001
0.2625	0.7375
1.0000	0.0000
1.0000	0.0000
1.0000	0.0000
1.0000	0.0000
1.0000	0.0000
0.9998	0.0002
0.4118	0.5882
1.0000	0.0000
0.8765	0.1235
0.0316	0.9684
0.6147	0.3853
0.9996	0.0004
1.0000	0.0000
0.8281	0.1719
0.0000	1.0000
1.0000	0.0000
0.9984	0.0016
0.9945	0.0055
1.0000	0.0000
1.0000	0.0000
0.9785	0.0215
1.0000	0.0000
0.9986	0.0014
0.1876	0.8124
0.9997	0.0003
0.0104	0.9896
0.0202	0.9798
1.0000	0.0000
0.5389	0.4611
1.0000	0.0000
1.0000	0.0000
1.0000	0.0000
0.9997	0.0003
1.0000	0.0000
1.0000	0.0000
0.9998	0.0002
0.9963	0.0037
1.0000	0.0000
0.9964	0.0036
0.9999	0.0001
0.3250	0.6750
0.9942	0.0058
0.9761	0.0239
1.0000	0.0000
0.9960	0.0040
0.1199	0.8801
1.0000	0.0000
0.9942	0.0058
0.9645	0.0355
1.0000	0.0000
1.0000	0.0000
1.0000	0.0000
0.0000	1.0000
1.0000	0.0000
0.9010	0.0990
0.9881	0.0119
0.9513	0.0487
1.0000	0.0000
0.8807	0.1193
1.0000	0.0000
0.9037	0.0963
0.9620	0.0380
0.9273	0.0727
0.3249	0.6751
0.0095	0.9905
0.0000	1.0000
0.9644	0.0356
0.0005	0.9995
0.9256	0.0744
1.0000	0.0000
0.9870	0.0130
1.0000	0.0000
0.9843	0.0157
0.9997	0.0003
0.9973	0.0027
0.9880	0.0120
1.0000	0.0000
0.1402	0.8598
1.0000	0.0000
0.0063	0.9937
0.0000	1.0000
0.9993	0.0007
1.0000	0.0000
0.0576	0.9424
0.9998	0.0002
1.0000	0.0000
0.3678	0.6322
0.7904	0.2096
0.0024	0.9976
0.0000	1.0000
0.1574	0.8426
0.9754	0.0246
1.0000	0.0000
0.4212	0.5788
0.1851	0.8149
0.7547	0.2453
0.0981	0.9019
1.0000	0.0000
0.4488	0.5512
0.9936	0.0064
1.0000	0.0000
0.9527	0.0473
0.8000	0.2000
0.9926	0.0074
1.0000	0.0000
1.0000	0.0000
1.0000	0.0000
0.9959	0.0041
1.0000	0.0000
0.0000	1.0000
0.9997	0.0003
0.4673	0.5327
1.0000	0.0000
0.9913	0.0087
1.0000	0.0000
1.0000	0.0000
1.0000	0.0000
0.4872	0.5128
1.0000	0.0000
0.0937	0.9063
1.0000	0.0000
1.0000	0.0000
0.0000	1.0000
0.9999	0.0001
0.9999	0.0001
1.0000	0.0000
0.3500	0.6500
0.6742	0.3258
0.9003	0.0997
1.0000	0.0000
0.2878	0.7122
0.4769	0.5231
1.0000	0.0000
0.9990	0.0010
0.9782	0.0218
0.9943	0.0057
1.0000	0.0000
1.0000	0.0000
0.9995	0.0005
1.0000	0.0000
0.9542	0.0458
1.0000	0.0000
0.9912	0.0088
0.0060	0.9940
0.9976	0.0024
0.0019	0.9981
0.9856	0.0144
1.0000	0.0000
