0.9989	0.0011
0.9265	0.0735
0.1243	0.8757
0.4565	0.5435
0.9990	0.0010
0.5310	0.4690
0.6618	0.3382
0.8578	0.1422
1.0000	0.0000
0.9564	0.0436
0.8117	0.1883
0.9997	0.0003
1.0000	0.0000
0.7263	0.2737
0.8313	0.1687
0.9533	0.0467
0.9375	0.0625
1.0000	0.0000
1.0000	0.0000
1.0000	0.0000
1.0000	0.0000
1.0000	0.0000
1.0000	0.0000
0.9999	0.0001
0.1438	0.8562
1.0000	0.0000
0.9851	0.0149
0.9976	0.0024
0.8569	0.1431
0.9773	0.0227
0.9900	0.0100
0.9964	0.0036
0.9824	0.0176
0.9994	0.0006
0.9446	0.0554
0.9948	0.0052
0.9998	0.0002
0.2956	0.7044
1.0000	0.0000
1.0000	0.0000
0.9424	0.0576
0.8189	0.1811
0.9998	0.0002
0.9266	0.0734
0.9925	0.0075
0.9811	0.0189
0.3726	0.6274
0.9241	0.0759
0.9997	0.0003
0.9830	0.0170
0.9889	0.0111
0.2076	0.7924
0.2925	0.7075
0.9753	0.0247
0.9928	0.0072
0.9967	0.0033
0.9998	0.0002
1.0000	0.0000
0.9076	0.0924
0.4915	0.5085
0.9990	0.0010
0.9964	0.0036
0.0403	0.9597
0.9075	0.0925
1.0000	0.0000
0.9641	0.0359
0.9244	0.0756
1.0000	0.0000
0.8894	0.1106
0.0003	0.9997
0.9998	0.0002
0.9978	0.0022
0.0120	0.9880
1.0000	0.0000
0.9336	0.0664
0.9184	0.0816
0.9413	0.0587
0.9939	0.0061
1.0000	0.0000
0.1606	0.8394
0.7826	0.2174
0.1651	0.8349
0.6947	0.3053
0.6684	0.3316
1.0000	0.0000
1.0000	0.0000
0.9848	0.0152
1.0000	0.0000
0.8123	0.1877
1.0000	0.0000
1.0000	0.0000
0.8987	0.1013
0.9999	0.0001
0.8876	0.1124
0.9997	0.0003
0.0174	0.9826
0.8628	0.1372
0.2582	0.7418
0.9998	0.0002
0.0170	0.9830
0.0452	0.9548
0.8434	0.1566
1.0000	0.0000
1.0000	0.0000
0.9811	0.0189
1.0000	0.0000
0.9998	0.0002
1.0000	0.0000
1.0000	0.0000
0.2628	0.7372
0.9088	0.0912
0.9422	0.0578
1.0000	0.0000
0.9999	0.0001
0.5756	0.4244
0.9479	0.0521
0.7841	0.2159
0.9998	0.0002
0.9878	0.0122
1.0000	0.0000
1.0000	0.0000
0.9996	0.0004
0.9594	0.0406
0.3632	0.6368
0.9979	0.0021
0.4134	0.5866
0.8522	0.1478
0.8971	0.1029
1.0000	0.0000
0.9998	0.0002
0.9738	0.0262
0.9946	0.0054
0.9209	0.0791
1.0000	0.0000
0.0006	0.9994
0.9629	0.0371
0.9630	0.0370
0.0022	0.9978
0.9804	0.0196
0.9756	0.0244
0.9943	0.0057
1.0000	0.0000
0.6250	0.3750
0.9888	0.0112
0.9295	0.0705
0.9964	0.0036
0.8604	0.1396
0.1513	0.8487
0.3927	0.6073
0.8171	0.1829
0.9997	0.0003
1.0000	0.0000
0.9612	0.0388
0.0418	0.9582
0.0564	0.9436
0.9455	0.0545
0.9415	0.0585
1.0000	0.0000
0.9851	0.0149
0.9999	0.0001
0.9995	0.0005
0.1625	0.8375
0.9975	0.0025
1.0000	0.0000
0.9735	0.0265
0.6976	0.3024
0.6658	0.3342
1.0000	0.0000
1.0000	0.0000
0.9990	0.0010
0.3837	0.6163
1.0000	0.0000
0.9986	0.0014
0.2493	0.7507
0.9868	0.0132
0.6128	0.3872
0.9979	0.0021
0.3975	0.6025
0.7910	0.2090
0.6154	0.3846
0.9805	0.0195
1.0000	0.0000
0.9992	0.0008
1.0000	0.0000
0.9642	0.0358
0.9996	0.0004
0.1599	0.8401
0.9518	0.0482
0.9999	0.0001
0.9755	0.0245
1.0000	0.0000
0.9951	0.0049
0.9693	0.0307
1.0000	0.0000
1.0000	0.0000
0.9688	0.0312
1.0000	0.0000
1.0000	0.0000
0.5788	0.4212
0.9204	0.0796
0.2339	0.7661
0.9999	0.0001
0.4274	0.5726
0.0014	0.9986
1.0000	0.0000
0.6351	0.3649
0.9920	0.0080
1.0000	0.0000
0.9939	0.0061
0.9654	0.0346
0.9862	0.0138
0.6722	0.3278
0.9962	0.0038
0.8325	0.1675
0.6456	0.3544
0.3343	0.6657
0.9656	0.0344
0.9948	0.0052
0.1388	0.8612
0.8619	0.1381
0.9999	0.0001
0.0000	1.0000
1.0000	0.0000
0.9998	0.0002
0.7808	0.2192
0.9999	0.0001
0.9253	0.0747
0.1840	0.8160
0.9920	0.0080
1.0000	0.0000
0.0955	0.9045
0.8473	0.1527
1.0000	0.0000
0.7890	0.2110
0.4461	0.5539
0.9496	0.0504
1.0000	0.0000
0.9547	0.0453
0.9991	0.0009
0.1554	0.8446
1.0000	0.0000
0.9967	0.0033
0.9797	0.0203
0.9968	0.0032
1.0000	0.0000
0.7277	0.2723
0.9967	0.0033
0.0001	0.9999
0.2400	0.7600
0.9884	0.0116
1.0000	0.0000
0.8489	0.1511
0.9537	0.0463
0.9280	0.0720
0.9793	0.0207
0.9924	0.0076
1.0000	0.0000
0.0086	0.9914
1.0000	0.0000
1.0000	0.0000
1.0000	0.0000
0.1876	0.8124
1.0000	0.0000
0.3796	0.6204
1.0000	0.0000
1.0000	0.0000
1.0000	0.0000
0.8979	0.1021
0.9724	0.0276
1.0000	0.0000
0.9943	0.0057
0.9953	0.0047
0.9623	0.0377
0.9987	0.0013
0.9999	0.0001
0.0667	0.9333
0.0021	0.9979
1.0000	0.0000
1.0000	0.0000
1.0000	0.0000
0.9824	0.0176
0.9386	0.0614
0.9981	0.0019
0.9998	0.0002
0.9095	0.0905
0.1139	0.8861
1.0000	0.0000
0.9997	0.0003
0.1158	0.8842
0.9430	0.0570
0.9223	0.0777
0.0908	0.9092
0.9999	0.0001
1.0000	0.0000
0.9993	0.0007
0.0604	0.9396
0.6425	0.3575
0.9789	0.0211
0.2531	0.7469
0.9517	0.0483
0.3246	0.6754
0.9694	0.0306
0.9084	0.0916
0.9915	0.0085
0.9937	0.0063
0.9821	0.0179
0.8415	0.1585
1.0000	0.0000
0.0125	0.9875
0.9748	0.0252
0.9997	0.0003
1.0000	0.0000
1.0000	0.0000
0.9918	0.0082
0.3769	0.6231
0.9690	0.0310
1.0000	0.0000
1.0000	0.0000
1.0000	0.0000
0.9085	0.0915
1.0000	0.0000
0.5258	0.4742
0.9926	0.0074
0.9981	0.0019
0.8964	0.1036
0.1049	0.8951
0.9999	0.0001
0.2007	0.7993
0.1104	0.8896
1.0000	0.0000
0.7998	0.2002
1.0000	0.0000
0.9990	0.0010
0.9964	0.0036
0.0169	0.9831
1.0000	0.0000
0.9878	0.0122
0.9564	0.0436
0.9994	0.0006
0.8750	0.1250
1.0000	0.0000
0.0001	0.9999
0.9971	0.0029
0.9439	0.0561
0.9740	0.0260
1.0000	0.0000
0.9798	0.0202
0.9999	0.0001
0.5628	0.4372
0.9844	0.0156
1.0000	0.0000
1.0000	0.0000
0.0228	0.9772
0.9996	0.0004
0.6606	0.3394
0.2246	0.7754
0.3229	0.6771
1.0000	0.0000
0.9975	0.0025
1.0000	0.0000
0.9752	0.0248
0.9999	0.0001
0.9926	0.0074
0.1973	0.8027
0.9960	0.0040
1.0000	0.0000
0.2499	0.7501
0.9971	0.0029
0.9991	0.0009
0.9976	0.0024
1.0000	0.0000
0.9993	0.0007
0.0010	0.9990
0.5722	0.4278
1.0000	0.0000
0.9564	0.0436
1.0000	0.0000
0.9952	0.0048
0.9999	0.0001
1.0000	0.0000
1.0000	0.0000
0.9674	0.0326
0.9998	0.0002
0.9881	0.0119
0.9765	0.0235
0.9996	0.0004
1.0000	0.0000
1.0000	0.0000
0.9966	0.0034
0.9516	0.0484
0.1029	0.8971
0.0013	0.9987
0.9999	0.0001
0.9953	0.0047
0.9980	0.0020
0.2974	0.7026
1.0000	0.0000
0.7693	0.2307
0.9995	0.0005
0.6546	0.3454
0.4054	0.5946
0.9817	0.0183
0.6835	0.3165
1.0000	0.0000
1.0000	0.0000
0.9997	0.0003
0.9984	0.0016
1.0000	0.0000
0.4718	0.5282
0.0624	0.9376
0.2460	0.7540
0.9920	0.0080
0.6989	0.3011
0.9233	0.0767
1.0000	0.0000
0.9918	0.0082
0.9353	0.0647
0.9974	0.0026
0.9984	0.0016
0.2136	0.7864
0.1042	0.8958
1.0000	0.0000
0.9992	0.0008
0.0007	0.9993
0.0722	0.9278
1.0000	0.0000
0.9566	0.0434
0.9990	0.0010
0.9950	0.0050
0.6374	0.3626
1.0000	0.0000
0.5064	0.4936
0.9725	0.0275
0.9978	0.0022
0.9999	0.0001
1.0000	0.0000
0.6471	0.3529
0.9998	0.0002
0.0133	0.9867
0.6282	0.3718
0.9263	0.0737
0.9955	0.0045
0.9676	0.0324
0.1612	0.8388
0.9991	0.0009
0.9388	0.0612
0.8417	0.1583
0.9999	0.0001
0.0124	0.9876
0.0753	0.9247
0.9999	0.0001
0.2953	0.7047
1.0000	0.0000
1.0000	0.0000
0.9995	0.0005
0.2979	0.7021
1.0000	0.0000
0.9585	0.0415
0.8314	0.1686
1.0000	0.0000
0.9782	0.0218
0.8940	0.1060
1.0000	0.0000
