0.9998	0.0002
0.6039	0.3961
0.9999	0.0001
0.5902	0.4098
0.9980	0.0020
0.1003	0.8997
0.2506	0.7494
0.2787	0.7213
1.0000	0.0000
0.9104	0.0896
0.8592	0.1408
0.9952	0.0048
0.9999	0.0001
0.7255	0.2745
0.8657	0.1343
0.5040	0.4960
0.5529	0.4471
1.0000	0.0000
1.0000	0.0000
0.9994	0.0006
0.9974	0.0026
1.0000	0.0000
0.9959	0.0041
0.9967	0.0033
0.4136	0.5864
1.0000	0.0000
0.9902	0.0098
0.9962	0.0038
0.5885	0.4115
0.8750	0.1250
0.6137	0.3863
0.9983	0.0017
0.5703	0.4297
1.0000	0.0000
0.8973	0.1027
0.6935	0.3065
0.9999	0.0001
0.9331	0.0669
0.9993	0.0007
0.9959	0.0041
0.4475	0.5525
0.2173	0.7827
0.9974	0.0026
0.7176	0.2824
0.9950	0.0050
0.5224	0.4776
0.0779	0.9221
0.9086	0.0914
0.9992	0.0008
0.1714	0.8286
0.9250	0.0750
0.2720	0.7280
0.2005	0.7995
1.0000	0.0000
0.9936	0.0064
0.9633	0.0367
0.9995	0.0005
0.5915	0.4085
0.9879	0.0121
0.0289	0.9711
0.9969	0.0031
0.6665	0.3335
0.0481	0.9519
0.9732	0.0268
0.0257	0.9743
0.7826	0.2174
0.3243	0.6757
1.0000	0.0000
0.5258	0.4742
0.0046	0.9954
0.9999	0.0001
0.8040	0.1960
0.2193	0.7807
0.8917	0.1083
0.8754	0.1246
0.9416	0.0584
0.9970	0.0030
0.9999	0.0001
1.0000	0.0000
0.0203	0.9797
0.9821	0.0179
0.7188	0.2812
0.2707	0.7293
0.6912	0.3088
1.0000	0.0000
1.0000	0.0000
0.9029	0.0971
1.0000	0.0000
0.9343	0.0657
1.0000	0.0000
1.0000	0.0000
0.8147	0.1853
0.9999	0.0001
0.8776	0.1224
0.7106	0.2894
0.0059	0.9941
0.6856	0.3144
0.4932	0.5068
0.9994	0.0006
0.0040	0.9960
0.0195	0.9805
0.9850	0.0150
1.0000	0.0000
1.0000	0.0000
0.9490	0.0510
0.9951	0.0049
0.9827	0.0173
1.0000	0.0000
1.0000	0.0000
0.0458	0.9542
0.6726	0.3274
0.9960	0.0040
0.9725	0.0275
0.9911	0.0089
0.9998	0.0002
0.7430	0.2570
0.9621	0.0379
0.9998	0.0002
0.9661	0.0339
1.0000	0.0000
1.0000	0.0000
0.9961	0.0039
1.0000	0.0000
0.0036	0.9964
1.0000	0.0000
0.6196	0.3804
0.7195	0.2805
0.9414	0.0586
1.0000	0.0000
1.0000	0.0000
0.5371	0.4629
0.9876	0.0124
0.9981	0.0019
1.0000	0.0000
0.0000	1.0000
0.9953	0.0047
0.6872	0.3128
0.9966	0.0034
0.7915	0.2085
0.5206	0.4794
0.9998	0.0002
1.0000	0.0000
0.2493	0.7507
0.9601	0.0399
0.9979	0.0021
1.0000	0.0000
0.3066	0.6934
0.0954	0.9046
0.0087	0.9913
0.9992	0.0008
0.9994	0.0006
0.9964	0.0036
0.9949	0.0051
0.0330	0.9670
1.0000	0.0000
0.0760	0.9240
0.9933	0.0067
0.9997	0.0003
0.9878	0.0122
1.0000	0.0000
0.9928	0.0072
0.2391	0.7609
1.0000	0.0000
1.0000	0.0000
0.9603	0.0397
0.6573	0.3427
0.6921	0.3079
0.9980	0.0020
1.0000	0.0000
1.0000	0.0000
0.7266	0.2734
1.0000	0.0000
1.0000	0.0000
0.6659	0.3341
0.8581	0.1419
0.7389	0.2611
0.9969	0.0031
0.0200	0.9800
0.6152	0.3848
0.0249	0.9751
0.9910	0.0090
0.9996	0.0004
0.9966	0.0034
1.0000	0.0000
0.9955	0.0045
1.0000	0.0000
0.1739	0.8261
0.9381	0.0619
0.9991	0.0009
0.9971	0.0029
1.0000	0.0000
0.9382	0.0618
0.7463	0.2537
1.0000	0.0000
0.9994	0.0006
0.9980	0.0020
0.9453	0.0547
0.9969	0.0031
0.0904	0.9096
0.4891	0.5109
0.0181	0.9819
0.9867	0.0133
0.8499	0.1501
0.0000	1.0000
1.0000	0.0000
0.9688	0.0312
0.9807	0.0193
0.9125	0.0875
0.9838	0.0162
0.9998	0.0002
0.8256	0.1744
0.1871	0.8129
0.9949	0.0051
0.9912	0.0088
0.9628	0.0372
0.0109	0.9891
0.0929	0.9071
0.8647	0.1353
0.3517	0.6483
0.2017	0.7983
1.0000	0.0000
0.0003	0.9997
1.0000	0.0000
0.9991	0.0009
0.4469	0.5531
0.9999	0.0001
0.5275	0.4725
0.9995	0.0005
0.9256	0.0744
0.9999	0.0001
0.0014	0.9986
0.9962	0.0038
1.0000	0.0000
0.4202	0.5798
0.8075	0.1925
1.0000	0.0000
1.0000	0.0000
0.9278	0.0722
0.9645	0.0355
0.6766	0.3234
0.9858	0.0142
0.9998	0.0002
0.6368	0.3632
0.7972	0.2028
1.0000	0.0000
0.5784	0.4216
0.5139	0.4861
0.9359	0.0641
0.0410	0.9590
0.3655	0.6345
0.9999	0.0001
1.0000	0.0000
0.0647	0.9353
0.8780	0.1220
0.9018	0.0982
1.0000	0.0000
1.0000	0.0000
0.0021	0.9979
1.0000	0.0000
0.9532	0.0468
1.0000	0.0000
0.0380	0.9620
1.0000	0.0000
0.6419	0.3581
1.0000	0.0000
1.0000	0.0000
1.0000	0.0000
0.0355	0.9645
0.5260	0.4740
0.9879	0.0121
1.0000	0.0000
0.8349	0.1651
0.6258	0.3742
0.9982	0.0018
0.9924	0.0076
0.1504	0.8496
0.0000	1.0000
0.9998	0.0002
0.9990	0.0010
1.0000	0.0000
0.9478	0.0522
0.9996	0.0004
0.9541	0.0459
0.9970	0.0030
0.5417	0.4583
0.1566	0.8434
1.0000	0.0000
0.9989	0.0011
0.1010	0.8990
1.0000	0.0000
0.9915	0.0085
0.3765	0.6235
0.9844	0.0156
0.9999	0.0001
0.9968	0.0032
0.6237	0.3763
0.1117	0.8883
0.7311	0.2689
0.5012	0.4988
0.2599	0.7401
0.7742	0.2258
0.9935	0.0065
0.3118	0.6882
0.4179	0.5821
1.0000	0.0000
0.9895	0.0105
0.0333	0.9667
1.0000	0.0000
0.3987	0.6013
0.4273	0.5727
0.9995	0.0005
0.9616	0.0384
1.0000	0.0000
0.6316	0.3684
0.2406	0.7594
0.7849	0.2151
0.9999	0.0001
1.0000	0.0000
1.0000	0.0000
0.3673	0.6327
1.0000	0.0000
0.4518	0.5482
0.9465	0.0535
0.9637	0.0363
0.9639	0.0361
0.3875	0.6125
1.0000	0.0000
0.0247	0.9753
0.4046	0.5954
1.0000	0.0000
0.9841	0.0159
1.0000	0.0000
1.0000	0.0000
0.9571	0.0429
0.0022	0.9978
1.0000	0.0000
0.9544	0.0456
0.8577	0.1423
0.0797	0.9203
0.3723	0.6277
1.0000	0.0000
0.0622	0.9378
0.2852	0.7148
0.7982	0.2018
0.8235	0.1765
1.0000	0.0000
0.9267	0.0733
0.9999	0.0001
0.9894	0.0106
0.3220	0.6780
0.9998	0.0002
0.9991	0.0009
0.0169	0.9831
0.9995	0.0005
0.4202	0.5798
0.0703	0.9297
0.0641	0.9359
1.0000	0.0000
1.0000	0.0000
0.9988	0.0012
0.0269	0.9731
0.9999	0.0001
0.9149	0.0851
0.5361	0.4639
0.4200	0.5800
0.9961	0.0039
0.2642	0.7358
0.9999	0.0001
0.9797	0.0203
0.8700	0.1300
1.0000	0.0000
1.0000	0.0000
0.0413	0.9587
0.2601	0.7399
1.0000	0.0000
1.0000	0.0000
1.0000	0.0000
0.9946	0.0054
1.0000	0.0000
0.9999	0.0001
1.0000	0.0000
0.6260	0.3740
0.9917	0.0083
0.9574	0.0426
0.7725	0.2275
0.9996	0.0004
0.9996	0.0004
1.0000	0.0000
0.9983	0.0017
0.9841	0.0159
0.2095	0.7905
0.1487	0.8513
0.9798	0.0202
0.9998	0.0002
0.9854	0.0146
0.2820	0.7180
1.0000	0.0000
0.2941	0.7059
0.9992	0.0008
0.5875	0.4125
0.9902	0.0098
0.8002	0.1998
0.0468	0.9532
0.9888	0.0112
1.0000	0.0000
1.0000	0.0000
0.9054	0.0946
1.0000	0.0000
0.9494	0.0506
1.0000	0.0000
0.0059	0.9941
1.0000	0.0000
0.1576	0.8424
0.9147	0.0853
1.0000	0.0000
0.8080	0.1920
0.8430	0.1570
1.0000	0.0000
0.6202	0.3798
0.1034	0.8966
0.0151	0.9849
1.0000	0.0000
0.9986	0.0014
0.9995	0.0005
0.5722	0.4278
1.0000	0.0000
0.9753	0.0247
0.8581	0.1419
0.9932	0.0068
0.3993	0.6007
1.0000	0.0000
0.2356	0.7644
0.9898	0.0102
0.9783	0.0217
0.9999	0.0001
1.0000	0.0000
0.2335	0.7665
0.9999	0.0001
0.0054	0.9946
0.5168	0.4832
0.8924	0.1076
0.8635	0.1365
1.0000	0.0000
0.0039	0.9961
0.9999	0.0001
0.8294	0.1706
0.3359	0.6641
1.0000	0.0000
0.0471	0.9529
0.0897	0.9103
0.9915	0.0085
0.6345	0.3655
1.0000	0.0000
0.9999	0.0001
0.9946	0.0054
0.6170	0.3830
1.0000	0.0000
0.9856	0.0144
0.9076	0.0924
0.9991	0.0009
0.3391	0.6609
0.0490	0.9510
0.9992	0.0008
