0.9579	0.0421
0.6797	0.3203
0.1433	0.8567
0.9414	0.0586
0.9273	0.0727
0.3933	0.6067
0.4124	0.5876
0.1413	0.8587
0.9961	0.0039
0.9215	0.0785
0.6839	0.3161
0.8435	0.1565
0.9815	0.0185
0.9264	0.0736
0.4133	0.5867
0.7615	0.2385
0.9327	0.0673
0.9987	0.0013
0.9812	0.0188
0.9947	0.0053
0.9458	0.0542
0.9657	0.0343
0.9968	0.0032
0.9700	0.0300
0.6386	0.3614
1.0000	0.0000
0.8941	0.1059
0.9994	0.0006
0.4587	0.5413
0.8964	0.1036
0.7836	0.2164
0.9865	0.0135
0.8408	0.1592
0.8539	0.1461
0.3852	0.6148
0.9975	0.0025
0.9895	0.0105
0.4477	0.5523
0.9799	0.0201
0.9205	0.0795
0.3765	0.6235
0.5176	0.4824
0.7042	0.2958
0.5612	0.4388
0.8992	0.1008
0.9193	0.0807
0.0219	0.9781
0.4084	0.5916
0.8886	0.1114
0.8659	0.1341
0.7881	0.2119
0.2969	0.7031
0.3910	0.6090
0.9851	0.0149
0.8367	0.1633
0.9401	0.0599
0.9826	0.0174
0.8137	0.1863
0.8655	0.1345
0.2508	0.7492
0.9860	0.0140
0.8658	0.1342
0.2557	0.7443
0.6520	0.3480
0.4809	0.5191
0.9999	0.0001
0.5767	0.4233
0.9992	0.0008
0.1012	0.8988
0.0330	0.9670
0.9963	0.0037
0.9060	0.0940
0.0815	0.9185
0.6280	0.3720
0.5963	0.4037
0.9454	0.0546
0.8882	0.1118
0.9914	0.0086
1.0000	0.0000
0.1746	0.8254
0.3253	0.6747
0.2113	0.7887
0.3757	0.6243
0.6158	0.3842
0.9999	0.0001
1.0000	0.0000
0.7927	0.2073
1.0000	0.0000
0.1102	0.8898
0.9998	0.0002
1.0000	0.0000
0.8832	0.1168
0.9628	0.0372
0.8537	0.1463
0.9240	0.0760
0.0120	0.9880
0.9703	0.0297
0.5061	0.4939
0.9498	0.0502
0.4546	0.5454
0.2936	0.7064
0.2135	0.7865
0.9855	0.0145
1.0000	0.0000
0.8348	0.1652
0.9951	0.0049
0.6008	0.3992
0.9999	0.0001
0.9974	0.0026
0.3925	0.6075
0.5354	0.4646
0.5187	0.4813
0.6014	0.3986
0.9802	0.0198
0.9744	0.0256
0.2325	0.7675
0.8386	0.1614
0.9230	0.0770
0.7377	0.2623
0.9730	0.0270
0.8952	0.1048
0.8692	0.1308
0.1500	0.8500
0.0066	0.9934
0.7956	0.2044
0.4786	0.5214
0.8150	0.1850
0.7424	0.2576
0.0003	0.9997
0.9812	0.0188
0.6536	0.3464
0.8073	0.1927
0.9396	0.0604
0.9905	0.0095
0.0004	0.9996
0.9870	0.0130
0.8990	0.1010
0.1818	0.8182
0.9344	0.0656
0.4790	0.5210
0.6968	0.3032
0.9979	0.0021
0.5574	0.4426
0.5780	0.4220
0.9763	0.0237
0.9998	0.0002
0.6406	0.3594
0.4841	0.5159
0.1218	0.8782
0.6677	0.3323
0.9659	0.0341
0.9405	0.0595
0.8742	0.1258
0.0610	0.9390
0.8456	0.1544
0.8023	0.1977
0.8467	0.1533
0.9743	0.0257
0.9458	0.0542
1.0000	0.0000
0.9361	0.0639
0.1871	0.8129
0.7979	0.2021
1.0000	0.0000
0.5931	0.4069
0.8764	0.1236
0.4522	0.5478
0.9891	0.0109
1.0000	0.0000
0.9871	0.0129
0.3497	0.6503
0.9335	0.0665
0.9998	0.0002
0.4811	0.5189
0.4182	0.5818
0.5098	0.4902
0.9033	0.0967
0.3725	0.6275
0.5124	0.4876
0.0000	1.0000
0.8442	0.1558
0.9804	0.0196
0.9306	0.0694
0.9717	0.0283
0.8594	0.1406
0.9636	0.0364
0.1968	0.8032
0.9467	0.0533
0.9338	0.0662
0.9787	0.0213
1.0000	0.0000
0.9626	0.0374
0.6429	0.3571
0.9740	0.0260
0.9996	0.0004
0.9172	0.0828
0.8744	0.1256
0.9742	0.0258
0.4156	0.5844
0.4044	0.5956
0.0957	0.9043
0.9050	0.0950
0.9082	0.0918
0.0036	0.9964
1.0000	0.0000
0.7966	0.2034
0.7061	0.2939
0.9370	0.0630
0.9600	0.0400
0.8411	0.1589
0.7475	0.2525
0.1819	0.8181
0.9544	0.0456
0.8055	0.1945
0.0398	0.9602
0.5390	0.4610
0.7743	0.2257
0.7675	0.2325
0.1059	0.8941
0.2345	0.7655
0.9752	0.0248
1.0000	0.0000
0.9999	0.0001
0.9034	0.0966
0.7146	0.2854
0.9976	0.0024
0.9899	0.0101
0.7155	0.2845
0.5510	0.4490
0.9833	0.0167
0.0840	0.9160
0.3371	0.6629
0.9983	0.0017
0.5735	0.4265
0.4240	0.5760
0.9413	0.0587
0.9775	0.0225
0.3964	0.6036
0.6426	0.3574
0.7539	0.2461
0.9822	0.0178
0.6862	0.3138
0.7573	0.2427
0.5948	0.4052
1.0000	0.0000
0.6639	0.3361
0.5178	0.4822
0.4959	0.5041
0.4458	0.5542
0.7812	0.2188
0.9996	0.0004
0.6804	0.3196
0.7646	0.2354
0.9038	0.0962
0.4259	0.5741
0.9942	0.0058
0.9993	0.0007
0.0440	0.9560
1.0000	0.0000
0.9985	0.0015
1.0000	0.0000
0.2490	0.7510
1.0000	0.0000
0.4424	0.5576
1.0000	0.0000
1.0000	0.0000
0.9551	0.0449
0.2455	0.7545
0.9685	0.0315
0.3827	0.6173
0.9999	0.0001
0.8595	0.1405
0.3910	0.6090
0.9973	0.0027
0.9886	0.0114
0.1701	0.8299
0.0009	0.9991
0.9782	0.0218
0.9983	0.0017
1.0000	0.0000
0.4022	0.5978
0.9668	0.0332
0.7549	0.2451
0.9886	0.0114
0.8772	0.1228
0.7128	0.2872
0.9999	0.0001
0.8034	0.1966
0.3149	0.6851
1.0000	0.0000
0.8479	0.1521
0.6116	0.3884
0.9558	0.0442
0.9976	0.0024
0.8980	0.1020
0.4988	0.5012
0.4748	0.5252
0.5433	0.4567
0.1040	0.8960
0.3341	0.6659
0.4338	0.5662
0.8720	0.1280
0.3699	0.6301
0.6040	0.3960
0.9998	0.0002
0.9102	0.0898
0.4733	0.5267
0.9433	0.0567
0.9160	0.0840
0.6510	0.3490
0.6027	0.3973
0.9049	0.0951
1.0000	0.0000
0.6094	0.3906
0.6608	0.3392
0.2364	0.7636
0.9995	0.0005
1.0000	0.0000
1.0000	0.0000
0.7221	0.2779
0.9953	0.0047
0.2435	0.7565
0.6716	0.3284
0.7881	0.2119
0.7100	0.2900
0.0366	0.9634
1.0000	0.0000
0.3312	0.6688
0.4608	0.5392
0.9992	0.0008
0.9937	0.0063
1.0000	0.0000
0.8934	0.1066
0.8149	0.1851
0.1249	0.8751
1.0000	0.0000
0.8431	0.1569
0.5992	0.4008
0.8841	0.1159
0.4336	0.5664
1.0000	0.0000
0.2744	0.7256
0.9258	0.0742
0.2389	0.7611
0.8693	0.1307
0.9996	0.0004
0.9240	0.0760
0.9874	0.0126
0.6414	0.3586
0.3391	0.6609
0.9923	0.0077
0.9714	0.0286
0.1436	0.8564
0.9217	0.0783
0.7976	0.2024
0.1330	0.8670
0.7179	0.2821
1.0000	0.0000
0.9992	0.0008
1.0000	0.0000
0.8270	0.1730
0.9335	0.0665
0.9107	0.0893
0.0560	0.9440
0.9409	0.0591
0.8807	0.1193
0.4124	0.5876
0.8465	0.1535
0.9339	0.0661
0.9573	0.0427
0.9998	0.0002
1.0000	0.0000
0.9796	0.0204
0.3490	0.6510
1.0000	0.0000
0.7545	0.2455
0.9669	0.0331
0.7519	0.2481
1.0000	0.0000
0.9704	0.0296
0.9998	0.0002
0.8273	0.1727
0.9006	0.0994
0.5447	0.4553
0.3449	0.6551
0.9930	0.0070
0.9987	0.0013
0.9991	0.0009
0.8029	0.1971
0.8309	0.1691
0.2239	0.7761
0.8841	0.1159
0.9366	0.0634
0.9993	0.0007
0.9647	0.0353
0.4177	0.5823
0.9967	0.0033
0.5626	0.4374
0.9528	0.0472
0.5155	0.4845
0.2782	0.7218
0.5921	0.4079
0.4818	0.5182
0.9947	0.0053
0.9701	0.0299
1.0000	0.0000
0.9632	0.0368
0.9676	0.0324
0.6163	0.3837
1.0000	0.0000
0.0569	0.9431
0.9998	0.0002
0.1783	0.8217
0.8016	0.1984
0.9993	0.0007
0.6175	0.3825
0.5325	0.4675
0.9887	0.0113
0.2902	0.7098
0.6205	0.3795
0.5412	0.4588
1.0000	0.0000
0.8718	0.1282
0.9998	0.0002
0.6039	0.3961
1.0000	0.0000
0.9291	0.0709
0.9996	0.0004
0.7919	0.2081
0.2335	0.7665
0.8406	0.1594
0.5454	0.4546
0.4127	0.5873
0.9507	0.0493
0.8258	0.1742
0.9875	0.0125
0.2656	0.7344
0.9853	0.0147
0.0586	0.9414
0.4706	0.5294
0.9574	0.0426
0.7451	0.2549
0.7208	0.2792
0.2531	0.7469
0.8134	0.1866
0.7476	0.2524
0.7316	0.2684
0.9996	0.0004
0.3005	0.6995
0.5881	0.4119
0.9596	0.0404
0.5140	0.4860
1.0000	0.0000
0.9610	0.0390
0.9620	0.0380
0.1547	0.8453
0.9998	0.0002
0.9721	0.0279
0.2836	0.7164
0.9914	0.0086
0.5418	0.4582
0.5069	0.4931
0.9967	0.0033
