0.0020	0.9980
0.9976	0.0024
0.3990	0.6010
0.9571	0.0429
0.2245	0.7755
0.9143	0.0857
0.0311	0.9689
0.9970	0.0030
0.9994	0.0006
1.0000	0.0000
0.9945	0.0055
0.0007	0.9993
1.0000	0.0000
0.2220	0.7780
0.9062	0.0938
1.0000	0.0000
0.0161	0.9839
1.0000	0.0000
0.9937	0.0063
1.0000	0.0000
0.0737	0.9263
0.0324	0.9676
0.0001	0.9999
0.0000	1.0000
0.1981	0.8019
0.9738	0.0262
0.9920	0.0080
0.9996	0.0004
0.8569	0.1431
0.7116	0.2884
0.9995	0.0005
0.0018	0.9982
0.9517	0.0483
1.0000	0.0000
0.8596	0.1404
0.1073	0.8927
0.5374	0.4626
0.9684	0.0316
0.7432	0.2568
0.9887	0.0113
0.9997	0.0003
0.2647	0.7353
0.8253	0.1747
0.6495	0.3505
0.0000	1.0000
1.0000	0.0000
1.0000	0.0000
0.0044	0.9956
0.9999	0.0001
0.0005	0.9995
0.9979	0.0021
0.9863	0.0137
0.9198	0.0802
0.0109	0.9891
0.9980	0.0020
0.0000	1.0000
0.9880	0.0120
0.9996	0.0004
0.9998	0.0002
0.6485	0.3515
0.0611	0.9389
0.1300	0.8700
0.9767	0.0233
0.9533	0.0467
0.1217	0.8783
0.1831	0.8169
0.9909	0.0091
0.9092	0.0908
1.0000	0.0000
0.9003	0.0997
0.0103	0.9897
0.9042	0.0958
1.0000	0.0000
0.9733	0.0267
0.8959	0.1041
0.9894	0.0106
0.8050	0.1950
0.8195	0.1805
0.9980	0.0020
0.0025	0.9975
0.0292	0.9708
1.0000	0.0000
1.0000	0.0000
0.9996	0.0004
0.9995	0.0005
0.9941	0.0059
1.0000	0.0000
0.0035	0.9965
0.9836	0.0164
0.9963	0.0037
1.0000	0.0000
0.9668	0.0332
0.9998	0.0002
0.9911	0.0089
0.9961	0.0039
0.9937	0.0063
0.9420	0.0580
0.9974	0.0026
1.0000	0.0000
0.9896	0.0104
1.0000	0.0000
0.9948	0.0052
0.9379	0.0621
0.9999	0.0001
0.0000	1.0000
0.9805	0.0195
0.9844	0.0156
0.0005	0.9995
0.7092	0.2908
0.0007	0.9993
0.6314	0.3686
0.0187	0.9813
1.0000	0.0000
0.9970	0.0030
0.7191	0.2809
0.9678	0.0322
0.9337	0.0663
0.8381	0.1619
0.0001	0.9999
0.1406	0.8594
1.0000	0.0000
0.8670	0.1330
0.9965	0.0035
0.9521	0.0479
0.9629	0.0371
1.0000	0.0000
0.9998	0.0002
1.0000	0.0000
0.9465	0.0535
0.0917	0.9083
0.8812	0.1188
1.0000	0.0000
0.4217	0.5783
0.6114	0.3886
0.9995	0.0005
0.4480	0.5520
0.9989	0.0011
1.0000	0.0000
0.9980	0.0020
0.2912	0.7088
0.0343	0.9657
0.9758	0.0242
0.9999	0.0001
0.9813	0.0187
0.9984	0.0016
1.0000	0.0000
0.6548	0.3452
0.0854	0.9146
0.8232	0.1768
0.1859	0.8141
1.0000	0.0000
1.0000	0.0000
0.9996	0.0004
0.0265	0.9735
0.9997	0.0003
0.9968	0.0032
0.9997	0.0003
0.9887	0.0113
0.9999	0.0001
0.6535	0.3465
0.9999	0.0001
0.9788	0.0212
0.8847	0.1153
0.4235	0.5765
0.8939	0.1061
0.9997	0.0003
0.9821	0.0179
0.8042	0.1958
0.0016	0.9984
1.0000	0.0000
0.9999	0.0001
0.9119	0.0881
0.2967	0.7033
0.9993	0.0007
1.0000	0.0000
0.9825	0.0175
0.9975	0.0025
0.9938	0.0062
0.0355	0.9645
0.9999	0.0001
0.9531	0.0469
1.0000	0.0000
0.9995	0.0005
1.0000	0.0000
0.7369	0.2631
0.0000	1.0000
1.0000	0.0000
0.4225	0.5775
0.9999	0.0001
0.0118	0.9882
0.4618	0.5382
0.7134	0.2866
0.9995	0.0005
0.7689	0.2311
0.3909	0.6091
1.0000	0.0000
0.0655	0.9345
0.7657	0.2343
0.9973	0.0027
0.9991	0.0009
0.9877	0.0123
0.1250	0.8750
1.0000	0.0000
0.3881	0.6119
1.0000	0.0000
1.0000	0.0000
0.9999	0.0001
1.0000	0.0000
0.9991	0.0009
0.9970	0.0030
1.0000	0.0000
0.6569	0.3431
1.0000	0.0000
0.9987	0.0013
0.0002	0.9998
0.0005	0.9995
0.0219	0.9781
0.9302	0.0698
0.0208	0.9792
0.3392	0.6608
0.9999	0.0001
0.9952	0.0048
0.9999	0.0001
0.0301	0.9699
1.0000	0.0000
0.9928	0.0072
1.0000	0.0000
0.9686	0.0314
1.0000	0.0000
0.7636	0.2364
0.0023	0.9977
0.9983	0.0017
0.9996	0.0004
0.0069	0.9931
0.9184	0.0816
0.0016	0.9984
0.8832	0.1168
0.9998	0.0002
0.0421	0.9579
0.1755	0.8245
1.0000	0.0000
1.0000	0.0000
0.9985	0.0015
0.9999	0.0001
1.0000	0.0000
1.0000	0.0000
0.0006	0.9994
0.6362	0.3638
0.5442	0.4558
0.9968	0.0032
1.0000	0.0000
1.0000	0.0000
1.0000	0.0000
0.9985	0.0015
1.0000	0.0000
0.0567	0.9433
0.9927	0.0073
0.9949	0.0051
1.0000	0.0000
0.7612	0.2388
1.0000	0.0000
1.0000	0.0000
0.3054	0.6946
0.9986	0.0014
1.0000	0.0000
0.9977	0.0023
1.0000	0.0000
0.9274	0.0726
0.9809	0.0191
1.0000	0.0000
1.0000	0.0000
0.0000	1.0000
0.0013	0.9987
0.2226	0.7774
1.0000	0.0000
0.9601	0.0399
1.0000	0.0000
0.9514	0.0486
0.9999	0.0001
0.9923	0.0077
0.0956	0.9044
0.6960	0.3040
0.2359	0.7641
0.1266	0.8734
0.9999	0.0001
1.0000	0.0000
1.0000	0.0000
1.0000	0.0000
0.0391	0.9609
0.0067	0.9933
0.8913	0.1087
0.9922	0.0078
0.0086	0.9914
0.0003	0.9997
0.9978	0.0022
0.9991	0.0009
0.0003	0.9997
0.7621	0.2379
0.9469	0.0531
1.0000	0.0000
1.0000	0.0000
0.0006	0.9994
1.0000	0.0000
1.0000	0.0000
1.0000	0.0000
1.0000	0.0000
0.9999	0.0001
1.0000	0.0000
0.9793	0.0207
0.2795	0.7205
0.0042	0.9958
1.0000	0.0000
0.0232	0.9768
1.0000	0.0000
0.0090	0.9910
0.2757	0.7243
1.0000	0.0000
1.0000	0.0000
0.8899	0.1101
0.9316	0.0684
0.2803	0.7197
0.8191	0.1809
0.0086	0.9914
0.9986	0.0014
0.9895	0.0105
0.7289	0.2711
0.9890	0.0110
0.9991	0.0009
1.0000	0.0000
0.9999	0.0001
0.1849	0.8151
0.0442	0.9558
0.0000	1.0000
0.0457	0.9543
0.6125	0.3875
0.0001	0.9999
1.0000	0.0000
0.9990	0.0010
0.9992	0.0008
0.0055	0.9945
0.0102	0.9898
0.7963	0.2037
0.3244	0.6756
0.9473	0.0527
0.0732	0.9268
0.9996	0.0004
0.9731	0.0269
0.9613	0.0387
1.0000	0.0000
0.0292	0.9708
0.9963	0.0037
0.3556	0.6444
0.7512	0.2488
0.6718	0.3282
0.9976	0.0024
0.8156	0.1844
0.9955	0.0045
0.8873	0.1127
0.0006	0.9994
0.6716	0.3284
0.1144	0.8856
0.0000	1.0000
0.7860	0.2140
1.0000	0.0000
0.8469	0.1531
0.9946	0.0054
0.9984	0.0016
0.0208	0.9792
1.0000	0.0000
1.0000	0.0000
0.7065	0.2935
0.9944	0.0056
0.9997	0.0003
0.7375	0.2625
0.0338	0.9662
1.0000	0.0000
0.5880	0.4120
1.0000	0.0000
0.6437	0.3563
0.9767	0.0233
0.9910	0.0090
0.0051	0.9949
0.5425	0.4575
0.0000	1.0000
0.9999	0.0001
0.9923	0.0077
0.8208	0.1792
0.0052	0.9948
0.9274	0.0726
1.0000	0.0000
0.9857	0.0143
0.9953	0.0047
0.9157	0.0843
0.9967	0.0033
1.0000	0.0000
0.8592	0.1408
0.9986	0.0014
0.9780	0.0220
1.0000	0.0000
1.0000	0.0000
0.9997	0.0003
1.0000	0.0000
0.9546	0.0454
0.9289	0.0711
0.5227	0.4773
1.0000	0.0000
0.9884	0.0116
1.0000	0.0000
1.0000	0.0000
1.0000	0.0000
0.6953	0.3047
1.0000	0.0000
0.7232	0.2768
0.9948	0.0052
0.9548	0.0452
0.0279	0.9721
1.0000	0.0000
1.0000	0.0000
1.0000	0.0000
1.0000	0.0000
0.9999	0.0001
0.0259	0.9741
1.0000	0.0000
0.9639	0.0361
0.0694	0.9306
0.9980	0.0020
1.0000	0.0000
0.9898	0.0102
0.7179	0.2821
1.0000	0.0000
0.4612	0.5388
0.3557	0.6443
1.0000	0.0000
1.0000	0.0000
0.4676	0.5324
0.0886	0.9114
0.7556	0.2444
0.0685	0.9315
0.9998	0.0002
0.9996	0.0004
0.0136	0.9864
0.9485	0.0515
0.9990	0.0010
0.2839	0.7161
0.8380	0.1620
0.9466	0.0534
1.0000	0.0000
1.0000	0.0000
0.5730	0.4270
1.0000	0.0000
0.0765	0.9235
0.0385	0.9615
1.0000	0.0000
0.9903	0.0097
0.0474	0.9526
0.9970	0.0030
1.0000	0.0000
0.9451	0.0549
0.9994	0.0006
0.1696	0.8304
0.9967	0.0033
0.8788	0.1212
0.9487	0.0513
