0.0619	0.9381
1.0000	0.0000
0.6428	0.3572
0.8457	0.1543
0.7360	0.2640
0.8115	0.1885
0.0605	0.9395
1.0000	0.0000
1.0000	0.0000
1.0000	0.0000
0.9992	0.0008
0.2058	0.7942
1.0000	0.0000
0.0917	0.9083
0.5385	0.4615
1.0000	0.0000
0.1841	0.8159
1.0000	0.0000
0.9975	0.0025
1.0000	0.0000
0.0024	0.9976
0.1702	0.8298
0.0128	0.9872
0.7622	0.2378
0.3400	0.6600
0.9889	0.0111
0.9572	0.0428
0.9995	0.0005
0.8453	0.1547
0.2358	0.7642
0.9990	0.0010
0.0046	0.9954
0.9848	0.0152
1.0000	0.0000
0.7476	0.2524
0.2235	0.7765
0.9891	0.0109
0.9999	0.0001
0.8281	0.1719
1.0000	0.0000
1.0000	0.0000
0.5166	0.4834
0.9508	0.0492
0.4469	0.5531
0.0001	0.9999
1.0000	0.0000
1.0000	0.0000
0.0000	1.0000
0.9990	0.0010
0.2176	0.7824
0.9978	0.0022
0.8542	0.1458
0.2433	0.7567
0.3652	0.6348
0.9999	0.0001
0.0003	0.9997
0.9889	0.0111
1.0000	0.0000
1.0000	0.0000
0.6404	0.3596
1.0000	0.0000
0.0310	0.9690
0.9969	0.0031
1.0000	0.0000
0.0112	0.9888
0.0172	0.9828
0.9969	0.0031
0.7982	0.2018
1.0000	0.0000
0.9603	0.0397
0.0430	0.9570
0.9493	0.0507
1.0000	0.0000
0.0105	0.9895
0.7780	0.2220
0.9996	0.0004
0.1038	0.8962
0.2116	0.7884
0.9649	0.0351
0.0014	0.9986
0.0190	0.9810
1.0000	0.0000
1.0000	0.0000
0.0630	0.9370
0.9743	0.0257
0.9999	0.0001
1.0000	0.0000
0.0002	0.9998
1.0000	0.0000
0.9995	0.0005
1.0000	0.0000
0.8932	0.1068
1.0000	0.0000
0.9998	0.0002
0.9996	0.0004
1.0000	0.0000
0.5717	0.4283
1.0000	0.0000
1.0000	0.0000
0.9973	0.0027
1.0000	0.0000
0.0052	0.9948
0.9918	0.0082
0.9999	0.0001
0.0000	1.0000
0.9940	0.0060
0.9864	0.0136
0.2103	0.7897
0.9678	0.0322
0.1461	0.8539
0.9410	0.0590
0.2886	0.7114
0.9998	0.0002
1.0000	0.0000
0.8351	0.1649
0.9940	0.0060
0.8512	0.1488
0.9973	0.0027
0.0000	1.0000
0.9626	0.0374
1.0000	0.0000
0.9096	0.0904
0.9975	0.0025
0.9871	0.0129
0.9974	0.0026
1.0000	0.0000
0.9990	0.0010
1.0000	0.0000
0.9977	0.0023
0.0269	0.9731
0.9993	0.0007
1.0000	0.0000
0.4864	0.5136
0.1897	0.8103
0.9999	0.0001
0.1114	0.8886
1.0000	0.0000
1.0000	0.0000
0.9968	0.0032
0.5865	0.4135
0.0379	0.9621
0.9997	0.0003
1.0000	0.0000
0.9980	0.0020
0.9995	0.0005
0.9999	0.0001
0.9998	0.0002
0.1067	0.8933
0.0604	0.9396
0.1332	0.8668
1.0000	0.0000
0.2293	0.7707
0.9989	0.0011
0.4140	0.5860
0.9899	0.0101
0.9996	0.0004
0.9964	0.0036
0.9954	0.0046
1.0000	0.0000
0.9999	0.0001
1.0000	0.0000
0.9998	0.0002
0.0460	0.9540
0.9983	0.0017
0.7612	0.2388
0.9991	0.0009
0.9997	0.0003
0.7066	0.2934
0.5615	0.4385
1.0000	0.0000
1.0000	0.0000
0.2133	0.7867
1.0000	0.0000
0.8773	0.1227
1.0000	0.0000
0.9777	0.0223
0.9977	0.0023
0.9590	0.0410
0.1815	0.8185
1.0000	0.0000
0.9336	0.0664
0.9999	0.0001
0.9999	0.0001
1.0000	0.0000
0.9729	0.0271
0.0122	0.9878
0.9996	0.0004
0.9271	0.0729
0.9967	0.0033
0.2354	0.7646
0.2596	0.7404
0.9692	0.0308
0.9955	0.0045
0.8504	0.1496
0.9544	0.0456
0.9986	0.0014
0.0099	0.9901
0.9066	0.0934
0.8559	0.1441
0.9983	0.0017
0.9699	0.0301
0.1363	0.8637
1.0000	0.0000
0.4077	0.5923
1.0000	0.0000
1.0000	0.0000
0.9994	0.0006
1.0000	0.0000
0.9667	0.0333
1.0000	0.0000
1.0000	0.0000
0.8407	0.1593
0.9983	0.0017
0.8367	0.1633
0.7108	0.2892
0.0004	0.9996
0.0595	0.9405
0.9999	0.0001
1.0000	0.0000
0.9916	0.0084
1.0000	0.0000
0.9999	0.0001
1.0000	0.0000
0.9989	0.0011
1.0000	0.0000
0.1010	0.8990
1.0000	0.0000
0.9943	0.0057
1.0000	0.0000
0.2635	0.7365
0.9787	0.0213
0.9997	0.0003
1.0000	0.0000
0.0000	1.0000
0.9966	0.0034
0.8289	0.1711
0.9482	0.0518
1.0000	0.0000
0.0725	0.9275
0.0036	0.9964
0.9999	0.0001
1.0000	0.0000
0.9995	0.0005
1.0000	0.0000
1.0000	0.0000
1.0000	0.0000
0.0216	0.9784
0.4997	0.5003
0.9706	0.0294
1.0000	0.0000
1.0000	0.0000
0.7740	0.2260
1.0000	0.0000
0.9999	0.0001
1.0000	0.0000
0.0579	0.9421
0.9925	0.0075
0.9905	0.0095
1.0000	0.0000
0.6972	0.3028
1.0000	0.0000
1.0000	0.0000
0.0371	0.9629
0.9997	0.0003
1.0000	0.0000
1.0000	0.0000
1.0000	0.0000
0.7415	0.2585
0.9463	0.0537
1.0000	0.0000
1.0000	0.0000
0.9989	0.0011
0.0001	0.9999
0.1910	0.8090
1.0000	0.0000
0.9995	0.0005
1.0000	0.0000
1.0000	0.0000
0.9950	0.0050
0.9999	0.0001
0.9997	0.0003
0.5036	0.4964
0.9894	0.0106
0.3484	0.6516
0.9995	0.0005
1.0000	0.0000
1.0000	0.0000
0.9996	0.0004
0.0362	0.9638
0.0009	0.9991
0.4484	0.5516
0.6266	0.3734
0.0178	0.9822
0.0057	0.9943
0.7076	0.2924
0.9994	0.0006
0.9999	0.0001
0.9578	0.0422
0.9941	0.0059
0.9855	0.0145
0.9998	0.0002
0.0393	0.9607
1.0000	0.0000
1.0000	0.0000
1.0000	0.0000
1.0000	0.0000
1.0000	0.0000
1.0000	0.0000
0.3586	0.6414
0.9686	0.0314
0.0060	0.9940
1.0000	0.0000
0.0272	0.9728
1.0000	0.0000
0.9965	0.0035
1.0000	0.0000
1.0000	0.0000
1.0000	0.0000
0.7164	0.2836
1.0000	0.0000
0.9215	0.0785
0.9917	0.0083
0.0178	0.9822
0.9986	0.0014
0.9961	0.0039
0.4322	0.5678
0.5509	0.4491
0.8889	0.1111
1.0000	0.0000
0.9996	0.0004
0.2068	0.7932
0.0341	0.9659
0.0071	0.9929
0.2961	0.7039
0.6984	0.3016
0.0060	0.9940
1.0000	0.0000
0.9988	0.0012
1.0000	0.0000
0.4610	0.5390
0.0479	0.9521
1.0000	0.0000
0.5254	0.4746
0.9904	0.0096
0.9619	0.0381
1.0000	0.0000
0.8845	0.1155
0.9849	0.0151
0.9998	0.0002
0.1334	0.8666
0.9988	0.0012
0.3052	0.6948
0.8516	0.1484
0.6564	0.3436
1.0000	0.0000
1.0000	0.0000
0.9992	0.0008
0.3190	0.6810
0.0003	0.9997
0.8671	0.1329
0.0857	0.9143
0.0021	0.9979
0.8182	0.1818
1.0000	0.0000
0.9997	0.0003
0.9995	0.0005
1.0000	0.0000
0.1883	0.8117
1.0000	0.0000
1.0000	0.0000
0.9216	0.0784
0.9224	0.0776
1.0000	0.0000
0.7892	0.2108
0.3211	0.6789
1.0000	0.0000
0.9996	0.0004
0.9999	0.0001
0.9930	0.0070
0.8403	0.1597
0.9999	0.0001
0.1237	0.8763
0.0041	0.9959
0.0002	0.9998
1.0000	0.0000
0.3006	0.6994
1.0000	0.0000
0.0769	0.9231
0.6821	0.3179
1.0000	0.0000
0.8857	0.1143
0.9998	0.0002
0.9933	0.0067
0.9697	0.0303
1.0000	0.0000
0.9973	0.0027
0.9886	0.0114
0.9752	0.0248
0.9966	0.0034
0.9890	0.0110
0.9992	0.0008
1.0000	0.0000
0.4365	0.5635
0.9733	0.0267
0.5575	0.4425
1.0000	0.0000
0.8714	0.1286
1.0000	0.0000
1.0000	0.0000
1.0000	0.0000
0.6241	0.3759
0.9904	0.0096
0.7934	0.2066
0.9856	0.0144
0.9328	0.0672
0.0892	0.9108
1.0000	0.0000
1.0000	0.0000
1.0000	0.0000
1.0000	0.0000
1.0000	0.0000
0.4322	0.5678
1.0000	0.0000
0.9998	0.0002
0.0038	0.9962
0.9966	0.0034
1.0000	0.0000
0.9685	0.0315
0.9883	0.0117
0.9993	0.0007
0.1049	0.8951
0.9332	0.0668
1.0000	0.0000
1.0000	0.0000
0.1441	0.8559
0.0195	0.9805
0.9270	0.0730
0.2356	0.7644
0.9998	0.0002
1.0000	0.0000
0.9996	0.0004
0.6948	0.3052
0.9969	0.0031
0.0506	0.9494
0.6410	0.3590
0.7991	0.2009
1.0000	0.0000
1.0000	0.0000
0.9267	0.0733
1.0000	0.0000
0.6352	0.3648
0.0577	0.9423
1.0000	0.0000
1.0000	0.0000
0.0883	0.9117
0.9999	0.0001
0.9994	0.0006
0.8664	0.1336
0.9981	0.0019
0.0470	0.9530
0.9951	0.0049
0.8334	0.1666
0.9941	0.0059
