0.8078	0.1922
0.0605	0.9395
0.8306	0.1694
0.9894	0.0106
0.9942	0.0058
0.3465	0.6535
0.0809	0.9191
0.6817	0.3183
0.8352	0.1648
0.3973	0.6027
1.0000	0.0000
0.3139	0.6861
0.8571	0.1429
0.6607	0.3393
0.0462	0.9538
0.9944	0.0056
0.8264	0.1736
0.9583	0.0417
0.8432	0.1568
0.9996	0.0004
0.6796	0.3204
0.8881	0.1119
0.4350	0.5650
0.6783	0.3217
0.2891	0.7109
0.9517	0.0483
0.9973	0.0027
0.5221	0.4779
0.8663	0.1337
0.9050	0.0950
0.0330	0.9670
0.9991	0.0009
0.6474	0.3526
1.0000	0.0000
0.4678	0.5322
0.9994	0.0006
0.7854	0.2146
0.5848	0.4152
0.3797	0.6203
0.5770	0.4230
0.9994	0.0006
1.0000	0.0000
0.9987	0.0013
0.9986	0.0014
0.4493	0.5507
0.4690	0.5310
0.7749	0.2251
1.0000	0.0000
0.5863	0.4137
0.8513	0.1487
0.1447	0.8553
0.9350	0.0650
0.5026	0.4974
0.8478	0.1522
0.9887	0.0113
0.8615	0.1385
0.8345	0.1655
0.0015	0.9985
0.9106	0.0894
0.8242	0.1758
0.9547	0.0453
0.4149	0.5851
0.9909	0.0091
0.9996	0.0004
0.8152	0.1848
0.7424	0.2576
0.6590	0.3410
0.9053	0.0947
0.3857	0.6143
0.2481	0.7519
0.4810	0.5190
0.5672	0.4328
0.9835	0.0165
0.9856	0.0144
0.6770	0.3230
0.3937	0.6063
0.9905	0.0095
0.5210	0.4790
0.1443	0.8557
0.2017	0.7983
0.3963	0.6037
0.9360	0.0640
0.0873	0.9127
0.0028	0.9972
0.4262	0.5738
0.7046	0.2954
0.9268	0.0732
0.9679	0.0321
0.9981	0.0019
0.1532	0.8468
0.9940	0.0060
0.4808	0.5192
0.9992	0.0008
0.0827	0.9173
0.0912	0.9088
0.9981	0.0019
1.0000	0.0000
0.9956	0.0044
0.1742	0.8258
0.4737	0.5263
0.1847	0.8153
0.0735	0.9265
0.9927	0.0073
1.0000	0.0000
0.9984	0.0016
0.1680	0.8320
0.4462	0.5538
0.0013	0.9987
0.9908	0.0092
0.9879	0.0121
0.3741	0.6259
0.1025	0.8975
0.5870	0.4130
0.3008	0.6992
0.8542	0.1458
0.7174	0.2826
0.0595	0.9405
0.4466	0.5534
0.9991	0.0009
0.9991	0.0009
0.2551	0.7449
0.9844	0.0156
0.9942	0.0058
0.7860	0.2140
0.8560	0.1440
0.1511	0.8489
0.9867	0.0133
0.9566	0.0434
0.0557	0.9443
0.9621	0.0379
0.8659	0.1341
0.1459	0.8541
0.3662	0.6338
0.9678	0.0322
0.3808	0.6192
0.8368	0.1632
0.8831	0.1169
0.9427	0.0573
0.7175	0.2825
0.9946	0.0054
0.9826	0.0174
0.9877	0.0123
0.4018	0.5982
0.0566	0.9434
0.8453	0.1547
0.8377	0.1623
0.4768	0.5232
0.7123	0.2877
0.9992	0.0008
0.9228	0.0772
0.9998	0.0002
0.4943	0.5057
0.8238	0.1762
0.0748	0.9252
0.3005	0.6995
0.9653	0.0347
0.6490	0.3510
0.0510	0.9490
0.9785	0.0215
0.3396	0.6604
0.7314	0.2686
0.3236	0.6764
0.9974	0.0026
0.8803	0.1197
0.9648	0.0352
0.5616	0.4384
0.9509	0.0491
0.6157	0.3843
0.6896	0.3104
0.4618	0.5382
0.9956	0.0044
0.7845	0.2155
0.3941	0.6059
0.8130	0.1870
0.9977	0.0023
0.9381	0.0619
0.7414	0.2586
0.1621	0.8379
0.5691	0.4309
0.6993	0.3007
0.5102	0.4898
0.7950	0.2050
0.0383	0.9617
0.7524	0.2476
0.7452	0.2548
1.0000	0.0000
0.9972	0.0028
1.0000	0.0000
0.7788	0.2212
0.8224	0.1776
0.7164	0.2836
0.9658	0.0342
0.5974	0.4026
0.4439	0.5561
1.0000	0.0000
0.9470	0.0530
0.5497	0.4503
0.4341	0.5659
0.9950	0.0050
0.0917	0.9083
0.8394	0.1606
0.9751	0.0249
0.9239	0.0761
0.2522	0.7478
0.8043	0.1957
0.9078	0.0922
0.9831	0.0169
0.9027	0.0973
0.6459	0.3541
0.4561	0.5439
0.5009	0.4991
0.9830	0.0170
0.9991	0.0009
0.4784	0.5216
0.0834	0.9166
0.9016	0.0984
0.0459	0.9541
0.8286	0.1714
0.8976	0.1024
1.0000	0.0000
0.9936	0.0064
0.7450	0.2550
0.9339	0.0661
0.9998	0.0002
0.4772	0.5228
0.8620	0.1380
0.2245	0.7755
0.5821	0.4179
0.9914	0.0086
0.3780	0.6220
0.4797	0.5203
0.8424	0.1576
0.0585	0.9415
0.8674	0.1326
0.9470	0.0530
0.9549	0.0451
0.7487	0.2513
1.0000	0.0000
0.9525	0.0475
0.5643	0.4357
0.7961	0.2039
0.3861	0.6139
0.8087	0.1913
0.0862	0.9138
0.9476	0.0524
0.8534	0.1466
1.0000	0.0000
0.9897	0.0103
0.9978	0.0022
0.9805	0.0195
0.0800	0.9200
0.5538	0.4462
0.5662	0.4338
0.4423	0.5577
0.7560	0.2440
0.6139	0.3861
0.5316	0.4684
0.5077	0.4923
0.8073	0.1927
0.9025	0.0975
0.9706	0.0294
0.2015	0.7985
0.9986	0.0014
0.2721	0.7279
0.9943	0.0057
0.9990	0.0010
0.9963	0.0037
0.1219	0.8781
0.7290	0.2710
0.3154	0.6846
0.1398	0.8602
1.0000	0.0000
0.9048	0.0952
0.7153	0.2847
0.7098	0.2902
0.9856	0.0144
0.3248	0.6752
0.8353	0.1647
0.9814	0.0186
0.7553	0.2447
0.9543	0.0457
0.8649	0.1351
0.2625	0.7375
0.4362	0.5638
0.8684	0.1316
0.8853	0.1147
1.0000	0.0000
0.2190	0.7810
0.4563	0.5437
0.3441	0.6559
0.7934	0.2066
0.9880	0.0120
0.8021	0.1979
0.8928	0.1072
0.2054	0.7946
0.5534	0.4466
0.5194	0.4806
0.3449	0.6551
0.9578	0.0422
0.5805	0.4195
0.9878	0.0122
0.6613	0.3387
0.3398	0.6602
0.9971	0.0029
0.8288	0.1712
0.2771	0.7229
0.6019	0.3981
0.2661	0.7339
0.3534	0.6466
0.8726	0.1274
0.3964	0.6036
0.1546	0.8454
0.9027	0.0973
0.8763	0.1237
0.6259	0.3741
0.1136	0.8864
0.0398	0.9602
0.8458	0.1542
0.9550	0.0450
0.3400	0.6600
0.5441	0.4559
0.8852	0.1148
1.0000	0.0000
0.8716	0.1284
0.9575	0.0425
0.3589	0.6411
0.6037	0.3963
0.2936	0.7064
0.6912	0.3088
0.8437	0.1563
0.8256	0.1744
0.0968	0.9032
0.9999	0.0001
0.9962	0.0038
0.8003	0.1997
0.0586	0.9414
0.9995	0.0005
0.5183	0.4817
0.9577	0.0423
0.7679	0.2321
0.1012	0.8988
0.8843	0.1157
0.6333	0.3667
0.9999	0.0001
0.8195	0.1805
0.9962	0.0038
0.8754	0.1246
0.1595	0.8405
0.4767	0.5233
0.9255	0.0745
0.3203	0.6797
0.7326	0.2674
0.0010	0.9990
0.6622	0.3378
0.0408	0.9592
0.9439	0.0561
0.7790	0.2210
0.9509	0.0491
0.9986	0.0014
0.9688	0.0312
0.8931	0.1069
0.9653	0.0347
0.9487	0.0513
0.6788	0.3212
1.0000	0.0000
0.9757	0.0243
1.0000	0.0000
0.1687	0.8313
0.9662	0.0338
0.0860	0.9140
0.2129	0.7871
0.2018	0.7982
0.8156	0.1844
0.9859	0.0141
0.8921	0.1079
0.9787	0.0213
0.0853	0.9147
0.9993	0.0007
1.0000	0.0000
0.8874	0.1126
0.2897	0.7103
0.7829	0.2171
0.9995	0.0005
0.9985	0.0015
0.2824	0.7176
0.9674	0.0326
0.0144	0.9856
1.0000	0.0000
0.7591	0.2409
0.8565	0.1435
0.4780	0.5220
0.7821	0.2179
0.9917	0.0083
0.1250	0.8750
0.4092	0.5908
0.9037	0.0963
0.8625	0.1375
0.9847	0.0153
0.8273	0.1727
0.0664	0.9336
0.8806	0.1194
1.0000	0.0000
0.6212	0.3788
1.0000	0.0000
0.5651	0.4349
0.9880	0.0120
0.9972	0.0028
0.2129	0.7871
0.9101	0.0899
0.9959	0.0041
0.7654	0.2346
0.8301	0.1699
0.9999	0.0001
0.7002	0.2998
0.7804	0.2196
0.6389	0.3611
0.4146	0.5854
0.9862	0.0138
0.2562	0.7438
0.5614	0.4386
1.0000	0.0000
0.0431	0.9569
0.9477	0.0523
0.7371	0.2629
0.7042	0.2958
0.7376	0.2624
0.9552	0.0448
0.2084	0.7916
0.8265	0.1735
0.1259	0.8741
0.9410	0.0590
0.4526	0.5474
0.7398	0.2602
0.9608	0.0392
0.2463	0.7537
0.5516	0.4484
1.0000	0.0000
0.8188	0.1812
0.9945	0.0055
0.8136	0.1864
0.7515	0.2485
0.4928	0.5072
0.8809	0.1191
0.3582	0.6418
0.9912	0.0088
0.6686	0.3314
0.4937	0.5063
0.6876	0.3124
0.7597	0.2403
0.6605	0.3395
0.3476	0.6524
1.0000	0.0000
0.9848	0.0152
0.4355	0.5645
0.0815	0.9185
0.1516	0.8484
0.9902	0.0098
0.8487	0.1513
0.8851	0.1149
0.9932	0.0068
0.2839	0.7161
0.1934	0.8066
0.9870	0.0130
