0.0006	0.0000	0.0000	0.0000	0.0000	0.0926	0.0049	0.6808	0.0000	0.1385	0.0322	0.0504
0.0000	0.0000	0.0000	0.0000	0.0000	0.0000	0.0000	0.0000	1.0000	0.0000	0.0000	0.0000
0.0000	0.0000	0.0000	0.0000	0.0000	0.0000	0.0000	0.0000	1.0000	0.0000	0.0000	0.0000
0.0000	0.0018	0.0000	0.0000	0.0000	0.0000	0.0229	0.9753	0.0000	0.0000	0.0000	0.0000
0.0000	0.0000	0.0000	0.0000	0.0000	0.0000	0.0000	0.0000	0.0000	0.0000	0.9970	0.0030
0.0000	0.0000	0.0000	0.0000	0.0000	0.0000	0.0000	0.0000	0.0000	1.0000	0.0000	0.0000
0.0000	0.0000	0.0000	0.0000	0.0000	0.0000	0.0000	0.0000	0.0000	1.0000	0.0000	0.0000
0.0000	0.0000	0.0000	0.0000	0.0000	0.0000	0.2691	0.0088	0.0000	0.4461	0.0472	0.2288
0.0000	0.0000	0.0000	0.0000	0.0000	0.0006	0.0000	0.4655	0.0000	0.0000	0.5294	0.0045
1.0000	0.0000	0.0000	0.0000	0.0000	0.0000	0.0000	0.0000	0.0000	0.0000	0.0000	0.0000
0.0000	0.0000	0.0000	0.0000	0.0000	0.0000	0.0640	0.0002	0.0000	0.0006	0.0000	0.9352
0.0000	0.0000	0.0000	0.0000	0.0000	0.0000	0.0000	0.0000	0.0000	1.0000	0.0000	0.0000
0.0000	0.2731	0.2550	0.0000	0.0000	0.4220	0.0378	0.0121	0.0000	0.0000	0.0000	0.0001
0.5928	0.0000	0.0012	0.0000	0.0000	0.0036	0.2939	0.0022	0.0000	0.0939	0.0000	0.0123
0.0000	0.0000	0.0000	0.0000	0.0000	0.0000	0.0000	0.0000	1.0000	0.0000	0.0000	0.0000
0.0000	0.0000	0.0000	0.0000	0.0000	0.0009	0.9767	0.0219	0.0000	0.0004	0.0000	0.0000
0.0000	0.0000	0.0000	0.0000	0.0000	0.0021	0.8935	0.0051	0.0000	0.0283	0.0000	0.0709
0.0000	0.9998	0.0002	0.0000	0.0000	0.0000	0.0000	0.0000	0.0000	0.0000	0.0000	0.0000
0.0001	0.0022	0.4745	0.0000	0.0000	0.0247	0.4800	0.0084	0.0000	0.0000	0.0000	0.0101
0.0000	0.0000	0.0000	0.0000	0.0000	0.0000	0.0000	0.0000	1.0000	0.0000	0.0000	0.0000
0.0000	0.0000	0.0000	0.0004	0.9996	0.0000	0.0000	0.0000	0.0000	0.0000	0.0000	0.0000
0.0000	0.0000	0.0000	0.0000	0.0000	0.0000	0.9102	0.0278	0.0000	0.0087	0.0003	0.0530
0.0000	0.0000	0.0004	0.0000	0.0000	0.0118	0.7585	0.0134	0.0000	0.0001	0.0000	0.2158
0.0000	0.0000	0.0000	0.0000	0.0000	0.0000	0.0000	0.0000	0.0000	0.9999	0.0001	0.0000
0.0000	0.0000	0.0000	0.0000	0.0000	1.0000	0.0000	0.0000	0.0000	0.0000	0.0000	0.0000
0.0000	0.0000	0.0000	0.0000	0.0000	0.0014	0.1478	0.0001	0.0000	0.1271	0.0000	0.7236
0.0000	0.0016	0.0000	0.0000	0.0000	0.4151	0.1351	0.4358	0.0000	0.0000	0.0000	0.0125
0.0000	0.0000	0.0000	0.0000	0.0000	0.0000	0.0000	0.0000	0.0000	1.0000	0.0000	0.0000
0.0000	0.0000	0.0000	0.0000	0.0000	0.0000	0.0000	0.0000	0.0000	0.0013	0.9987	0.0000
0.0000	0.0000	0.0000	0.0000	0.0000	1.0000	0.0000	0.0000	0.0000	0.0000	0.0000	0.0000
0.0000	0.0000	0.0000	0.0000	0.0000	0.0000	0.0000	1.0000	0.0000	0.0000	0.0000	0.0000
0.0000	0.0000	0.0000	0.0038	0.0000	0.2677	0.0000	0.0086	0.0000	0.4292	0.0000	0.2907
0.0000	0.0000	0.0000	0.0000	0.0000	0.0000	0.0000	0.0000	1.0000	0.0000	0.0000	0.0000
0.0000	0.2196	0.0000	0.0000	0.0000	0.5409	0.2391	0.0003	0.0000	0.0000	0.0000	0.0001
0.0000	0.0000	0.0000	0.0000	0.0000	0.0000	0.0000	0.0000	0.0000	1.0000	0.0000	0.0000
0.0000	0.0000	0.0000	0.0000	0.0000	0.0000	0.0000	0.0000	0.0000	1.0000	0.0000	0.0000
0.0000	0.9989	0.0000	0.0000	0.0000	0.0000	0.0011	0.0000	0.0000	0.0000	0.0000	0.0000
0.0000	0.9435	0.0000	0.0000	0.0000	0.0169	0.0337	0.0058	0.0000	0.0000	0.0000	0.0000
0.0000	0.5985	0.0000	0.0000	0.0000	0.0064	0.3927	0.0013	0.0000	0.0000	0.0000	0.0011
0.0726	0.0000	0.0000	0.0000	0.0000	0.0003	0.0000	0.0000	0.0000	0.0026	0.0000	0.9245
0.0001	0.0000	0.0000	0.0000	0.0000	0.0000	0.5064	0.0036	0.0000	0.4888	0.0000	0.0011
0.0000	0.0000	0.0000	0.0000	1.0000	0.0000	0.0000	0.0000	0.0000	0.0000	0.0000	0.0000
0.0000	0.2086	0.1001	0.0000	0.0000	0.0111	0.1041	0.5749	0.0000	0.0000	0.0000	0.0013
0.0000	0.0000	0.0000	0.0000	0.0000	0.0000	0.0000	0.0141	0.0000	0.0000	0.0012	0.9847
1.0000	0.0000	0.0000	0.0000	0.0000	0.0000	0.0000	0.0000	0.0000	0.0000	0.0000	0.0000
0.0000	0.0000	0.0000	0.0000	0.0000	0.1031	0.3087	0.5401	0.0000	0.0091	0.0002	0.0388
0.0000	0.0000	0.0000	0.0000	0.0000	0.0000	0.9844	0.0156	0.0000	0.0000	0.0000	0.0000
0.0052	0.0000	0.0000	0.0000	0.0000	0.0000	0.0000	0.0000	0.0000	0.0786	0.2684	0.6479
0.0000	0.1218	0.3737	0.0000	0.0000	0.4880	0.0083	0.0081	0.0000	0.0000	0.0000	0.0000
0.0000	0.0143	0.0237	0.0000	0.0000	0.9607	0.0008	0.0006	0.0000	0.0000	0.0000	0.0000
0.0000	0.0000	0.0005	0.0000	0.0000	0.0000	0.9994	0.0000	0.0000	0.0001	0.0000	0.0001
0.0000	0.9998	0.0000	0.0000	0.0000	0.0000	0.0000	0.0002	0.0000	0.0000	0.0000	0.0000
0.0000	0.0000	0.0000	0.0000	0.0000	0.0000	0.9398	0.0591	0.0000	0.0001	0.0001	0.0009
0.0000	0.0000	0.0000	0.0000	0.0000	0.0000	0.0000	0.0000	1.0000	0.0000	0.0000	0.0000
0.0000	0.0000	0.0000	0.0000	1.0000	0.0000	0.0000	0.0000	0.0000	0.0000	0.0000	0.0000
0.0000	0.0078	0.1459	0.0000	0.0000	0.8191	0.0230	0.0040	0.0000	0.0000	0.0000	0.0001
0.0000	0.1649	0.2100	0.0000	0.0000	0.6067	0.0149	0.0034	0.0000	0.0000	0.0000	0.0001
0.0001	0.0000	0.0000	0.0000	0.0000	0.0000	0.0965	0.7467	0.0000	0.0001	0.1496	0.0069
0.0000	0.0000	0.0000	0.0000	0.0000	0.0000	0.0020	0.0000	0.0000	0.8171	0.0005	0.1805
0.0000	0.0012	0.1078	0.0000	0.0000	0.0885	0.8006	0.0013	0.0000	0.0000	0.0000	0.0006
0.0000	0.0000	0.0000	0.0000	1.0000	0.0000	0.0000	0.0000	0.0000	0.0000	0.0000	0.0000
0.0000	0.0000	0.0059	0.0000	0.0000	0.0500	0.9208	0.0001	0.0000	0.0001	0.0000	0.0230
0.0000	0.0000	0.0000	0.0000	0.0000	0.9918	0.0042	0.0000	0.0000	0.0039	0.0000	0.0000
0.0000	0.0000	0.0000	0.0000	0.0000	0.0000	0.9984	0.0000	0.0000	0.0000	0.0000	0.0015
0.2233	0.0001	0.1176	0.0000	0.0000	0.4902	0.0519	0.0002	0.0000	0.0897	0.0000	0.0270
0.0000	0.0797	0.0000	0.0000	0.0000	0.0136	0.8886	0.0173	0.0000	0.0000	0.0000	0.0008
0.0000	0.0000	0.0000	0.0000	0.0000	0.0000	0.0000	0.0000	0.0000	0.0000	1.0000	0.0000
0.0000	0.0000	0.0000	0.0000	0.0000	0.0298	0.1788	0.7909	0.0000	0.0000	0.0000	0.0005
0.0000	0.0000	0.0000	0.0000	0.0000	0.0000	0.0025	0.5510	0.0000	0.0000	0.0000	0.4465
0.4485	0.0000	0.0000	0.0000	0.0000	0.0000	0.0000	0.0000	0.0019	0.5492	0.0005	0.0000
0.0000	0.0000	0.0000	0.0000	0.0000	0.0000	0.0000	0.0000	0.0000	0.9998	0.0002	0.0000
0.0000	0.0000	0.0000	0.0172	0.0000	0.0000	0.0000	0.0000	0.0000	0.9828	0.0000	0.0000
0.0000	0.0000	0.0000	0.0000	0.0000	0.0000	0.0231	0.0075	0.0000	0.0006	0.0000	0.9688
0.0000	0.0000	0.0000	0.0000	0.0000	0.0011	0.0000	0.0000	0.0000	0.0596	0.0000	0.9393
0.0000	0.0000	0.0000	0.0000	0.0000	0.0000	0.0000	0.0000	1.0000	0.0000	0.0000	0.0000
0.0000	0.0000	0.0000	0.0000	0.0000	0.0000	0.0000	0.0000	1.0000	0.0000	0.0000	0.0000
0.0000	0.1126	0.0000	0.0000	0.0000	0.8249	0.0463	0.0161	0.0000	0.0000	0.0000	0.0002
0.0000	0.0000	0.0000	0.0000	0.0000	0.8273	0.0005	0.1661	0.0000	0.0000	0.0000	0.0061
0.0000	0.0000	0.0000	0.0000	0.0000	0.0000	0.9574	0.0000	0.0000	0.0000	0.0000	0.0426
0.0000	0.0000	0.0000	0.0000	0.0000	0.0000	0.0000	0.0000	0.0000	0.0000	0.0000	1.0000
0.0000	0.0000	0.0000	0.0000	0.0000	0.0000	0.0000	0.0000	0.0000	0.0000	1.0000	0.0000
0.0000	0.0210	0.0006	0.0000	0.0000	0.9778	0.0003	0.0003	0.0000	0.0000	0.0000	0.0000
0.0000	0.0002	0.0000	0.0000	0.0000	0.0000	0.9998	0.0000	0.0000	0.0000	0.0000	0.0000
0.0000	0.0000	0.0000	0.0000	0.0000	0.0000	0.0000	0.0000	0.0000	0.0000	0.0000	1.0000
0.0000	0.0000	0.0000	0.0000	0.0000	0.0000	0.0000	0.0000	0.0000	0.0000	0.0000	1.0000
0.0000	0.0000	0.9932	0.0000	0.0000	0.0065	0.0000	0.0000	0.0003	0.0000	0.0000	0.0000
0.0000	0.0000	0.0000	0.0000	0.0000	0.0000	0.0000	0.0000	0.0000	0.0000	0.0000	1.0000
0.0000	0.0000	0.0013	0.0000	0.0000	0.0000	0.0000	0.0000	0.0000	0.0000	0.0000	0.9987
0.0000	0.0000	0.2549	0.0000	0.0000	0.0000	0.0000	0.0000	0.0000	0.0000	0.0000	0.7451
0.0000	0.0000	0.0000	0.0000	0.0000	0.0000	0.0000	0.0000	0.0000	0.0000	0.0000	1.0000
0.0000	0.0000	0.0000	0.0000	0.0000	0.0000	0.0000	0.0000	0.0000	0.0000	0.0000	1.0000
0.0000	0.0000	0.0000	0.0000	0.0000	0.0000	0.0000	0.0000	0.0000	0.0000	0.0000	1.0000
0.0000	0.0000	0.0000	0.0000	0.0000	0.0000	0.0000	0.0000	0.0000	0.0000	0.0000	1.0000
0.0000	0.0000	0.0000	0.0000	0.0000	0.0000	0.0000	0.0000	0.0000	0.0000	0.0000	1.0000
0.0000	0.0000	0.0000	0.0000	0.0000	0.0000	0.0000	0.0000	0.0000	0.0000	0.0000	1.0000
0.0000	0.0000	0.9994	0.0000	0.0000	0.0004	0.0000	0.0000	0.0002	0.0000	0.0000	0.0000
0.0000	0.0000	0.9994	0.0000	0.0000	0.0005	0.0000	0.0000	0.0001	0.0000	0.0000	0.0000
0.0000	0.0000	0.0000	0.0000	0.0000	0.0000	0.0000	0.0000	0.0000	0.0000	0.0000	1.0000
0.0000	0.0000	0.9999	0.0000	0.0000	0.0000	0.0000	0.0000	0.0000	0.0000	0.0000	0.0001
0.0000	0.0000	0.6811	0.0000	0.0000	0.0000	0.0000	0.0000	0.0000	0.0000	0.0000	0.3189
0.0000	0.0000	0.0000	0.0000	0.0000	0.0000	0.0000	0.0000	0.0000	0.0000	0.0000	1.0000
0.0000	0.0000	0.9182	0.0000	0.0000	0.0000	0.0000	0.0000	0.0000	0.0000	0.0000	0.0818
0.0000	0.0000	0.8823	0.0000	0.0000	0.0000	0.0000	0.0000	0.0000	0.0000	0.0000	0.1177
0.0000	0.0000	0.0000	0.0000	0.0000	0.0000	0.0000	0.0000	1.0000	0.0000	0.0000	0.0000
0.0000	0.0000	0.9689	0.0000	0.0000	0.0279	0.0033	0.0000	0.0000	0.0000	0.0000	0.0000
0.0000	0.0000	0.0000	0.0000	0.0000	0.0000	1.0000	0.0000	0.0000	0.0000	0.0000	0.0000
0.0000	0.0000	0.0000	0.0000	0.0000	0.0000	0.0000	0.0000	1.0000	0.0000	0.0000	0.0000
0.0000	0.0000	0.0000	0.0000	0.0000	0.0000	1.0000	0.0000	0.0000	0.0000	0.0000	0.0000
0.0000	0.0000	0.0000	0.0000	0.0000	0.0000	0.0000	0.0000	1.0000	0.0000	0.0000	0.0000
0.0000	0.0000	0.0000	0.0000	0.0000	0.0000	0.0000	0.0000	1.0000	0.0000	0.0000	0.0000
0.0000	0.0000	0.9638	0.0000	0.0000	0.0000	0.0362	0.0000	0.0000	0.0000	0.0000	0.0000
0.0000	0.0000	0.0000	0.0000	0.0000	0.0000	0.0000	0.0000	1.0000	0.0000	0.0000	0.0000
0.0000	0.0000	0.0004	0.0000	0.0000	0.0000	0.9996	0.0000	0.0000	0.0000	0.0000	0.0000
0.0000	0.0000	0.0000	0.0000	0.0000	0.0000	0.0000	0.0000	1.0000	0.0000	0.0000	0.0000
0.0000	0.0000	0.0000	0.0000	0.0000	0.0000	1.0000	0.0000	0.0000	0.0000	0.0000	0.0000
0.0000	0.0000	0.0000	0.0000	0.0000	0.0000	0.0001	0.0000	0.9999	0.0000	0.0000	0.0000
0.0000	0.0000	0.9985	0.0000	0.0000	0.0010	0.0005	0.0000	0.0000	0.0000	0.0000	0.0000
0.0000	0.0000	0.0000	0.0000	0.0000	0.0000	1.0000	0.0000	0.0000	0.0000	0.0000	0.0000
0.0000	0.0000	0.9628	0.0000	0.0000	0.0050	0.0321	0.0000	0.0000	0.0000	0.0000	0.0000
0.0000	0.0000	0.9782	0.0000	0.0000	0.0000	0.0217	0.0000	0.0000	0.0000	0.0000	0.0000
0.0000	0.0000	0.9849	0.0000	0.0000	0.0103	0.0048	0.0000	0.0000	0.0000	0.0000	0.0000
0.0000	0.0000	0.0263	0.0000	0.0000	0.0000	0.9737	0.0000	0.0000	0.0000	0.0000	0.0000
0.0000	0.0000	0.0000	0.0000	0.0000	0.0000	0.0000	0.0000	1.0000	0.0000	0.0000	0.0000
0.0000	0.0000	0.0000	0.0000	0.0000	0.0000	1.0000	0.0000	0.0000	0.0000	0.0000	0.0000
0.0000	0.0000	0.0000	0.0000	0.0000	0.0000	0.0000	0.0000	1.0000	0.0000	0.0000	0.0000
0.0000	0.0000	0.1466	0.0000	0.0000	0.0000	0.8534	0.0000	0.0000	0.0000	0.0000	0.0000
0.0000	0.0000	0.0000	0.0000	0.0000	0.0000	0.0000	0.0000	1.0000	0.0000	0.0000	0.0000
0.0000	0.0000	0.9600	0.0000	0.0000	0.0003	0.0397	0.0000	0.0000	0.0000	0.0000	0.0000
0.0000	0.0000	0.0000	0.0000	0.0000	0.0000	1.0000	0.0000	0.0000	0.0000	0.0000	0.0000
0.0000	0.0000	0.0000	0.0000	0.0000	0.0000	0.0000	0.0000	1.0000	0.0000	0.0000	0.0000
0.0000	0.0000	0.0000	0.0000	0.0000	0.0000	1.0000	0.0000	0.0000	0.0000	0.0000	0.0000
0.0000	0.0000	0.0000	0.0000	0.0000	0.0000	0.0000	0.0000	1.0000	0.0000	0.0000	0.0000
0.0000	0.0000	0.0000	0.0000	0.0000	0.0000	1.0000	0.0000	0.0000	0.0000	0.0000	0.0000
