0.9441	0.0000	0.0000	0.0000	0.0000	0.0001	0.0007	0.0535	0.0000	0.0003	0.0000	0.0014
0.0000	0.0000	0.0000	0.0000	0.0000	0.0000	0.0000	0.0000	1.0000	0.0000	0.0000	0.0000
0.0000	0.0000	0.0000	0.0000	0.0000	0.0000	0.0000	0.0000	1.0000	0.0000	0.0000	0.0000
0.0000	0.0047	0.0000	0.0000	0.0000	0.0000	0.3071	0.6880	0.0000	0.0000	0.0000	0.0001
0.0000	0.0000	0.0000	0.0000	0.0000	0.0000	0.0090	0.0045	0.0000	0.0000	0.0381	0.9484
0.0000	0.0000	0.0000	0.0000	0.0000	0.0000	0.0000	0.0000	0.0000	1.0000	0.0000	0.0000
0.0004	0.0000	0.0000	0.0000	0.0000	0.0000	0.0000	0.0000	0.0000	0.9996	0.0000	0.0000
0.0000	0.0000	0.0000	0.0000	0.0000	0.0000	0.0042	0.0001	0.0000	0.0006	0.0001	0.9951
0.0000	0.0000	0.0000	0.0000	0.0000	0.0000	0.0000	0.9988	0.0000	0.0000	0.0000	0.0012
1.0000	0.0000	0.0000	0.0000	0.0000	0.0000	0.0000	0.0000	0.0000	0.0000	0.0000	0.0000
0.0000	0.0000	0.0000	0.0000	0.0000	0.0000	0.0139	0.0000	0.0000	0.0000	0.0000	0.9860
0.0000	0.0000	0.0000	0.0000	0.0000	0.0000	0.0000	0.0000	0.0000	1.0000	0.0000	0.0000
0.0000	0.0133	0.4158	0.0000	0.0000	0.5568	0.0129	0.0005	0.0000	0.0000	0.0000	0.0005
0.2839	0.0000	0.0003	0.0000	0.0000	0.0159	0.3414	0.0033	0.0000	0.3481	0.0000	0.0070
0.0000	0.0000	0.0000	0.0000	0.0000	0.0000	0.0000	0.0000	1.0000	0.0000	0.0000	0.0000
0.0000	0.0000	0.0000	0.0000	0.0000	0.0001	0.9856	0.0142	0.0000	0.0000	0.0000	0.0001
0.0000	0.0000	0.0000	0.0000	0.0000	0.0075	0.7786	0.0102	0.0000	0.0004	0.0000	0.2033
0.0000	0.2781	0.7219	0.0000	0.0000	0.0000	0.0000	0.0000	0.0000	0.0000	0.0000	0.0000
0.0000	0.0007	0.7904	0.0000	0.0000	0.1319	0.0617	0.0019	0.0000	0.0000	0.0000	0.0133
0.0000	0.0000	0.0000	0.0000	0.0000	0.0000	0.0000	0.0000	1.0000	0.0000	0.0000	0.0000
0.0000	0.0000	0.0000	0.0000	1.0000	0.0000	0.0000	0.0000	0.0000	0.0000	0.0000	0.0000
0.0000	0.0000	0.0000	0.0000	0.0000	0.0000	0.8271	0.0027	0.0000	0.0000	0.0000	0.1700
0.0000	0.0000	0.0268	0.0000	0.0000	0.0053	0.1287	0.0012	0.0000	0.0000	0.0000	0.8379
0.0000	0.0000	0.0000	0.0000	0.0000	0.0000	0.0000	0.0000	0.0000	0.9992	0.0002	0.0006
0.0000	0.0000	0.0000	0.0000	0.0000	0.9999	0.0000	0.0000	0.0000	0.0000	0.0000	0.0000
0.0000	0.0000	0.0000	0.0000	0.0000	0.0003	0.0671	0.0000	0.0000	0.0151	0.0000	0.9176
0.0000	0.0003	0.0000	0.0000	0.0000	0.0977	0.1016	0.4171	0.0000	0.0000	0.0000	0.3833
0.0000	0.0000	0.0000	0.0000	0.0000	0.0000	0.0000	0.0000	0.0003	0.9995	0.0000	0.0002
0.0000	0.0000	0.0000	0.0000	0.0000	0.0000	0.0000	0.0000	0.0000	0.0000	1.0000	0.0000
0.0000	0.0000	0.0000	0.0000	0.0000	1.0000	0.0000	0.0000	0.0000	0.0000	0.0000	0.0000
0.0000	0.0000	0.0000	0.0000	0.0000	0.0000	0.0000	1.0000	0.0000	0.0000	0.0000	0.0000
0.0000	0.0000	0.0000	0.0000	0.0000	0.0009	0.0000	0.0442	0.0000	0.0000	0.0000	0.9548
0.0000	0.0000	0.0000	0.0000	0.0000	0.0000	0.0000	0.0000	1.0000	0.0000	0.0000	0.0000
0.0000	0.0053	0.0000	0.0000	0.0000	0.7551	0.2374	0.0002	0.0000	0.0000	0.0000	0.0020
0.0000	0.0000	0.0000	0.0025	0.0000	0.0000	0.0000	0.0000	0.0000	0.9975	0.0000	0.0000
0.0000	0.0000	0.0000	0.0000	0.0000	0.0000	0.0000	0.0000	0.0000	0.9999	0.0000	0.0001
0.0000	0.9263	0.0000	0.0000	0.0000	0.0007	0.0726	0.0004	0.0000	0.0000	0.0000	0.0000
0.0000	0.3124	0.0001	0.0000	0.0000	0.1536	0.4951	0.0314	0.0000	0.0000	0.0000	0.0073
0.0000	0.0028	0.0000	0.0000	0.0000	0.0195	0.9212	0.0065	0.0000	0.0000	0.0000	0.0499
0.0617	0.0000	0.0000	0.0000	0.0000	0.0000	0.0000	0.0000	0.0000	0.0002	0.0000	0.9381
0.0003	0.0000	0.0000	0.0000	0.0000	0.0000	0.0918	0.0016	0.0000	0.8186	0.0000	0.0877
0.0000	0.0000	0.0000	0.0000	1.0000	0.0000	0.0000	0.0000	0.0000	0.0000	0.0000	0.0000
0.0000	0.0183	0.8696	0.0000	0.0000	0.0213	0.0350	0.0274	0.0000	0.0000	0.0000	0.0284
0.0000	0.0000	0.0000	0.0000	0.0000	0.0000	0.0000	0.0056	0.0000	0.0000	0.0000	0.9944
1.0000	0.0000	0.0000	0.0000	0.0000	0.0000	0.0000	0.0000	0.0000	0.0000	0.0000	0.0000
0.0000	0.0000	0.0018	0.0000	0.0000	0.8456	0.0028	0.0051	0.0000	0.0234	0.0000	0.1213
0.0000	0.0000	0.0001	0.0000	0.0000	0.0000	0.9874	0.0124	0.0000	0.0000	0.0000	0.0001
0.0075	0.0000	0.0000	0.0000	0.0000	0.0000	0.0000	0.0000	0.0000	0.0003	0.0034	0.9889
0.0000	0.0077	0.8927	0.0000	0.0000	0.0964	0.0026	0.0005	0.0000	0.0000	0.0000	0.0001
0.0000	0.0062	0.1921	0.0000	0.0000	0.7996	0.0019	0.0002	0.0000	0.0000	0.0000	0.0000
0.0000	0.0000	0.0140	0.0000	0.0000	0.0000	0.9835	0.0000	0.0000	0.0000	0.0000	0.0025
0.0000	0.9952	0.0000	0.0000	0.0000	0.0000	0.0000	0.0048	0.0000	0.0000	0.0000	0.0000
0.0000	0.0000	0.0000	0.0000	0.0000	0.0000	0.9763	0.0235	0.0000	0.0001	0.0000	0.0001
0.0000	0.0000	0.0000	0.0000	0.0000	0.0000	0.0000	0.0000	1.0000	0.0000	0.0000	0.0000
0.0000	0.0000	0.0000	0.0000	1.0000	0.0000	0.0000	0.0000	0.0000	0.0000	0.0000	0.0000
0.0000	0.0000	0.4087	0.0000	0.0000	0.5810	0.0083	0.0012	0.0000	0.0000	0.0000	0.0007
0.0000	0.0002	0.1149	0.0000	0.0000	0.8817	0.0028	0.0002	0.0000	0.0000	0.0000	0.0003
0.0009	0.0000	0.0000	0.0000	0.0000	0.0012	0.4875	0.5033	0.0000	0.0000	0.0000	0.0071
0.0000	0.0000	0.0000	0.0000	0.0000	0.0000	0.0012	0.0000	0.0000	0.0223	0.0001	0.9765
0.0000	0.0002	0.9517	0.0000	0.0000	0.0025	0.0450	0.0000	0.0000	0.0000	0.0000	0.0006
0.0000	0.0000	0.0000	0.0000	1.0000	0.0000	0.0000	0.0000	0.0000	0.0000	0.0000	0.0000
0.0000	0.0000	0.8159	0.0000	0.0000	0.0017	0.1583	0.0000	0.0000	0.0000	0.0000	0.0242
0.0001	0.0000	0.0000	0.0000	0.0000	0.9501	0.0490	0.0000	0.0000	0.0008	0.0000	0.0000
0.0000	0.0000	0.0000	0.0000	0.0000	0.0000	0.9899	0.0000	0.0000	0.0000	0.0000	0.0101
0.6629	0.0000	0.0021	0.0000	0.0000	0.2227	0.0020	0.0001	0.0000	0.1084	0.0000	0.0019
0.0000	0.0409	0.0000	0.0000	0.0000	0.0375	0.9032	0.0120	0.0000	0.0000	0.0000	0.0065
0.0000	0.0000	0.0000	0.0000	0.0000	0.0000	0.0000	0.0000	0.0000	0.0000	1.0000	0.0000
0.0000	0.0000	0.0000	0.0000	0.0000	0.1609	0.5153	0.3237	0.0000	0.0000	0.0000	0.0000
0.0000	0.0000	0.0000	0.0000	0.0000	0.0000	0.0000	0.0107	0.0000	0.0000	0.0000	0.9893
0.9883	0.0000	0.0000	0.0000	0.0000	0.0000	0.0000	0.0000	0.0060	0.0022	0.0035	0.0000
0.0000	0.0000	0.0000	0.0000	0.0000	0.0000	0.0000	0.0000	0.0000	0.9998	0.0002	0.0000
0.0000	0.0000	0.0000	0.9345	0.0000	0.0000	0.0000	0.0000	0.0000	0.0654	0.0000	0.0001
0.0000	0.0000	0.0000	0.0000	0.0000	0.0000	0.0038	0.0684	0.0000	0.0000	0.0000	0.9278
0.0000	0.0000	0.0000	0.0000	0.0000	0.0000	0.0000	0.0000	0.0000	0.0000	0.0000	0.9999
0.0000	0.0000	0.0000	0.0000	0.0000	0.0000	0.0000	0.0000	1.0000	0.0000	0.0000	0.0000
0.0000	0.0000	0.0000	0.0000	0.0000	0.0000	0.0000	0.0000	1.0000	0.0000	0.0000	0.0000
0.0000	0.0397	0.0000	0.0000	0.0000	0.6534	0.1889	0.0826	0.0000	0.0000	0.0000	0.0353
0.0000	0.0000	0.0000	0.0000	0.0000	0.2274	0.0005	0.2351	0.0000	0.0000	0.0000	0.5370
0.0000	0.0000	0.0000	0.0000	0.0000	0.0000	0.7098	0.0000	0.0000	0.0000	0.0000	0.2902
0.0000	0.0000	0.0000	0.0000	0.0000	0.0000	0.0000	0.0000	0.0000	0.0000	0.0000	1.0000
0.0000	0.0000	0.0000	0.0000	0.0000	0.0000	0.0000	0.0000	0.0000	0.0000	1.0000	0.0000
0.0000	0.0035	0.0020	0.0000	0.0000	0.9940	0.0002	0.0001	0.0000	0.0000	0.0000	0.0002
0.0000	0.0000	0.0000	0.0000	0.0000	0.0000	0.9999	0.0001	0.0000	0.0000	0.0000	0.0000
0.0000	0.0000	0.0000	0.0000	0.0000	0.0000	0.0000	0.0000	0.0000	0.0000	0.0000	1.0000
0.0000	0.0000	0.0000	0.0000	0.0000	0.0000	0.0000	0.0000	0.0000	0.0000	0.0000	1.0000
0.0000	0.0000	0.9998	0.0000	0.0000	0.0001	0.0000	0.0000	0.0000	0.0000	0.0000	0.0000
0.0000	0.0000	0.0000	0.0000	0.0000	0.0000	0.0000	0.0000	0.0000	0.0000	0.0000	1.0000
0.0000	0.0000	0.0011	0.0000	0.0000	0.0000	0.0000	0.0000	0.0000	0.0000	0.0000	0.9989
0.0000	0.0000	0.7494	0.0000	0.0000	0.0000	0.0000	0.0000	0.0000	0.0000	0.0000	0.2506
0.0000	0.0000	0.0000	0.0000	0.0000	0.0000	0.0000	0.0000	0.0000	0.0000	0.0000	1.0000
0.0000	0.0000	0.0000	0.0000	0.0000	0.0000	0.0000	0.0000	0.0000	0.0000	0.0000	1.0000
0.0000	0.0000	0.0000	0.0000	0.0000	0.0000	0.0000	0.0000	0.0000	0.0000	0.0000	1.0000
0.0000	0.0000	0.0000	0.0000	0.0000	0.0000	0.0000	0.0000	0.0000	0.0000	0.0000	1.0000
0.0000	0.0000	0.0000	0.0000	0.0000	0.0000	0.0000	0.0000	0.0000	0.0000	0.0000	1.0000
0.0000	0.0000	0.0000	0.0000	0.0000	0.0000	0.0000	0.0000	0.0000	0.0000	0.0000	1.0000
0.0000	0.0000	0.9999	0.0000	0.0000	0.0000	0.0000	0.0000	0.0000	0.0000	0.0000	0.0001
0.0000	0.0000	0.9999	0.0000	0.0000	0.0000	0.0000	0.0000	0.0000	0.0000	0.0000	0.0000
0.0000	0.0000	0.0000	0.0000	0.0000	0.0000	0.0000	0.0000	0.0000	0.0000	0.0000	1.0000
0.0000	0.0000	0.9999	0.0000	0.0000	0.0000	0.0000	0.0000	0.0000	0.0000	0.0000	0.0001
0.0000	0.0000	0.1826	0.0000	0.0000	0.0000	0.0000	0.0000	0.0000	0.0000	0.0000	0.8174
0.0000	0.0000	0.0000	0.0000	0.0000	0.0000	0.0000	0.0000	0.0000	0.0000	0.0000	1.0000
0.0000	0.0000	0.9907	0.0000	0.0000	0.0000	0.0000	0.0000	0.0000	0.0000	0.0000	0.0093
0.0000	0.0000	0.9484	0.0000	0.0000	0.0000	0.0000	0.0000	0.0000	0.0000	0.0000	0.0515
0.0000	0.0000	0.0000	0.0000	0.0000	0.0000	0.0000	0.0000	1.0000	0.0000	0.0000	0.0000
0.0000	0.0000	0.9985	0.0000	0.0000	0.0012	0.0003	0.0000	0.0000	0.0000	0.0000	0.0000
0.0000	0.0000	0.0000	0.0000	0.0000	0.0000	1.0000	0.0000	0.0000	0.0000	0.0000	0.0000
0.0000	0.0000	0.0000	0.0000	0.0000	0.0000	0.0000	0.0000	1.0000	0.0000	0.0000	0.0000
0.0000	0.0000	0.0002	0.0000	0.0000	0.0000	0.9998	0.0000	0.0000	0.0000	0.0000	0.0000
0.0000	0.0000	0.0000	0.0000	0.0000	0.0000	0.0000	0.0000	1.0000	0.0000	0.0000	0.0000
0.0000	0.0000	0.0000	0.0000	0.0000	0.0000	0.0000	0.0000	1.0000	0.0000	0.0000	0.0000
0.0000	0.0000	0.9966	0.0000	0.0000	0.0000	0.0034	0.0000	0.0000	0.0000	0.0000	0.0000
0.0000	0.0000	0.0000	0.0000	0.0000	0.0000	0.0000	0.0000	1.0000	0.0000	0.0000	0.0000
0.0000	0.0000	0.0024	0.0000	0.0000	0.0000	0.9975	0.0000	0.0000	0.0000	0.0000	0.0000
0.0000	0.0000	0.0000	0.0000	0.0000	0.0000	0.0000	0.0000	1.0000	0.0000	0.0000	0.0000
0.0000	0.0000	0.0000	0.0000	0.0000	0.0000	1.0000	0.0000	0.0000	0.0000	0.0000	0.0000
0.0000	0.0000	0.0000	0.0000	0.0000	0.0000	0.0000	0.0000	1.0000	0.0000	0.0000	0.0000
0.0000	0.0000	0.9995	0.0000	0.0000	0.0003	0.0002	0.0000	0.0000	0.0000	0.0000	0.0000
0.0000	0.0000	0.0000	0.0000	0.0000	0.0000	1.0000	0.0000	0.0000	0.0000	0.0000	0.0000
0.0000	0.0000	0.6780	0.0000	0.0000	0.0671	0.2549	0.0000	0.0000	0.0000	0.0000	0.0000
0.0000	0.0000	0.9991	0.0000	0.0000	0.0000	0.0009	0.0000	0.0000	0.0000	0.0000	0.0000
0.0000	0.0000	0.9991	0.0000	0.0000	0.0005	0.0004	0.0000	0.0000	0.0000	0.0000	0.0000
0.0000	0.0000	0.3901	0.0000	0.0000	0.0000	0.6098	0.0000	0.0000	0.0000	0.0000	0.0000
0.0000	0.0000	0.0000	0.0000	0.0000	0.0000	0.0000	0.0000	1.0000	0.0000	0.0000	0.0000
0.0000	0.0000	0.0005	0.0000	0.0000	0.0000	0.9995	0.0000	0.0000	0.0000	0.0000	0.0000
0.0000	0.0000	0.0000	0.0000	0.0000	0.0000	0.0000	0.0000	1.0000	0.0000	0.0000	0.0000
0.0000	0.0000	0.0011	0.0000	0.0000	0.0000	0.9989	0.0000	0.0000	0.0000	0.0000	0.0000
0.0000	0.0000	0.0000	0.0000	0.0000	0.0000	0.0000	0.0000	1.0000	0.0000	0.0000	0.0000
0.0000	0.0000	0.9981	0.0000	0.0000	0.0000	0.0019	0.0000	0.0000	0.0000	0.0000	0.0000
0.0000	0.0000	0.0000	0.0000	0.0000	0.0000	1.0000	0.0000	0.0000	0.0000	0.0000	0.0000
0.0000	0.0000	0.0000	0.0000	0.0000	0.0000	0.0000	0.0000	1.0000	0.0000	0.0000	0.0000
0.0000	0.0000	0.0000	0.0000	0.0000	0.0000	1.0000	0.0000	0.0000	0.0000	0.0000	0.0000
0.0000	0.0000	0.0000	0.0000	0.0000	0.0000	0.0000	0.0000	1.0000	0.0000	0.0000	0.0000
0.0000	0.0000	0.0000	0.0000	0.0000	0.0000	1.0000	0.0000	0.0000	0.0000	0.0000	0.0000
