0.0000	0.0000	0.0000	0.0000	0.0000	0.0000	0.0005	0.0011	0.0000	0.9417	0.0267	0.0300
0.0000	0.0000	0.0000	0.0000	0.0000	0.0000	0.0000	0.0000	0.0000	0.0205	0.0000	0.9795
0.0000	0.0000	0.0000	0.0000	0.0000	0.0000	0.0022	0.0000	0.0000	0.0001	0.0000	0.9977
0.0000	0.0000	0.0000	0.0000	0.0000	0.0000	0.0000	0.0000	1.0000	0.0000	0.0000	0.0000
0.0000	0.0002	0.0183	0.0000	0.0000	0.8907	0.0562	0.0339	0.0000	0.0000	0.0000	0.0007
0.0000	0.0000	0.0000	0.0000	0.0000	0.0000	0.9944	0.0054	0.0000	0.0000	0.0002	0.0000
0.0000	0.0000	0.0000	0.0000	0.0000	0.0000	0.0000	0.0000	0.0000	1.0000	0.0000	0.0000
0.9364	0.0000	0.0000	0.0000	0.0000	0.0000	0.0000	0.0000	0.0000	0.0000	0.0000	0.0636
0.9483	0.0000	0.0000	0.0000	0.0000	0.0006	0.0507	0.0003	0.0000	0.0000	0.0000	0.0000
0.9984	0.0000	0.0000	0.0000	0.0000	0.0000	0.0015	0.0000	0.0000	0.0000	0.0000	0.0000
0.0048	0.0000	0.0000	0.0000	0.0000	0.0023	0.9228	0.0700	0.0000	0.0000	0.0000	0.0001
0.9890	0.0000	0.0000	0.0000	0.0000	0.0000	0.0003	0.0000	0.0107	0.0000	0.0000	0.0000
0.0000	0.0000	0.0000	0.0000	0.0000	0.0000	0.0000	0.0000	0.0000	0.0465	0.0000	0.9535
0.0000	0.0000	0.0000	0.0000	1.0000	0.0000	0.0000	0.0000	0.0000	0.0000	0.0000	0.0000
0.0000	0.9999	0.0001	0.0000	0.0000	0.0000	0.0000	0.0000	0.0000	0.0000	0.0000	0.0000
0.0002	0.0106	0.9421	0.0000	0.0000	0.0310	0.0153	0.0001	0.0000	0.0000	0.0000	0.0007
0.6919	0.0000	0.0000	0.0000	0.0000	0.0000	0.0000	0.0000	0.3081	0.0000	0.0000	0.0000
0.0000	0.0000	0.0000	0.0000	0.0568	0.0000	0.0000	0.0000	0.0000	0.0000	0.9432	0.0000
0.0000	0.9965	0.0000	0.0000	0.0000	0.0000	0.0000	0.0035	0.0000	0.0000	0.0000	0.0000
0.0000	0.0000	0.1165	0.0000	0.0000	0.0000	0.8749	0.0045	0.0000	0.0001	0.0000	0.0039
0.0000	0.0000	0.0000	0.0000	0.0000	0.0000	0.0000	0.0000	1.0000	0.0000	0.0000	0.0000
0.0000	0.0000	0.0000	0.0000	0.0000	0.0000	0.1444	0.8556	0.0000	0.0000	0.0000	0.0000
0.0000	0.0000	0.0000	0.0001	0.0000	0.0000	0.0000	0.0000	0.0000	0.9900	0.0000	0.0100
0.0000	0.2167	0.7829	0.0000	0.0000	0.0003	0.0000	0.0000	0.0000	0.0000	0.0000	0.0000
0.0000	0.0002	0.9981	0.0000	0.0000	0.0017	0.0000	0.0000	0.0000	0.0000	0.0000	0.0000
0.0107	0.0000	0.0000	0.0000	0.0000	0.0000	0.0000	0.9893	0.0000	0.0000	0.0000	0.0000
1.0000	0.0000	0.0000	0.0000	0.0000	0.0000	0.0000	0.0000	0.0000	0.0000	0.0000	0.0000
0.0099	0.0000	0.0000	0.0000	0.0000	0.0000	0.0001	0.0001	0.0000	0.9900	0.0000	0.0000
0.0000	0.0000	0.0000	0.0000	0.0000	0.0000	0.0055	0.0000	0.0000	0.0008	0.0000	0.9937
0.0000	0.0000	0.0000	0.0000	0.0000	0.0000	0.0000	0.0000	1.0000	0.0000	0.0000	0.0000
0.0000	0.0647	0.9186	0.0000	0.0000	0.0164	0.0002	0.0001	0.0000	0.0000	0.0000	0.0000
0.0000	0.0000	0.0000	0.0000	0.0000	0.0000	0.0327	0.9672	0.0000	0.0000	0.0000	0.0000
0.0000	0.0000	0.0000	0.0000	0.0000	0.0000	0.0000	0.0000	0.0000	1.0000	0.0000	0.0000
0.0000	0.0000	0.0000	0.0000	0.0000	0.0000	0.0012	0.9988	0.0000	0.0000	0.0000	0.0000
0.0474	0.0000	0.0390	0.0000	0.0000	0.0333	0.0063	0.4282	0.0000	0.0112	0.0002	0.4343
0.0000	0.0000	0.0000	0.0000	0.0000	0.0000	0.0000	0.0000	1.0000	0.0000	0.0000	0.0000
0.0000	0.0496	0.4408	0.0000	0.0000	0.4181	0.0904	0.0001	0.0000	0.0000	0.0000	0.0009
0.1752	0.0000	0.0000	0.0000	0.0000	0.1597	0.6635	0.0011	0.0000	0.0000	0.0000	0.0004
0.0000	0.0002	0.1007	0.0000	0.0000	0.8984	0.0002	0.0000	0.0000	0.0000	0.0000	0.0005
0.5903	0.0000	0.0000	0.0000	0.0000	0.0000	0.0000	0.0000	0.0000	0.0000	0.0000	0.4097
0.0000	0.0000	0.0000	0.0000	0.0000	0.0000	0.0000	0.0000	1.0000	0.0000	0.0000	0.0000
0.0000	0.8055	0.0998	0.0000	0.0000	0.0941	0.0002	0.0003	0.0000	0.0000	0.0000	0.0001
0.0001	0.0001	0.0000	0.0000	0.0000	0.5456	0.0254	0.1799	0.0000	0.0003	0.0000	0.2485
0.0000	0.0000	0.0001	0.0000	0.0000	0.0000	0.2059	0.0179	0.0000	0.0015	0.0000	0.7746
1.0000	0.0000	0.0000	0.0000	0.0000	0.0000	0.0000	0.0000	0.0000	0.0000	0.0000	0.0000
0.0180	0.0000	0.0000	0.0000	0.0000	0.0000	0.0000	0.0000	0.9820	0.0000	0.0000	0.0000
0.0000	0.0000	0.2389	0.0000	0.0000	0.0000	0.3723	0.3477	0.0000	0.0077	0.0000	0.0333
0.0000	0.0000	0.0000	0.0000	0.0000	0.0000	0.0000	0.0000	0.0000	1.0000	0.0000	0.0000
0.0000	0.0000	0.0000	0.0000	1.0000	0.0000	0.0000	0.0000	0.0000	0.0000	0.0000	0.0000
0.9941	0.0000	0.0000	0.0000	0.0000	0.0000	0.0000	0.0000	0.0000	0.0000	0.0000	0.0059
0.0000	0.0000	0.0026	0.0000	0.0000	0.9974	0.0000	0.0000	0.0000	0.0000	0.0000	0.0000
0.0000	0.1998	0.3122	0.0000	0.0000	0.4870	0.0005	0.0005	0.0000	0.0000	0.0000	0.0000
0.0000	0.0000	0.0217	0.0000	0.0000	0.0000	0.9681	0.0007	0.0000	0.0075	0.0000	0.0020
0.0000	0.9752	0.0248	0.0000	0.0000	0.0000	0.0000	0.0000	0.0000	0.0000	0.0000	0.0000
0.0148	0.0000	0.0000	0.0000	0.0000	0.0006	0.9516	0.0306	0.0000	0.0000	0.0000	0.0024
0.0040	0.0000	0.0000	0.7207	0.0000	0.0000	0.0006	0.0000	0.0000	0.2746	0.0001	0.0001
0.0000	0.0000	0.0000	0.0000	0.0000	0.0000	0.0052	0.0000	0.0000	0.0597	0.0000	0.9351
0.0000	0.0000	0.0000	0.0000	0.9998	0.0000	0.0000	0.0000	0.0000	0.0000	0.0002	0.0000
0.0000	0.0000	0.9332	0.0000	0.0000	0.0000	0.0560	0.0024	0.0000	0.0002	0.0000	0.0083
0.0000	0.0000	0.0000	0.0000	0.0000	0.0000	0.0000	0.0000	0.0000	1.0000	0.0000	0.0000
0.0000	0.0000	0.0000	0.0000	0.0000	0.9785	0.0000	0.0000	0.0000	0.0215	0.0000	0.0000
0.3460	0.0000	0.0000	0.0000	0.0000	0.0048	0.0025	0.0021	0.0000	0.6446	0.0000	0.0000
0.0000	0.0000	0.0000	0.0000	0.0000	0.0000	0.9814	0.0000	0.0000	0.0001	0.0000	0.0184
0.0000	0.1061	0.0025	0.0000	0.0000	0.0000	0.8913	0.0000	0.0000	0.0000	0.0000	0.0001
0.0000	0.0000	0.0003	0.0002	0.0000	0.0000	0.0595	0.0000	0.0000	0.0063	0.0000	0.9338
0.0000	0.0000	0.0000	0.0000	0.0000	0.0000	0.0000	0.0000	0.0000	0.0000	1.0000	0.0000
0.0000	0.0780	0.0000	0.0000	0.0000	0.0000	0.9220	0.0000	0.0000	0.0000	0.0000	0.0000
0.0539	0.0000	0.0592	0.0000	0.0000	0.0092	0.2315	0.6460	0.0000	0.0000	0.0000	0.0003
0.9050	0.0000	0.0000	0.0000	0.0000	0.0000	0.0000	0.0000	0.0950	0.0000	0.0000	0.0000
0.0000	0.0000	0.0015	0.0000	0.0000	0.0000	0.1571	0.8072	0.0000	0.0000	0.0000	0.0342
0.0000	0.0000	0.9969	0.0000	0.0000	0.0031	0.0000	0.0000	0.0000	0.0000	0.0000	0.0000
1.0000	0.0000	0.0000	0.0000	0.0000	0.0000	0.0000	0.0000	0.0000	0.0000	0.0000	0.0000
0.0000	0.0000	0.0000	0.0000	0.0000	0.0000	0.0000	0.0000	1.0000	0.0000	0.0000	0.0000
0.0000	0.0000	0.0000	0.0000	0.0000	0.0000	0.0000	0.0000	1.0000	0.0000	0.0000	0.0000
0.9894	0.0000	0.0000	0.0000	0.0000	0.0000	0.0000	0.0000	0.0000	0.0093	0.0013	0.0001
0.0000	0.0000	0.0000	0.0000	0.0000	0.0000	0.0000	0.0000	0.0000	0.9988	0.0000	0.0011
0.0000	0.5267	0.2733	0.0000	0.0000	0.1083	0.0893	0.0023	0.0000	0.0000	0.0000	0.0002
0.0000	0.0000	0.0000	0.0000	0.0000	0.0000	0.0000	0.0000	0.0000	0.0000	0.0000	1.0000
0.0000	0.0000	0.0000	0.0000	0.0000	0.0000	0.0000	0.0000	0.0000	0.0000	0.0000	1.0000
0.0001	0.0000	0.9988	0.0001	0.0000	0.0010	0.0000	0.0000	0.0000	0.0000	0.0000	0.0000
0.0000	0.0000	0.0000	0.0000	0.0000	0.0000	0.0002	0.0000	0.0000	0.0000	0.0000	0.9998
0.0000	0.0000	0.0000	0.0000	0.0000	0.0000	0.0000	0.0000	0.0000	0.0000	0.0000	1.0000
0.0000	0.0000	0.0000	0.0000	0.0000	0.0000	0.0000	0.0000	0.0000	0.0000	0.0000	1.0000
0.0000	0.0000	0.0000	0.0000	0.0000	0.0000	0.0000	0.0000	0.0000	0.0000	0.0000	1.0000
0.0000	0.0000	0.0000	0.0000	0.0000	0.0000	0.0006	0.0000	0.0000	0.0000	0.0000	0.9994
0.0000	0.0000	0.0000	0.0000	0.0000	0.0000	0.0000	0.0000	0.0000	0.0000	0.0000	1.0000
0.0000	0.0000	0.9994	0.0000	0.0000	0.0000	0.0000	0.0000	0.0000	0.0000	0.0000	0.0006
0.0000	0.0000	0.0000	0.0000	0.0000	0.0000	0.0000	0.0000	0.0000	0.0000	0.0000	1.0000
0.0000	0.0000	0.9981	0.0001	0.0000	0.0018	0.0000	0.0000	0.0000	0.0000	0.0000	0.0000
0.0000	0.0000	0.0000	0.0000	0.0000	0.0000	0.0000	0.0000	0.0000	0.0000	0.0000	1.0000
0.0000	0.0000	0.0000	0.0000	0.0000	0.0000	0.0000	0.0000	0.0000	0.0000	0.0000	1.0000
0.0000	0.0000	0.9556	0.0000	0.0000	0.0000	0.0000	0.0000	0.0000	0.0000	0.0000	0.0444
0.0000	0.0000	0.0000	0.0000	0.0000	0.0000	0.0000	0.0000	0.0000	0.0000	0.0000	1.0000
0.0000	0.0000	0.0000	0.0000	0.0000	0.0000	0.0000	0.0000	0.0000	0.0000	0.0000	1.0000
0.0000	0.0000	0.9961	0.0000	0.0000	0.0038	0.0000	0.0000	0.0000	0.0000	0.0000	0.0000
0.0000	0.0000	0.9989	0.0000	0.0000	0.0011	0.0000	0.0000	0.0000	0.0000	0.0000	0.0000
0.0000	0.0000	0.0000	0.0000	0.0000	0.0000	0.0000	0.0000	0.0000	0.0000	0.0000	1.0000
0.0000	0.0000	0.9994	0.0000	0.0000	0.0002	0.0000	0.0000	0.0000	0.0000	0.0000	0.0004
0.0000	0.0000	0.9999	0.0000	0.0000	0.0000	0.0000	0.0000	0.0000	0.0000	0.0000	0.0000
0.0003	0.0000	0.9996	0.0000	0.0000	0.0000	0.0000	0.0000	0.0000	0.0000	0.0000	0.0001
0.0000	0.0000	0.0000	0.0000	0.0000	0.0000	0.0000	0.0000	1.0000	0.0000	0.0000	0.0000
0.0000	0.0000	0.0011	0.0000	0.0000	0.0001	0.9988	0.0000	0.0000	0.0000	0.0000	0.0000
0.0000	0.0000	0.0000	0.0000	0.0000	0.0002	0.9998	0.0000	0.0000	0.0000	0.0000	0.0000
0.0000	0.0000	0.0000	0.0000	0.0000	0.0000	0.0000	0.0000	1.0000	0.0000	0.0000	0.0000
0.0000	0.0000	0.0000	0.0000	0.0000	0.0000	0.7989	0.0000	0.2011	0.0000	0.0000	0.0000
0.0000	0.0000	0.0000	0.0000	0.0000	0.0000	0.0000	0.0000	1.0000	0.0000	0.0000	0.0000
0.0000	0.0000	1.0000	0.0000	0.0000	0.0000	0.0000	0.0000	0.0000	0.0000	0.0000	0.0000
0.0000	0.0000	0.0119	0.0000	0.0000	0.0000	0.9881	0.0000	0.0000	0.0000	0.0000	0.0000
0.0000	0.0000	0.0000	0.0000	0.0000	0.0000	0.0000	0.0000	1.0000	0.0000	0.0000	0.0000
0.0000	0.0000	0.0000	0.0000	0.0000	0.0000	1.0000	0.0000	0.0000	0.0000	0.0000	0.0000
0.0000	0.0000	0.0000	0.0000	0.0000	0.0000	0.0000	0.0000	1.0000	0.0000	0.0000	0.0000
0.0000	0.0000	0.9831	0.0000	0.0000	0.0014	0.0155	0.0000	0.0000	0.0000	0.0000	0.0000
0.0000	0.0000	0.0000	0.0000	0.0000	0.0000	0.0000	0.0000	1.0000	0.0000	0.0000	0.0000
0.0000	0.0000	0.0017	0.0000	0.0000	0.0000	0.9983	0.0000	0.0000	0.0000	0.0000	0.0000
0.0000	0.0000	0.0000	0.0000	0.0000	0.0000	1.0000	0.0000	0.0000	0.0000	0.0000	0.0000
0.0000	0.0000	0.0000	0.0000	0.0000	0.0000	1.0000	0.0000	0.0000	0.0000	0.0000	0.0000
0.0000	0.0000	0.0000	0.0000	0.0000	0.0000	0.0000	0.0000	1.0000	0.0000	0.0000	0.0000
0.0000	0.0000	0.9833	0.0000	0.0000	0.0040	0.0127	0.0000	0.0000	0.0000	0.0000	0.0000
0.0000	0.0000	0.7229	0.0000	0.0000	0.0213	0.2558	0.0000	0.0000	0.0000	0.0000	0.0000
0.0000	0.0000	0.0000	0.0000	0.0000	0.0000	0.0000	0.0000	1.0000	0.0000	0.0000	0.0000
0.0000	0.0000	0.0061	0.0000	0.0000	0.0000	0.9939	0.0000	0.0000	0.0000	0.0000	0.0000
0.0000	0.0000	0.1789	0.0000	0.0000	0.0000	0.8211	0.0000	0.0000	0.0000	0.0000	0.0000
0.0000	0.0000	0.0000	0.0000	0.0000	0.0000	0.0000	0.0000	1.0000	0.0000	0.0000	0.0000
0.0000	0.0000	0.0089	0.0000	0.0000	0.0000	0.9911	0.0000	0.0000	0.0000	0.0000	0.0000
0.0000	0.0000	0.0000	0.0000	0.0000	0.0000	1.0000	0.0000	0.0000	0.0000	0.0000	0.0000
0.0000	0.0000	0.0000	0.0000	0.0000	0.0000	0.0000	0.0000	1.0000	0.0000	0.0000	0.0000
0.0000	0.0000	0.9196	0.0000	0.0000	0.0039	0.0766	0.0000	0.0000	0.0000	0.0000	0.0000
0.0000	0.0000	0.0000	0.0000	0.0000	0.0000	1.0000	0.0000	0.0000	0.0000	0.0000	0.0000
0.0000	0.0000	0.0001	0.0000	0.0000	0.0000	0.9999	0.0000	0.0000	0.0000	0.0000	0.0000
0.0000	0.0000	0.0000	0.0000	0.0000	0.0000	0.0000	0.0000	1.0000	0.0000	0.0000	0.0000
0.0000	0.0000	0.0000	0.0000	0.0000	0.0000	1.0000	0.0000	0.0000	0.0000	0.0000	0.0000
0.0000	0.0000	0.0000	0.0000	0.0000	0.0000	0.0000	0.0000	1.0000	0.0000	0.0000	0.0000
0.0000	0.0000	0.6891	0.0000	0.0000	0.3011	0.0098	0.0000	0.0000	0.0000	0.0000	0.0000
