0.0002	0.0000	0.0000	0.0000	0.0000	0.0000	0.0002	0.0000	0.0000	0.0000	0.0000	0.9996
0.0000	0.0000	0.0000	0.0000	0.0000	0.0000	0.9523	0.0476	0.0000	0.0000	0.0000	0.0000
0.0000	0.0000	0.0000	0.0000	0.0000	0.0000	0.0000	0.0000	0.0000	0.9999	0.0000	0.0001
0.0001	0.0000	0.0000	0.0000	0.0000	0.0000	0.0000	0.0000	0.0000	0.0000	0.9999	0.0000
0.0000	0.0000	0.0000	0.0000	0.0000	0.0000	0.0000	0.9999	0.0000	0.0000	0.0000	0.0001
0.0000	0.0000	0.0000	0.0000	0.0000	0.0000	0.0000	0.0000	1.0000	0.0000	0.0000	0.0000
0.0000	0.0000	0.0000	0.0000	0.0000	0.0000	0.0000	0.0000	0.0000	1.0000	0.0000	0.0000
0.0001	0.0020	0.8764	0.0000	0.0000	0.0483	0.0729	0.0001	0.0000	0.0000	0.0000	0.0003
0.4613	0.0000	0.0000	0.0000	0.0000	0.0000	0.0000	0.0000	0.5387	0.0000	0.0000	0.0000
0.0000	0.0000	0.0000	0.0000	0.0000	0.0000	0.0002	0.0000	0.0000	0.0000	0.0002	0.9996
0.0000	0.0000	0.0000	0.0000	0.0000	0.8303	0.0000	0.0000	0.0028	0.1669	0.0000	0.0000
0.0000	0.0000	0.0000	0.0000	0.0000	0.0017	0.0000	0.0000	0.0119	0.9864	0.0000	0.0000
0.0000	0.0000	0.0002	0.0000	0.0000	0.0000	0.9997	0.0000	0.0000	0.0000	0.0000	0.0001
0.0000	0.0001	0.3125	0.0000	0.0000	0.0015	0.5096	0.0051	0.0000	0.0000	0.0000	0.1713
0.0000	0.0000	0.0000	0.0000	0.0000	0.0000	0.0000	0.0000	0.0000	0.7853	0.0000	0.2147
0.0000	0.0000	0.0000	0.0000	0.0000	0.0000	0.0000	0.0000	0.0000	0.0230	0.0000	0.9770
0.0000	0.0000	0.0000	0.0000	0.0000	0.0000	0.0000	0.0000	0.0000	1.0000	0.0000	0.0000
0.0000	0.0000	0.0000	0.0000	0.0000	1.0000	0.0000	0.0000	0.0000	0.0000	0.0000	0.0000
0.6952	0.0049	0.0101	0.0000	0.0000	0.2050	0.0829	0.0001	0.0000	0.0003	0.0000	0.0016
0.0000	0.0000	0.0000	0.0000	0.0000	0.0000	0.0000	0.0000	1.0000	0.0000	0.0000	0.0000
0.0000	0.0000	0.0000	0.0855	0.0000	0.0000	0.0000	0.0000	0.0001	0.9143	0.0000	0.0001
0.0000	0.0000	0.9965	0.0000	0.0000	0.0035	0.0000	0.0000	0.0000	0.0000	0.0000	0.0000
0.0000	0.0000	0.0000	0.0002	0.0000	0.0000	0.0055	0.9944	0.0000	0.0000	0.0000	0.0000
0.9973	0.0000	0.0000	0.0000	0.0000	0.0000	0.0000	0.0000	0.0027	0.0000	0.0000	0.0000
0.0000	0.0000	0.0000	1.0000	0.0000	0.0000	0.0000	0.0000	0.0000	0.0000	0.0000	0.0000
0.0000	0.0000	0.0000	1.0000	0.0000	0.0000	0.0000	0.0000	0.0000	0.0000	0.0000	0.0000
0.0000	0.1866	0.7792	0.0000	0.0000	0.0331	0.0011	0.0000	0.0000	0.0000	0.0000	0.0000
0.0000	0.0029	0.9751	0.0000	0.0000	0.0049	0.0160	0.0000	0.0000	0.0000	0.0000	0.0011
0.0000	0.0000	0.0000	0.0000	0.0000	0.0000	0.0000	1.0000	0.0000	0.0000	0.0000	0.0000
0.9979	0.0000	0.0000	0.0000	0.0000	0.0000	0.0000	0.0000	0.0000	0.0000	0.0000	0.0021
0.0000	0.0000	0.0000	0.0000	0.0000	0.0661	0.0000	0.6321	0.0000	0.0000	0.0000	0.3018
0.0000	0.0000	0.0000	0.9619	0.0000	0.0000	0.0000	0.0000	0.0000	0.0006	0.0000	0.0375
0.0000	0.0000	0.0000	0.0002	0.0000	0.0000	0.0000	0.0000	0.0000	0.9697	0.0000	0.0301
0.0000	0.0000	0.0000	0.0000	0.0000	0.0000	0.0000	0.0000	0.0000	0.0354	0.0000	0.9646
0.0000	0.0130	0.8747	0.0000	0.0000	0.0004	0.1111	0.0009	0.0000	0.0000	0.0000	0.0000
0.0000	0.0087	0.9687	0.0000	0.0000	0.0115	0.0109	0.0001	0.0000	0.0000	0.0000	0.0000
0.0000	0.0001	0.8752	0.0000	0.0000	0.0000	0.0429	0.0785	0.0000	0.0000	0.0000	0.0033
0.0000	0.0000	0.0000	0.0000	0.0000	0.0000	0.0519	0.0000	0.0000	0.0102	0.0000	0.9378
0.0000	0.0080	0.0060	0.0000	0.0000	0.8326	0.1503	0.0019	0.0000	0.0001	0.0000	0.0012
0.0001	0.0000	0.0015	0.0000	0.0000	0.0001	0.0955	0.0000	0.0000	0.0016	0.0000	0.9011
0.5759	0.0000	0.0000	0.0000	0.0000	0.0158	0.0000	0.0000	0.0000	0.4083	0.0000	0.0000
0.9984	0.0000	0.0000	0.0000	0.0000	0.0000	0.0000	0.0000	0.0000	0.0016	0.0000	0.0000
0.0000	0.0000	0.0000	0.0000	0.0000	0.0000	0.6518	0.0019	0.0000	0.0002	0.0000	0.3460
0.0000	0.0000	0.0027	0.0000	0.0000	0.0000	0.0000	0.9548	0.0000	0.0415	0.0000	0.0009
0.0000	0.0000	0.0000	0.0000	0.0000	0.0000	0.9182	0.0818	0.0000	0.0000	0.0000	0.0000
0.9958	0.0000	0.0000	0.0000	0.0000	0.0000	0.0000	0.0000	0.0000	0.0000	0.0001	0.0041
0.0000	0.0000	0.0000	0.0000	0.0000	0.0000	0.9997	0.0003	0.0000	0.0000	0.0000	0.0000
0.0000	0.0000	0.0000	0.0000	0.0000	0.0000	0.0000	0.0000	1.0000	0.0000	0.0000	0.0000
0.0000	0.6928	0.3057	0.0000	0.0000	0.0003	0.0005	0.0000	0.0000	0.0000	0.0007	0.0000
0.0006	0.0001	0.0000	0.0000	0.0000	0.0000	0.9897	0.0014	0.0000	0.0008	0.0000	0.0074
0.1132	0.0001	0.0000	0.0000	0.0000	0.0000	0.6180	0.0001	0.0000	0.0673	0.0000	0.2013
0.0000	0.0000	0.0000	0.0000	0.0000	0.0000	0.0000	0.0000	0.0000	1.0000	0.0000	0.0000
0.0000	0.8787	0.1213	0.0000	0.0000	0.0000	0.0000	0.0000	0.0000	0.0000	0.0000	0.0000
0.0000	0.0038	0.0704	0.0000	0.0000	0.9074	0.0182	0.0001	0.0000	0.0000	0.0000	0.0002
0.0000	0.0016	0.8278	0.0000	0.0000	0.1685	0.0020	0.0000	0.0000	0.0000	0.0000	0.0000
0.0000	0.0000	0.0000	0.0000	0.0000	0.0000	0.0000	0.0000	0.0000	0.0000	0.0001	0.9999
0.0000	0.0000	0.0000	0.0000	0.0000	0.0000	0.0000	0.0000	0.0000	0.0001	0.0001	0.9998
0.0000	0.0000	0.0000	0.0000	0.0000	0.0001	0.0000	0.0000	0.0006	0.9993	0.0000	0.0000
0.0000	0.0000	0.0000	0.0000	0.0000	0.0010	0.0000	0.0000	0.0229	0.9761	0.0000	0.0000
0.0000	0.0000	0.9074	0.0000	0.0000	0.0001	0.0910	0.0000	0.0000	0.0000	0.0000	0.0015
0.0000	0.5847	0.2234	0.0000	0.0000	0.1645	0.0272	0.0001	0.0000	0.0000	0.0000	0.0000
0.0000	0.0000	0.0000	0.0000	0.0000	0.0000	0.4046	0.0000	0.0000	0.0000	0.0000	0.5954
0.0000	0.0000	0.0000	0.0000	0.0000	0.0000	0.1445	0.0008	0.0000	0.0016	0.0000	0.8530
0.0000	0.0000	0.0000	0.0000	0.0000	0.0000	0.0000	0.0000	0.9999	0.0001	0.0000	0.0000
0.0000	0.0591	0.2929	0.0000	0.0000	0.0084	0.6392	0.0000	0.0000	0.0000	0.0000	0.0004
0.0000	0.0000	0.0000	0.9991	0.0000	0.0000	0.0000	0.0000	0.0000	0.0008	0.0000	0.0000
0.3990	0.0000	0.0000	0.0000	0.0000	0.0000	0.0000	0.0000	0.6010	0.0000	0.0000	0.0000
0.0055	0.0000	0.0000	0.0000	0.0000	0.0000	0.0000	0.0000	0.9945	0.0000	0.0000	0.0000
0.0000	0.9940	0.0030	0.0000	0.0000	0.0027	0.0002	0.0000	0.0000	0.0000	0.0000	0.0000
0.0000	0.0000	0.0000	0.0000	0.0000	0.0000	0.0000	0.0000	0.0000	0.0000	0.0000	1.0000
0.0000	0.0374	0.0000	0.0000	0.0000	0.0002	0.0000	0.0565	0.0000	0.0000	0.0000	0.9058
0.0000	0.0000	0.0000	0.0000	0.0000	0.0000	0.0000	0.0000	0.0000	0.9979	0.0000	0.0021
0.0000	0.0000	0.0000	0.0000	0.0000	0.0000	0.0000	0.0000	0.0000	1.0000	0.0000	0.0000
0.0000	0.0000	0.0000	0.0000	0.0000	1.0000	0.0000	0.0000	0.0000	0.0000	0.0000	0.0000
0.0000	0.0000	0.0000	0.0000	0.0000	0.0000	0.0000	0.2437	0.0000	0.0000	0.0000	0.7563
0.0000	0.0000	0.0000	0.0000	0.0000	0.0000	0.0000	0.0000	0.0000	0.0000	0.0000	1.0000
0.0000	0.0000	0.0000	0.9935	0.0000	0.0000	0.0000	0.0000	0.0000	0.0000	0.0027	0.0038
0.0000	0.0000	0.0000	0.0000	0.0000	0.0000	0.0073	0.9163	0.0000	0.0000	0.0000	0.0763
0.0000	0.0000	0.0000	0.0000	0.0000	0.0000	0.0000	0.0000	0.0000	0.0000	0.0000	1.0000
0.0000	0.0001	0.9792	0.0000	0.0000	0.0006	0.0178	0.0023	0.0000	0.0000	0.0000	0.0000
0.0000	0.0082	0.0055	0.0000	0.0000	0.9862	0.0001	0.0000	0.0000	0.0000	0.0000	0.0000
0.0000	0.0000	0.0001	0.0000	0.0000	0.0000	0.9569	0.0430	0.0000	0.0000	0.0000	0.0000
0.0000	0.0000	0.0000	0.0000	0.0000	0.0000	0.5413	0.0845	0.0000	0.0000	0.0000	0.3742
0.0000	0.0000	0.0207	0.0000	0.0000	0.0000	0.0000	0.0000	0.0000	0.0000	0.0000	0.9793
0.0000	0.0000	0.0000	0.0000	0.0000	0.0000	0.0000	0.0000	0.0000	0.0000	0.0000	1.0000
0.0000	0.0000	0.9959	0.0000	0.0000	0.0038	0.0000	0.0000	0.0002	0.0000	0.0000	0.0000
0.0000	0.0000	0.9956	0.0000	0.0000	0.0042	0.0000	0.0000	0.0002	0.0000	0.0000	0.0000
0.0000	0.0000	0.9992	0.0000	0.0000	0.0006	0.0000	0.0000	0.0002	0.0000	0.0000	0.0000
0.0000	0.0000	0.0015	0.0000	0.0000	0.0000	0.0000	0.0001	0.0013	0.0000	0.0000	0.9972
0.0000	0.0000	0.9998	0.0000	0.0000	0.0000	0.0000	0.0000	0.0000	0.0000	0.0000	0.0002
0.0000	0.0000	0.9890	0.0000	0.0000	0.0000	0.0000	0.0000	0.0000	0.0000	0.0000	0.0110
0.0000	0.0000	0.0000	0.0000	0.0000	0.0000	0.0000	0.0000	0.0000	0.0000	0.0000	1.0000
0.0000	0.0000	0.0000	0.0000	0.0000	0.0000	0.0000	0.0000	0.0000	0.0000	0.0000	1.0000
0.0000	0.0000	0.9985	0.0000	0.0000	0.0000	0.0000	0.0000	0.0004	0.0000	0.0000	0.0011
0.0001	0.0000	0.9994	0.0000	0.0000	0.0000	0.0000	0.0000	0.0000	0.0000	0.0000	0.0005
0.0000	0.0000	0.0000	0.0000	0.0000	0.0000	0.0000	0.0000	0.0000	0.0000	0.0000	1.0000
0.0000	0.0000	0.0000	0.0000	0.0000	0.0000	0.0000	0.0000	0.0000	0.0000	0.0000	1.0000
0.0000	0.0000	1.0000	0.0000	0.0000	0.0000	0.0000	0.0000	0.0000	0.0000	0.0000	0.0000
0.0000	0.0000	0.0000	0.0000	0.0000	0.0000	0.0000	0.0000	0.0000	0.0000	0.0000	1.0000
0.0000	0.0000	0.0000	0.0000	0.0000	0.0000	0.0000	0.0000	0.0000	0.0000	0.0000	1.0000
0.0000	0.0000	0.0000	0.0000	0.0000	0.0000	0.0000	0.0000	0.0000	0.0000	0.0000	1.0000
0.0000	0.0000	0.0000	0.0000	0.0000	0.0000	0.0000	0.0000	0.0000	0.0000	0.0000	1.0000
0.0000	0.0000	0.9999	0.0000	0.0000	0.0000	0.0000	0.0000	0.0001	0.0000	0.0000	0.0001
0.0005	0.0000	0.9992	0.0000	0.0000	0.0000	0.0000	0.0000	0.0003	0.0000	0.0000	0.0001
0.0000	0.0000	0.0000	0.0000	0.0000	0.0000	0.0000	0.0000	1.0000	0.0000	0.0000	0.0000
0.0000	0.0000	0.0000	0.0000	0.0000	0.0000	1.0000	0.0000	0.0000	0.0000	0.0000	0.0000
0.0000	0.0000	0.0000	0.0000	0.0000	0.0000	1.0000	0.0000	0.0000	0.0000	0.0000	0.0000
0.0000	0.0000	0.0000	0.0000	0.0000	0.0000	0.0000	0.0000	1.0000	0.0000	0.0000	0.0000
0.0000	0.0000	0.0000	0.0000	0.0000	0.0000	0.0000	0.0000	1.0000	0.0000	0.0000	0.0000
0.0000	0.0000	0.0000	0.0000	0.0000	0.0000	0.0000	0.0000	1.0000	0.0000	0.0000	0.0000
0.0000	0.0000	0.9925	0.0000	0.0000	0.0001	0.0074	0.0000	0.0000	0.0000	0.0000	0.0000
0.0000	0.0000	0.0000	0.0000	0.0000	0.0000	0.0000	0.0000	1.0000	0.0000	0.0000	0.0000
0.0000	0.0000	0.1321	0.0000	0.0000	0.0000	0.8679	0.0000	0.0000	0.0000	0.0000	0.0000
0.0000	0.0000	0.9871	0.0000	0.0000	0.0006	0.0123	0.0000	0.0000	0.0000	0.0000	0.0000
0.0000	0.0000	0.0000	0.0000	0.0000	0.0000	0.0000	0.0000	1.0000	0.0000	0.0000	0.0000
0.0000	0.0000	0.0000	0.0000	0.0000	0.0000	0.0000	0.0000	1.0000	0.0000	0.0000	0.0000
0.0000	0.0000	0.0000	0.0000	0.0000	0.0000	1.0000	0.0000	0.0000	0.0000	0.0000	0.0000
0.0000	0.0000	0.0000	0.0000	0.0000	0.0000	0.0000	0.0000	1.0000	0.0000	0.0000	0.0000
0.0000	0.0000	0.0000	0.0000	0.0000	0.0000	0.0000	0.0000	1.0000	0.0000	0.0000	0.0000
0.0000	0.0000	0.0000	0.0000	0.0000	0.0000	1.0000	0.0000	0.0000	0.0000	0.0000	0.0000
0.0000	0.0000	0.0000	0.0000	0.0000	0.0000	0.0000	0.0000	1.0000	0.0000	0.0000	0.0000
0.0000	0.0000	0.9984	0.0000	0.0000	0.0011	0.0005	0.0000	0.0000	0.0000	0.0000	0.0000
0.0000	0.0000	0.6092	0.0000	0.0000	0.0001	0.3908	0.0000	0.0000	0.0000	0.0000	0.0000
0.0000	0.0000	0.0001	0.0000	0.0000	0.0000	0.9999	0.0000	0.0000	0.0000	0.0000	0.0000
0.0000	0.0000	0.0000	0.0000	0.0000	0.0000	0.0000	0.0000	1.0000	0.0000	0.0000	0.0000
0.0000	0.0000	0.0194	0.0000	0.0000	0.0000	0.9806	0.0000	0.0000	0.0000	0.0000	0.0000
0.0000	0.0000	0.9913	0.0000	0.0000	0.0007	0.0080	0.0000	0.0000	0.0000	0.0000	0.0000
0.0000	0.0000	0.0000	0.0000	0.0000	0.0000	1.0000	0.0000	0.0000	0.0000	0.0000	0.0000
0.0000	0.0000	0.0001	0.0000	0.0000	0.0000	0.9999	0.0000	0.0000	0.0000	0.0000	0.0000
0.0000	0.0000	0.0000	0.0000	0.0000	0.0000	0.0000	0.0000	1.0000	0.0000	0.0000	0.0000
0.0000	0.0000	0.0000	0.0000	0.0000	0.0000	1.0000	0.0000	0.0000	0.0000	0.0000	0.0000
0.0000	0.0000	0.0000	0.0000	0.0000	0.0000	0.0000	0.0000	1.0000	0.0000	0.0000	0.0000
0.0000	0.0000	0.0000	0.0000	0.0000	0.0000	0.0000	0.0000	1.0000	0.0000	0.0000	0.0000
