0.9989	0.0000	0.0000	0.0000	0.0000	0.0000	0.0000	0.0000	0.0000	0.0009	0.0000	0.0002
0.9978	0.0000	0.0000	0.0000	0.0000	0.0000	0.0000	0.0000	0.0000	0.0001	0.0000	0.0020
1.0000	0.0000	0.0000	0.0000	0.0000	0.0000	0.0000	0.0000	0.0000	0.0000	0.0000	0.0000
0.0032	0.0000	0.0000	0.0000	0.0000	0.0000	0.0430	0.0001	0.0000	0.0004	0.0010	0.9523
0.0000	0.0000	0.0179	0.0000	0.0000	0.0002	0.2105	0.7038	0.0000	0.0000	0.0000	0.0676
0.0000	0.0000	0.0000	0.0000	0.0000	0.0000	0.0000	0.0000	0.0000	1.0000	0.0000	0.0000
0.9805	0.0000	0.0000	0.0000	0.0000	0.0000	0.0000	0.0000	0.0000	0.0195	0.0000	0.0000
0.0000	0.7129	0.1417	0.0000	0.0000	0.1280	0.0158	0.0016	0.0000	0.0000	0.0000	0.0000
0.0000	0.0322	0.0121	0.0000	0.0000	0.9555	0.0002	0.0000	0.0000	0.0000	0.0000	0.0000
0.0000	0.0000	0.0000	0.0000	0.0000	0.0000	1.0000	0.0000	0.0000	0.0000	0.0000	0.0000
0.0000	0.0000	0.0000	0.0000	0.0000	0.0000	0.0000	0.0000	1.0000	0.0000	0.0000	0.0000
0.0000	0.0000	0.0000	0.0000	0.0000	0.0000	0.0000	0.0000	0.9999	0.0001	0.0000	0.0000
0.0000	0.0000	0.0000	0.0000	0.0000	0.0000	0.0000	0.0000	0.0000	0.2791	0.0000	0.7209
0.0000	0.0000	0.0000	0.0000	1.0000	0.0000	0.0000	0.0000	0.0000	0.0000	0.0000	0.0000
0.0000	0.9994	0.0006	0.0000	0.0000	0.0000	0.0000	0.0000	0.0000	0.0000	0.0000	0.0000
0.5707	0.0005	0.1857	0.0000	0.0000	0.0218	0.2022	0.0185	0.0000	0.0000	0.0000	0.0006
0.0003	0.0000	0.0007	0.0000	0.0000	0.0001	0.0540	0.9448	0.0000	0.0000	0.0000	0.0001
1.0000	0.0000	0.0000	0.0000	0.0000	0.0000	0.0000	0.0000	0.0000	0.0000	0.0000	0.0000
0.9889	0.0000	0.0000	0.0000	0.0000	0.0000	0.0000	0.0000	0.0111	0.0000	0.0000	0.0000
0.0000	0.0000	0.0000	0.0000	0.0000	0.0000	0.9887	0.0000	0.0000	0.0000	0.0000	0.0113
0.0000	0.0000	0.0000	0.0000	0.0000	0.0000	0.2178	0.7822	0.0000	0.0000	0.0000	0.0000
0.0000	0.0000	0.0000	0.0000	0.0000	0.0000	0.5781	0.4217	0.0000	0.0000	0.0000	0.0002
0.0000	0.0000	0.0000	0.0000	0.0000	0.0000	0.0000	0.0000	0.0000	1.0000	0.0000	0.0000
1.0000	0.0000	0.0000	0.0000	0.0000	0.0000	0.0000	0.0000	0.0000	0.0000	0.0000	0.0000
0.0000	0.0000	0.0000	0.0000	0.0000	0.0006	0.7130	0.0208	0.0000	0.0002	0.0000	0.2655
0.0000	0.0000	0.5421	0.0000	0.0000	0.0000	0.0013	0.3822	0.0000	0.0000	0.0000	0.0744
0.0000	0.0000	0.0000	0.0049	0.0000	0.0000	0.0000	0.0000	0.0000	0.9951	0.0000	0.0000
0.0000	0.0000	0.0000	0.0000	0.0000	0.0000	0.0000	0.0000	0.0000	0.0000	1.0000	0.0000
0.0000	0.0000	0.0000	0.0000	0.0000	0.0000	0.0001	0.0057	0.0000	0.9685	0.0000	0.0256
0.0109	0.0000	0.0000	0.0000	0.0000	0.0000	0.0000	0.0000	0.9890	0.0001	0.0000	0.0000
0.0000	0.0000	0.0000	0.0000	0.0735	0.0000	0.0000	0.0000	0.0000	0.0000	0.9265	0.0000
0.0000	0.0000	0.0001	0.0000	0.0000	0.0000	0.6932	0.3067	0.0000	0.0000	0.0000	0.0000
0.0000	0.0000	0.0000	0.0000	0.0000	0.0000	0.0000	0.0000	0.0000	1.0000	0.0000	0.0000
0.0000	0.0000	0.0000	0.0018	0.0000	0.0000	0.0000	0.0000	0.0000	0.0000	0.9982	0.0000
0.0000	0.4743	0.5164	0.0000	0.0000	0.0033	0.0004	0.0057	0.0000	0.0000	0.0000	0.0000
1.0000	0.0000	0.0000	0.0000	0.0000	0.0000	0.0000	0.0000	0.0000	0.0000	0.0000	0.0000
0.0000	0.0000	0.0000	0.0000	0.0000	0.0000	0.0000	0.0000	0.0000	0.4357	0.0000	0.5643
0.0000	0.2367	0.2092	0.0000	0.0000	0.4934	0.0582	0.0025	0.0000	0.0000	0.0000	0.0000
0.0000	0.0000	0.0000	0.0000	0.0000	0.0000	0.0000	0.0000	0.0000	0.0000	1.0000	0.0000
0.0000	0.0000	0.0000	0.0000	0.0000	0.0000	0.0000	0.0000	1.0000	0.0000	0.0000	0.0000
0.1027	0.0042	0.0029	0.0000	0.0000	0.0725	0.7140	0.1034	0.0000	0.0002	0.0000	0.0000
0.0000	0.0000	0.0000	0.0000	0.0000	0.0000	0.1065	0.8922	0.0000	0.0000	0.0000	0.0013
0.0000	0.0000	0.0000	0.0000	0.0000	0.9991	0.0000	0.0002	0.0000	0.0000	0.0000	0.0007
0.0047	0.0000	0.0009	0.0000	0.0000	0.0045	0.0677	0.0597	0.0000	0.0007	0.0000	0.8618
0.0000	0.0000	0.0000	0.0000	0.0000	0.0000	0.9697	0.0248	0.0000	0.0000	0.0000	0.0054
0.0000	0.0000	0.0000	0.0000	0.0000	0.0000	0.4496	0.5504	0.0000	0.0000	0.0000	0.0000
0.0000	0.0000	0.0000	0.0000	0.0000	0.0000	0.0000	0.0000	0.0000	1.0000	0.0000	0.0000
0.0000	0.0000	0.0000	0.0000	0.9976	0.0000	0.0000	0.0000	0.0000	0.0024	0.0000	0.0000
0.0000	0.0011	0.0074	0.0000	0.0000	0.9915	0.0001	0.0000	0.0000	0.0000	0.0000	0.0000
0.0000	0.0293	0.1065	0.0000	0.0000	0.8455	0.0019	0.0168	0.0000	0.0000	0.0000	0.0000
0.0000	0.0000	0.0000	0.0000	0.0000	0.0000	0.9980	0.0020	0.0000	0.0000	0.0000	0.0000
0.0000	0.0000	0.0000	0.0000	0.0000	0.0000	0.0000	0.0000	0.0000	0.0000	0.0000	0.9999
0.0029	0.0000	0.0000	0.0000	0.0000	0.0000	0.7565	0.2129	0.0000	0.0000	0.0000	0.0277
0.0000	0.0023	0.4398	0.0000	0.0000	0.2436	0.0335	0.2806	0.0000	0.0000	0.0000	0.0002
0.0000	0.0074	0.9070	0.0000	0.0000	0.0721	0.0044	0.0090	0.0000	0.0000	0.0000	0.0000
0.0002	0.0000	0.0000	0.0000	0.0000	0.0000	0.0640	0.9337	0.0000	0.0000	0.0000	0.0020
0.0000	0.0000	0.0222	0.0000	0.0000	0.0057	0.0517	0.9203	0.0000	0.0000	0.0000	0.0000
0.0000	0.0000	0.0000	0.0000	0.0000	0.0000	0.0000	0.0000	0.0000	1.0000	0.0000	0.0000
0.0000	0.0000	0.0000	0.0000	0.0000	0.0000	0.9435	0.0000	0.0000	0.0209	0.0000	0.0356
0.0000	0.9786	0.0000	0.0000	0.0000	0.0000	0.0017	0.0197	0.0000	0.0000	0.0000	0.0000
0.0005	0.0000	0.0000	0.0000	0.0000	0.4818	0.0005	0.0001	0.0000	0.5172	0.0000	0.0000
0.9957	0.0000	0.0001	0.0000	0.0000	0.0033	0.0006	0.0000	0.0000	0.0002	0.0000	0.0000
0.0000	0.0000	0.0000	0.0000	0.0000	0.0000	0.9889	0.0057	0.0000	0.0000	0.0000	0.0054
0.0000	0.0000	0.0000	0.0000	0.0000	0.0000	0.0000	0.0000	0.0004	0.0000	0.0055	0.9941
0.0000	0.0000	0.0000	0.0000	0.0000	0.0000	0.0133	0.9867	0.0000	0.0000	0.0000	0.0001
0.0000	0.0000	0.0000	0.0000	0.0000	0.0000	0.4076	0.0000	0.0000	0.0023	0.0000	0.5901
0.0000	0.0000	0.0000	0.0000	0.0000	0.0000	1.0000	0.0000	0.0000	0.0000	0.0000	0.0000
0.6334	0.0001	0.0027	0.0000	0.0000	0.0001	0.3323	0.0001	0.0000	0.0000	0.0000	0.0313
1.0000	0.0000	0.0000	0.0000	0.0000	0.0000	0.0000	0.0000	0.0000	0.0000	0.0000	0.0000
1.0000	0.0000	0.0000	0.0000	0.0000	0.0000	0.0000	0.0000	0.0000	0.0000	0.0000	0.0000
0.0000	0.0000	0.0000	0.0000	0.7204	0.0000	0.0000	0.0000	0.0000	0.0000	0.2796	0.0000
0.0000	0.0000	0.0000	0.0000	0.0000	0.0000	0.0000	0.1645	0.0000	0.0000	0.0000	0.8355
0.0000	0.0000	0.0000	0.0000	0.0000	0.0000	0.0000	0.9987	0.0000	0.0000	0.0000	0.0013
0.0000	0.0000	0.0000	0.0000	0.0000	0.0000	0.0000	0.6453	0.0000	0.0000	0.0000	0.3547
0.0000	0.0000	0.0000	0.0001	0.0000	0.0000	0.0000	0.0000	0.0000	0.9999	0.0000	0.0000
1.0000	0.0000	0.0000	0.0000	0.0000	0.0000	0.0000	0.0000	0.0000	0.0000	0.0000	0.0000
0.0000	0.0000	0.0008	0.0000	0.0000	0.0000	0.7460	0.1342	0.0000	0.0031	0.0000	0.1160
0.0000	0.0000	0.0001	0.0000	0.0000	0.0000	0.0000	0.0000	0.0000	0.0044	0.0000	0.9955
0.0000	0.0000	0.0000	0.0047	0.0000	0.0001	0.0000	0.0000	0.0000	0.9951	0.0000	0.0000
0.0000	0.0000	0.0000	0.0000	0.0000	0.0000	0.9956	0.0043	0.0000	0.0000	0.0000	0.0001
0.0000	0.0000	0.0000	0.0000	0.0000	0.0000	0.0000	0.0000	0.0000	0.0000	0.0000	1.0000
0.0000	0.0000	1.0000	0.0000	0.0000	0.0000	0.0000	0.0000	0.0000	0.0000	0.0000	0.0000
0.0000	0.0000	1.0000	0.0000	0.0000	0.0000	0.0000	0.0000	0.0000	0.0000	0.0000	0.0000
0.0000	0.0000	0.0000	0.0000	0.0000	0.0000	0.0000	0.0000	0.0000	0.0000	0.0000	1.0000
0.0000	0.0000	0.0000	0.0000	0.0000	0.0000	0.0000	0.0000	0.0000	0.0000	0.0000	1.0000
0.0000	0.0000	1.0000	0.0000	0.0000	0.0000	0.0000	0.0000	0.0000	0.0000	0.0000	0.0000
0.0000	0.0000	0.0000	0.0000	0.0000	0.0000	0.0000	0.0000	0.0000	0.0000	0.0000	1.0000
0.0000	0.0000	1.0000	0.0000	0.0000	0.0000	0.0000	0.0000	0.0000	0.0000	0.0000	0.0000
0.0000	0.0000	0.9999	0.0000	0.0000	0.0000	0.0000	0.0000	0.0000	0.0000	0.0000	0.0001
0.0000	0.0000	0.0000	0.0000	0.0000	0.0000	0.0000	0.0000	0.0000	0.0000	0.0000	1.0000
0.0000	0.0000	0.0000	0.0000	0.0000	0.0000	0.0000	0.0000	0.0000	0.0000	0.0000	1.0000
0.0000	0.0000	0.9999	0.0000	0.0000	0.0000	0.0000	0.0000	0.0000	0.0000	0.0000	0.0001
0.0000	0.0000	1.0000	0.0000	0.0000	0.0000	0.0000	0.0000	0.0000	0.0000	0.0000	0.0000
0.0000	0.0000	0.0000	0.0000	0.0000	0.0000	0.0000	0.0000	0.0000	0.0000	0.0000	1.0000
0.0000	0.0000	1.0000	0.0000	0.0000	0.0000	0.0000	0.0000	0.0000	0.0000	0.0000	0.0000
0.0000	0.0000	1.0000	0.0000	0.0000	0.0000	0.0000	0.0000	0.0000	0.0000	0.0000	0.0000
0.0000	0.0000	0.0000	0.0000	0.0000	0.0000	0.0000	0.0000	0.0000	0.0000	0.0000	1.0000
0.0000	0.0000	0.9969	0.0000	0.0000	0.0000	0.0000	0.0000	0.0000	0.0000	0.0000	0.0031
0.0000	0.0000	0.9607	0.0000	0.0000	0.0000	0.0000	0.0000	0.0000	0.0000	0.0000	0.0393
0.0000	0.0000	0.2096	0.0000	0.0000	0.0000	0.0000	0.0000	0.0000	0.0000	0.0000	0.7904
0.0000	0.0000	1.0000	0.0000	0.0000	0.0000	0.0000	0.0000	0.0000	0.0000	0.0000	0.0000
0.0000	0.0000	1.0000	0.0000	0.0000	0.0000	0.0000	0.0000	0.0000	0.0000	0.0000	0.0000
0.0000	0.0000	0.0000	0.0000	0.0000	0.0000	0.0000	0.0000	0.0000	0.0000	0.0000	1.0000
0.0000	0.0000	1.0000	0.0000	0.0000	0.0000	0.0000	0.0000	0.0000	0.0000	0.0000	0.0000
0.0000	0.0000	0.0000	0.0000	0.0000	0.0000	0.0000	0.0000	1.0000	0.0000	0.0000	0.0000
0.0000	0.0000	0.0000	0.0000	0.0000	0.0000	0.0000	0.0000	1.0000	0.0000	0.0000	0.0000
0.0000	0.0000	0.0000	0.0000	0.0000	0.0000	1.0000	0.0000	0.0000	0.0000	0.0000	0.0000
0.0000	0.0000	0.0000	0.0000	0.0000	0.0000	0.0000	0.0000	1.0000	0.0000	0.0000	0.0000
0.0000	0.0000	0.0000	0.0000	0.0000	0.0000	0.0000	0.0000	1.0000	0.0000	0.0000	0.0000
0.0000	0.0000	0.0000	0.0000	0.0000	0.0000	0.0000	0.0000	1.0000	0.0000	0.0000	0.0000
0.0000	0.0000	0.0000	0.0000	0.0000	0.0000	0.0000	0.0000	1.0000	0.0000	0.0000	0.0000
0.0000	0.0000	0.1028	0.0000	0.0000	0.0000	0.8972	0.0000	0.0000	0.0000	0.0000	0.0000
0.0000	0.0000	0.0011	0.0000	0.0000	0.0000	0.9989	0.0000	0.0000	0.0000	0.0000	0.0000
0.0000	0.0000	0.0000	0.0000	0.0000	0.0000	0.0000	0.0000	1.0000	0.0000	0.0000	0.0000
0.0000	0.0000	0.9885	0.0000	0.0000	0.0000	0.0115	0.0000	0.0000	0.0000	0.0000	0.0000
0.0000	0.0000	0.0000	0.0000	0.0000	0.0000	1.0000	0.0000	0.0000	0.0000	0.0000	0.0000
0.0000	0.0000	0.0000	0.0000	0.0000	0.0000	0.0000	0.0000	1.0000	0.0000	0.0000	0.0000
0.0000	0.0000	0.0000	0.0000	0.0000	0.0000	0.0000	0.0000	1.0000	0.0000	0.0000	0.0000
0.0000	0.0000	0.0000	0.0000	0.0000	0.0000	0.0833	0.0000	0.9167	0.0000	0.0000	0.0000
0.0000	0.0000	0.0000	0.0000	0.0000	0.0000	0.0000	0.0000	1.0000	0.0000	0.0000	0.0000
0.0000	0.0000	0.0000	0.0000	0.0000	0.0000	0.0000	0.0000	1.0000	0.0000	0.0000	0.0000
0.0000	0.0000	0.3167	0.0000	0.0000	0.0000	0.6833	0.0000	0.0000	0.0000	0.0000	0.0000
0.0000	0.0000	0.0000	0.0000	0.0000	0.0000	0.0000	0.0000	1.0000	0.0000	0.0000	0.0000
0.0000	0.0000	0.0266	0.0000	0.0000	0.0000	0.9734	0.0000	0.0000	0.0000	0.0000	0.0000
0.0000	0.0000	0.0019	0.0000	0.0000	0.0000	0.9981	0.0000	0.0000	0.0000	0.0000	0.0000
0.0000	0.0000	0.0019	0.0000	0.0000	0.0000	0.9981	0.0000	0.0000	0.0000	0.0000	0.0000
0.0000	0.0000	0.0000	0.0000	0.0000	0.0000	1.0000	0.0000	0.0000	0.0000	0.0000	0.0000
0.0000	0.0000	0.0000	0.0000	0.0000	0.0000	1.0000	0.0000	0.0000	0.0000	0.0000	0.0000
0.0000	0.0000	0.0000	0.0000	0.0000	0.0000	1.0000	0.0000	0.0000	0.0000	0.0000	0.0000
0.0000	0.0000	0.0000	0.0000	0.0000	0.0000	0.0000	0.0000	1.0000	0.0000	0.0000	0.0000
0.0000	0.0000	0.0000	0.0000	0.0000	0.0000	0.0000	0.0000	1.0000	0.0000	0.0000	0.0000
0.0000	0.0000	0.0258	0.0000	0.0000	0.0003	0.9739	0.0000	0.0000	0.0000	0.0000	0.0000
0.0000	0.0000	0.0000	0.0000	0.0000	0.0000	1.0000	0.0000	0.0000	0.0000	0.0000	0.0000
