0.0012	0.0000	0.0000	0.0000	0.0000	0.0000	0.0311	0.0000	0.0000	0.0018	0.0002	0.9657
0.0000	0.0000	0.0000	0.0000	0.0000	0.0000	0.0000	0.0000	0.0006	0.1334	0.8660	0.0000
0.0000	0.0000	0.9746	0.0000	0.0000	0.0000	0.0062	0.0192	0.0000	0.0000	0.0000	0.0000
0.0000	0.0000	0.0000	0.0000	0.0000	0.0004	0.0991	0.0369	0.0000	0.0000	0.0000	0.8636
0.6630	0.0000	0.0000	0.0000	0.0000	0.0000	0.0000	0.0000	0.3370	0.0000	0.0000	0.0000
0.0000	0.0002	0.4240	0.0000	0.0000	0.0129	0.0047	0.5554	0.0000	0.0000	0.0000	0.0027
0.0000	0.0000	0.0000	0.0000	0.0013	0.3346	0.0000	0.0002	0.0000	0.0000	0.0000	0.6639
0.0000	0.0000	0.0000	0.0000	0.0000	0.0000	0.0000	0.0000	0.0000	0.0000	1.0000	0.0000
0.0000	0.0016	0.0545	0.0000	0.0000	0.9440	0.0000	0.0000	0.0000	0.0000	0.0000	0.0000
0.0000	0.0000	0.3813	0.0000	0.0000	0.0005	0.0273	0.0279	0.0000	0.0000	0.0000	0.5630
0.0000	0.0000	0.9991	0.0000	0.0000	0.0000	0.0000	0.0000	0.0000	0.0000	0.0000	0.0009
0.0000	0.0000	0.0000	0.0000	0.0000	0.0000	0.0000	0.0000	1.0000	0.0000	0.0000	0.0000
0.0000	0.0000	0.0000	0.0000	0.9939	0.0000	0.0000	0.0000	0.0000	0.0061	0.0000	0.0000
0.0000	0.0000	1.0000	0.0000	0.0000	0.0000	0.0000	0.0000	0.0000	0.0000	0.0000	0.0000
0.9992	0.0000	0.0000	0.0000	0.0000	0.0000	0.0000	0.0000	0.0008	0.0000	0.0000	0.0000
0.0000	0.0000	0.0000	0.0000	0.0000	0.0000	0.0000	0.0000	0.9999	0.0001	0.0000	0.0000
0.0000	0.0000	0.0000	0.0000	0.0000	0.0000	0.0000	0.0000	1.0000	0.0000	0.0000	0.0000
0.0000	0.0000	0.0000	0.0000	0.0000	0.0000	0.0000	0.0000	0.0000	0.8541	0.0000	0.1459
0.0000	0.0000	0.0019	0.0000	0.0000	0.0000	0.5393	0.0029	0.0000	0.0000	0.0000	0.4559
0.9479	0.0428	0.0003	0.0000	0.0000	0.0079	0.0000	0.0000	0.0000	0.0000	0.0000	0.0011
0.0000	0.0000	0.0000	0.0000	0.0000	0.1218	0.0331	0.0000	0.0000	0.0000	0.0000	0.8450
0.0000	0.0000	0.0000	0.0000	0.0000	0.7773	0.0000	0.0000	0.2227	0.0000	0.0000	0.0000
0.0000	0.0000	0.0000	0.0005	0.0000	0.0000	0.0000	0.9995	0.0000	0.0000	0.0000	0.0000
0.0000	0.0000	0.0000	0.9995	0.0000	0.0001	0.0000	0.0000	0.0002	0.0002	0.0000	0.0000
0.0000	0.0000	0.0000	0.0000	0.0000	1.0000	0.0000	0.0000	0.0000	0.0000	0.0000	0.0000
0.0000	0.0000	0.0000	0.0000	0.0000	0.0000	0.0000	0.0000	0.0000	0.0000	1.0000	0.0000
0.0000	0.9116	0.0016	0.0000	0.0000	0.0000	0.0000	0.0000	0.0000	0.0000	0.0000	0.0868
0.0000	0.0001	0.9997	0.0000	0.0000	0.0001	0.0000	0.0000	0.0000	0.0000	0.0000	0.0000
0.0000	0.0000	0.9999	0.0000	0.0000	0.0001	0.0000	0.0000	0.0000	0.0000	0.0000	0.0000
0.0000	0.0000	0.0000	0.9992	0.0000	0.0000	0.0000	0.0000	0.0001	0.0006	0.0000	0.0000
1.0000	0.0000	0.0000	0.0000	0.0000	0.0000	0.0000	0.0000	0.0000	0.0000	0.0000	0.0000
0.9958	0.0000	0.0000	0.0000	0.0000	0.0000	0.0000	0.0000	0.0039	0.0003	0.0000	0.0000
0.0000	0.0000	0.0000	0.0000	0.0000	0.0000	0.0000	0.0000	1.0000	0.0000	0.0000	0.0000
1.0000	0.0000	0.0000	0.0000	0.0000	0.0000	0.0000	0.0000	0.0000	0.0000	0.0000	0.0000
0.0000	0.0286	0.9077	0.0000	0.0000	0.0636	0.0000	0.0000	0.0000	0.0000	0.0000	0.0000
0.0000	0.3627	0.6338	0.0000	0.0000	0.0034	0.0000	0.0000	0.0000	0.0000	0.0000	0.0000
0.0000	0.9632	0.0000	0.0000	0.0000	0.0157	0.0000	0.0210	0.0000	0.0000	0.0000	0.0000
0.3883	0.0000	0.0000	0.0178	0.0000	0.0000	0.0000	0.0000	0.0000	0.5939	0.0000	0.0000
0.3246	0.0000	0.0000	0.0011	0.0000	0.0000	0.0000	0.0000	0.0000	0.6744	0.0000	0.0000
0.0000	0.0000	0.0000	0.0000	0.0000	0.9814	0.0000	0.0184	0.0000	0.0002	0.0000	0.0000
0.0001	0.0000	0.0000	0.0000	0.0000	0.7469	0.0000	0.0000	0.0000	0.2530	0.0000	0.0000
0.0000	0.3799	0.4829	0.0000	0.0000	0.1372	0.0000	0.0000	0.0000	0.0000	0.0000	0.0000
0.0000	0.0000	0.0000	0.0000	0.0000	0.0000	0.0000	1.0000	0.0000	0.0000	0.0000	0.0000
0.2375	0.0000	0.0000	0.0000	0.0000	0.0414	0.6399	0.0606	0.0000	0.0001	0.0000	0.0204
0.0000	0.0000	0.0000	0.0000	0.0000	0.0000	0.0000	0.0000	0.0000	0.0000	1.0000	0.0000
0.0000	0.0000	0.0470	0.0000	0.0000	0.4757	0.2298	0.2195	0.0000	0.0000	0.0000	0.0281
0.0008	0.0000	0.5921	0.0000	0.0000	0.0358	0.0130	0.3551	0.0000	0.0001	0.0000	0.0031
1.0000	0.0000	0.0000	0.0000	0.0000	0.0000	0.0000	0.0000	0.0000	0.0000	0.0000	0.0000
0.0000	0.0000	0.0001	0.0000	0.0000	0.0000	0.5707	0.2222	0.0000	0.0000	0.0000	0.2071
0.0000	0.0000	0.0000	0.0000	0.0000	0.0000	0.0000	0.0000	0.0003	0.0031	0.9966	0.0000
0.0000	0.0151	0.0000	0.0000	0.0000	0.0356	0.1866	0.7622	0.0000	0.0000	0.0000	0.0005
0.0000	0.0000	0.0000	0.0000	0.0000	0.0022	0.0833	0.0503	0.0000	0.0000	0.0000	0.8643
0.0000	0.0000	0.0000	0.0000	0.0000	0.0000	0.0002	0.6254	0.0000	0.3743	0.0000	0.0001
0.0000	0.0000	0.0000	0.0000	0.0000	0.0000	0.0000	0.0000	0.0000	0.0000	1.0000	0.0000
0.0000	0.0006	0.0007	0.0000	0.0000	0.0113	0.4202	0.0214	0.0000	0.0000	0.0000	0.5457
0.0015	0.0004	0.0001	0.0000	0.0000	0.0000	0.7319	0.2596	0.0000	0.0001	0.0000	0.0065
0.0270	0.0000	0.0000	0.0000	0.0000	0.0000	0.0000	0.0000	0.9730	0.0000	0.0000	0.0000
0.0000	0.0054	0.9862	0.0000	0.0000	0.0084	0.0000	0.0000	0.0000	0.0000	0.0000	0.0000
0.0000	0.0000	0.0002	0.0000	0.0000	0.0004	0.0001	0.9988	0.0000	0.0000	0.0000	0.0005
0.0000	0.0000	0.0000	0.0000	1.0000	0.0000	0.0000	0.0000	0.0000	0.0000	0.0000	0.0000
0.0000	0.0000	0.0001	0.0000	0.0000	0.9999	0.0000	0.0000	0.0000	0.0000	0.0000	0.0000
0.0000	0.0000	0.0000	0.0000	0.0001	0.0000	0.8837	0.1161	0.0000	0.0000	0.0001	0.0000
0.0032	0.0000	0.0000	0.0000	0.0000	0.0000	0.6168	0.3730	0.0000	0.0000	0.0070	0.0000
0.0000	0.0000	1.0000	0.0000	0.0000	0.0000	0.0000	0.0000	0.0000	0.0000	0.0000	0.0000
0.0000	0.0000	0.0000	0.0000	0.0000	0.0000	0.0018	0.0000	0.0000	0.0000	0.0037	0.9945
0.0000	0.0015	0.9413	0.0000	0.0000	0.0129	0.0442	0.0000	0.0000	0.0000	0.0000	0.0001
0.0000	0.0000	0.0000	0.0000	0.0000	0.0000	0.0000	0.0000	0.0000	0.9987	0.0012	0.0001
0.0000	0.0000	0.0000	0.0000	0.0000	1.0000	0.0000	0.0000	0.0000	0.0000	0.0000	0.0000
0.0000	0.0000	0.0000	0.0000	0.0000	0.0000	0.5540	0.0000	0.0000	0.0000	0.0000	0.4460
0.0000	0.0000	0.0000	0.0000	0.0000	0.0000	0.0012	0.0000	0.0000	0.0000	0.0000	0.9988
0.0000	0.0000	0.0000	0.0000	0.0000	0.0000	0.0000	0.0000	0.0004	0.9994	0.0002	0.0000
0.0000	0.0000	0.0000	0.9983	0.0000	0.0016	0.0000	0.0000	0.0001	0.0000	0.0000	0.0000
0.0077	0.0000	0.0002	0.0000	0.0000	0.0000	0.0000	0.0000	0.9601	0.0000	0.0000	0.0319
0.0715	0.0000	0.0013	0.0000	0.0000	0.0002	0.0022	0.0000	0.0000	0.0000	0.0000	0.9248
0.0000	0.0000	0.0001	0.0000	0.0000	0.0000	0.0000	0.0006	0.0000	0.0001	0.9975	0.0017
0.8459	0.0000	0.0000	0.0000	0.0000	0.0000	0.0000	0.0000	0.1541	0.0000	0.0000	0.0000
0.0000	0.0000	0.0012	0.0000	0.0000	0.0000	0.0022	0.9964	0.0000	0.0000	0.0000	0.0002
0.0000	0.0000	0.0000	0.0000	0.0000	0.0000	0.0000	0.0000	0.0000	0.9905	0.0095	0.0000
0.0000	0.0000	0.0000	0.0000	0.0000	0.0000	0.0000	0.0000	0.0000	1.0000	0.0000	0.0000
0.0000	0.0000	1.0000	0.0000	0.0000	0.0000	0.0000	0.0000	0.0000	0.0000	0.0000	0.0000
0.9532	0.0000	0.0000	0.0000	0.0000	0.0029	0.0000	0.0000	0.0000	0.0439	0.0000	0.0000
0.0000	0.0000	0.8756	0.0000	0.0000	0.0000	0.0114	0.1128	0.0000	0.0000	0.0000	0.0003
0.0000	0.0000	0.0000	0.0000	0.0000	0.0000	0.0000	1.0000	0.0000	0.0000	0.0000	0.0000
0.0000	0.0000	0.0000	0.2342	0.0000	0.0458	0.0000	0.0000	0.0000	0.7200	0.0000	0.0000
0.0000	0.0000	0.0000	0.0000	0.0000	0.9975	0.0000	0.0000	0.0000	0.0025	0.0000	0.0000
0.0000	0.0000	0.0000	0.0000	0.0000	0.9999	0.0000	0.0000	0.0000	0.0001	0.0000	0.0000
0.0000	0.0000	0.0000	0.0000	0.0000	0.0000	0.0000	0.0000	0.0000	1.0000	0.0000	0.0000
0.0000	0.0000	0.0000	0.0000	0.0000	0.0000	0.0000	0.0000	0.0000	0.0000	0.0000	1.0000
0.0000	0.0000	0.8959	0.0000	0.0000	0.0010	0.0000	0.0000	0.0000	0.0000	0.0000	0.1032
0.0000	0.0000	0.9995	0.0000	0.0000	0.0005	0.0000	0.0000	0.0000	0.0000	0.0000	0.0000
0.0000	0.0000	0.9994	0.0000	0.0000	0.0006	0.0000	0.0000	0.0000	0.0000	0.0000	0.0000
0.0000	0.0000	0.9997	0.0000	0.0000	0.0003	0.0000	0.0000	0.0000	0.0000	0.0000	0.0000
0.0000	0.0000	0.0000	0.0000	0.0000	0.0000	0.0000	0.0000	0.0000	0.0000	0.0000	1.0000
0.0000	0.0000	1.0000	0.0000	0.0000	0.0000	0.0000	0.0000	0.0000	0.0000	0.0000	0.0000
0.0000	0.0000	1.0000	0.0000	0.0000	0.0000	0.0000	0.0000	0.0000	0.0000	0.0000	0.0000
0.0000	0.0000	0.0000	0.0000	0.0000	0.0000	0.0000	0.0000	0.0000	0.0000	0.0000	1.0000
0.0000	0.0000	0.0000	0.0000	0.0000	0.0000	0.0000	0.0000	0.0000	0.0000	0.0000	1.0000
0.0000	0.0000	0.9998	0.0000	0.0000	0.0002	0.0000	0.0000	0.0000	0.0000	0.0000	0.0000
0.0000	0.0000	0.0000	0.0000	0.0000	0.0000	0.0000	0.0000	0.0000	0.0000	0.0000	1.0000
0.0000	0.0000	1.0000	0.0000	0.0000	0.0000	0.0000	0.0000	0.0000	0.0000	0.0000	0.0000
0.0000	0.0000	0.0975	0.0000	0.0000	0.0002	0.0000	0.0000	0.0000	0.0000	0.0000	0.9023
0.0000	0.0000	0.0001	0.0000	0.0000	0.0000	0.0000	0.0000	0.0000	0.0000	0.0000	0.9999
0.0000	0.0000	0.9997	0.0000	0.0000	0.0003	0.0000	0.0000	0.0000	0.0000	0.0000	0.0000
0.0000	0.0000	0.9999	0.0000	0.0000	0.0001	0.0000	0.0000	0.0000	0.0000	0.0000	0.0000
0.0000	0.0000	0.9999	0.0000	0.0000	0.0001	0.0000	0.0000	0.0000	0.0000	0.0000	0.0000
0.0000	0.0000	0.0000	0.0000	0.0000	0.0000	0.0000	0.0000	0.0000	0.0000	0.0000	1.0000
0.0000	0.0000	0.0000	0.0000	0.0000	0.0000	0.0000	0.0000	0.0000	0.0000	0.0000	1.0000
0.0000	0.0000	0.1477	0.0000	0.0000	0.7472	0.0000	0.0000	0.0000	0.0000	0.0000	0.1051
0.0000	0.0000	0.9980	0.0000	0.0000	0.0020	0.0000	0.0000	0.0000	0.0000	0.0000	0.0000
0.0000	0.0000	1.0000	0.0000	0.0000	0.0000	0.0000	0.0000	0.0000	0.0000	0.0000	0.0000
0.0000	0.0000	0.0000	0.0000	0.0000	0.0046	0.9954	0.0000	0.0000	0.0000	0.0000	0.0000
0.0000	0.0000	0.0000	0.0000	0.0000	0.0000	0.0000	0.0000	1.0000	0.0000	0.0000	0.0000
0.0000	0.0000	0.0000	0.0000	0.0000	0.0000	1.0000	0.0000	0.0000	0.0000	0.0000	0.0000
0.0000	0.0000	0.0000	0.0000	0.0000	0.0000	0.0000	0.0000	1.0000	0.0000	0.0000	0.0000
0.0000	0.0000	0.0000	0.0000	0.0000	0.0000	1.0000	0.0000	0.0000	0.0000	0.0000	0.0000
0.0000	0.0000	0.0000	0.0000	0.0000	0.0000	0.0000	0.0000	1.0000	0.0000	0.0000	0.0000
0.0000	0.0000	0.0000	0.0000	0.0000	0.0000	1.0000	0.0000	0.0000	0.0000	0.0000	0.0000
0.0000	0.0000	0.0000	0.0000	0.0000	0.0000	0.0000	0.0000	1.0000	0.0000	0.0000	0.0000
0.0000	0.0000	0.9884	0.0000	0.0000	0.0116	0.0000	0.0000	0.0000	0.0000	0.0000	0.0000
0.0000	0.0000	0.9865	0.0000	0.0000	0.0000	0.0135	0.0000	0.0000	0.0000	0.0000	0.0000
0.0000	0.0000	0.0000	0.0000	0.0000	0.0000	1.0000	0.0000	0.0000	0.0000	0.0000	0.0000
0.0000	0.0000	0.0000	0.0000	0.0000	0.0000	0.0000	0.0000	1.0000	0.0000	0.0000	0.0000
0.0000	0.0000	0.0093	0.0000	0.0000	0.0000	0.9907	0.0000	0.0000	0.0000	0.0000	0.0000
0.0000	0.0000	0.0000	0.0000	0.0000	0.0000	0.0000	0.0000	1.0000	0.0000	0.0000	0.0000
0.0000	0.0000	0.0000	0.0000	0.0000	0.0000	0.0000	0.0000	1.0000	0.0000	0.0000	0.0000
0.0000	0.0000	0.0679	0.0000	0.0000	0.0000	0.9321	0.0000	0.0000	0.0000	0.0000	0.0000
0.0000	0.0000	0.0000	0.0000	0.0000	0.0000	0.0000	0.0000	1.0000	0.0000	0.0000	0.0000
0.0000	0.0000	0.0000	0.0000	0.0000	0.0000	0.0000	0.0000	1.0000	0.0000	0.0000	0.0000
0.0000	0.0000	0.9993	0.0000	0.0000	0.0000	0.0007	0.0000	0.0000	0.0000	0.0000	0.0000
0.0000	0.0000	0.0000	0.0000	0.0000	0.0000	1.0000	0.0000	0.0000	0.0000	0.0000	0.0000
0.0000	0.0000	0.0000	0.0000	0.0000	0.0000	0.0000	0.0000	1.0000	0.0000	0.0000	0.0000
0.0000	0.0000	0.4259	0.0000	0.0000	0.0000	0.5741	0.0000	0.0000	0.0000	0.0000	0.0000
0.0000	0.0000	0.1628	0.0000	0.0000	0.0201	0.8171	0.0000	0.0000	0.0000	0.0000	0.0000
