0.8588	0.0000	0.0000	0.0000	0.0000	0.0000	0.0002	0.0000	0.0642	0.0416	0.0345	0.0007
0.0000	0.0000	0.0000	0.0000	0.0000	0.0000	0.0000	0.0000	1.0000	0.0000	0.0000	0.0000
0.0000	0.0000	0.0000	0.0000	0.0000	0.0000	0.0000	0.0000	1.0000	0.0000	0.0000	0.0000
0.0000	0.0098	0.0003	0.0000	0.0000	0.0000	0.0057	0.9841	0.0000	0.0000	0.0000	0.0001
0.0000	0.0000	0.0000	0.0000	0.0000	0.0000	0.0685	0.9293	0.0000	0.0000	0.0000	0.0022
0.0016	0.0000	0.0000	0.0000	0.0000	0.0000	0.0001	0.0000	0.0341	0.9634	0.0004	0.0004
0.0628	0.0000	0.0000	0.0000	0.0000	0.0001	0.0019	0.0000	0.2404	0.6770	0.0090	0.0088
0.0000	0.0000	0.0000	0.0000	0.0000	0.0000	0.6336	0.0483	0.0001	0.0021	0.0002	0.3157
0.0000	0.0000	0.0000	0.0000	0.0000	0.0000	0.0010	0.9893	0.0000	0.0000	0.0000	0.0097
1.0000	0.0000	0.0000	0.0000	0.0000	0.0000	0.0000	0.0000	0.0000	0.0000	0.0000	0.0000
0.0001	0.0000	0.0003	0.0000	0.0000	0.0001	0.2429	0.0059	0.0002	0.0022	0.0001	0.7483
0.0005	0.0000	0.0000	0.0000	0.0000	0.0000	0.0000	0.0000	0.0009	0.9984	0.0001	0.0001
0.0000	0.0854	0.8857	0.0000	0.0000	0.0275	0.0013	0.0000	0.0000	0.0000	0.0000	0.0001
0.9506	0.0000	0.0010	0.0000	0.0002	0.0002	0.0007	0.0000	0.0212	0.0160	0.0023	0.0079
0.0000	0.0000	0.0000	0.0000	0.0000	0.0000	0.0000	0.0000	1.0000	0.0000	0.0000	0.0000
0.0000	0.0000	0.0001	0.0000	0.0000	0.0002	0.9530	0.0137	0.0001	0.0036	0.0000	0.0292
0.0000	0.0001	0.0001	0.0000	0.0000	0.0001	0.1121	0.8824	0.0000	0.0002	0.0000	0.0049
0.0000	0.9412	0.0577	0.0000	0.0000	0.0005	0.0003	0.0003	0.0000	0.0000	0.0000	0.0000
0.0033	0.0003	0.0073	0.0000	0.0000	0.9886	0.0003	0.0000	0.0000	0.0000	0.0000	0.0002
0.0001	0.0000	0.0000	0.0000	0.0000	0.0000	0.0000	0.0000	0.9999	0.0000	0.0000	0.0000
0.0001	0.0000	0.0000	0.0195	0.0001	0.0000	0.0000	0.0000	0.0000	0.0039	0.9765	0.0000
0.0000	0.0022	0.0013	0.0000	0.0000	0.0005	0.2338	0.7609	0.0000	0.0000	0.0001	0.0011
0.0002	0.1091	0.1165	0.0000	0.0000	0.0230	0.5203	0.2263	0.0000	0.0000	0.0000	0.0045
0.0001	0.0000	0.0000	0.0001	0.0000	0.0000	0.0000	0.0000	0.0000	0.9975	0.0004	0.0018
0.0200	0.0000	0.0000	0.0000	0.0000	0.9757	0.0022	0.0000	0.0006	0.0013	0.0000	0.0002
0.0000	0.0000	0.0001	0.0000	0.0000	0.0008	0.0922	0.0029	0.0000	0.0047	0.0000	0.8993
0.0002	0.5512	0.0176	0.0004	0.0000	0.2390	0.0109	0.1749	0.0000	0.0000	0.0000	0.0058
0.0000	0.0000	0.0000	0.0000	0.0000	0.0000	0.0000	0.0000	0.9459	0.0540	0.0000	0.0000
0.2249	0.0000	0.0000	0.6161	0.0009	0.0000	0.0000	0.0000	0.0000	0.0044	0.1537	0.0000
0.0001	0.0000	0.0000	0.0000	0.0000	0.9999	0.0000	0.0000	0.0000	0.0000	0.0000	0.0000
0.0000	0.0000	0.0000	0.0000	0.0000	0.0000	0.0000	0.9997	0.0000	0.0000	0.0000	0.0003
0.0000	0.0292	0.0005	0.0015	0.0000	0.0011	0.0049	0.9612	0.0000	0.0001	0.0001	0.0015
0.0000	0.0000	0.0000	0.0000	0.0000	0.0000	0.0000	0.0000	1.0000	0.0000	0.0000	0.0000
0.0000	0.8742	0.1179	0.0000	0.0000	0.0035	0.0038	0.0006	0.0000	0.0000	0.0000	0.0000
0.0000	0.0000	0.0000	0.0000	0.0000	0.0000	0.0000	0.0000	0.0000	0.9984	0.0000	0.0016
0.0000	0.0000	0.0000	0.0000	0.0000	0.0000	0.0000	0.0000	0.0000	0.9983	0.0000	0.0015
0.0000	0.9449	0.0506	0.0000	0.0000	0.0004	0.0030	0.0010	0.0000	0.0000	0.0000	0.0000
0.0000	0.6415	0.3409	0.0000	0.0000	0.0136	0.0038	0.0002	0.0000	0.0000	0.0000	0.0000
0.0001	0.1763	0.0167	0.0000	0.0000	0.0023	0.1587	0.6445	0.0000	0.0000	0.0000	0.0012
0.9671	0.0000	0.0000	0.0000	0.0000	0.0001	0.0000	0.0000	0.0306	0.0000	0.0000	0.0022
0.0810	0.0000	0.0001	0.0000	0.0000	0.0292	0.0628	0.0000	0.2952	0.3462	0.0009	0.1846
0.0037	0.0000	0.0000	0.2497	0.7398	0.0000	0.0000	0.0000	0.0000	0.0039	0.0028	0.0000
0.0001	0.3212	0.5875	0.0000	0.0000	0.0854	0.0053	0.0002	0.0000	0.0000	0.0000	0.0003
0.0000	0.0000	0.0000	0.0000	0.0000	0.0000	0.0051	0.9209	0.0000	0.0001	0.0001	0.0738
1.0000	0.0000	0.0000	0.0000	0.0000	0.0000	0.0000	0.0000	0.0000	0.0000	0.0000	0.0000
0.0000	0.0001	0.0000	0.0000	0.0000	0.0000	0.0166	0.9833	0.0000	0.0000	0.0000	0.0000
0.0000	0.0000	0.0014	0.0000	0.0000	0.0000	0.7102	0.2850	0.0000	0.0000	0.0000	0.0033
0.9083	0.0000	0.0000	0.0002	0.0001	0.0002	0.0001	0.0000	0.0041	0.0021	0.0841	0.0009
0.0000	0.0695	0.9015	0.0000	0.0000	0.0276	0.0013	0.0000	0.0000	0.0000	0.0000	0.0001
0.0000	0.1188	0.8404	0.0000	0.0000	0.0400	0.0008	0.0000	0.0000	0.0000	0.0000	0.0000
0.0000	0.0000	0.0007	0.0000	0.0000	0.0000	0.9971	0.0021	0.0000	0.0000	0.0000	0.0001
0.0000	0.0030	0.0000	0.0000	0.0000	0.0000	0.0027	0.9943	0.0000	0.0000	0.0000	0.0000
0.0001	0.0000	0.0001	0.0002	0.0000	0.0002	0.1481	0.8424	0.0000	0.0036	0.0016	0.0035
0.0000	0.0000	0.0000	0.0000	0.0000	0.0000	0.0000	0.0000	1.0000	0.0000	0.0000	0.0000
0.0000	0.0000	0.0000	0.0000	1.0000	0.0000	0.0000	0.0000	0.0000	0.0000	0.0000	0.0000
0.0002	0.1651	0.7952	0.0000	0.0000	0.0346	0.0045	0.0001	0.0000	0.0000	0.0000	0.0003
0.0007	0.0620	0.6258	0.0000	0.0000	0.3062	0.0048	0.0000	0.0000	0.0000	0.0000	0.0004
0.0004	0.0000	0.0001	0.0000	0.0000	0.0000	0.1506	0.8124	0.0000	0.0071	0.0157	0.0136
0.0000	0.0000	0.0000	0.0000	0.0000	0.0000	0.0151	0.0000	0.0011	0.0000	0.0000	0.9837
0.0000	0.3515	0.6270	0.0000	0.0000	0.0097	0.0115	0.0003	0.0000	0.0000	0.0000	0.0001
0.0003	0.0000	0.0000	0.5432	0.0019	0.0000	0.0000	0.0000	0.0000	0.0001	0.4544	0.0000
0.0001	0.0746	0.8548	0.0000	0.0000	0.0211	0.0470	0.0006	0.0000	0.0000	0.0000	0.0018
0.0027	0.0000	0.0002	0.0000	0.0000	0.9933	0.0032	0.0000	0.0001	0.0003	0.0000	0.0002
0.0000	0.0000	0.0156	0.0000	0.0000	0.0008	0.9660	0.0009	0.0001	0.0000	0.0000	0.0165
0.9926	0.0000	0.0000	0.0001	0.0000	0.0044	0.0000	0.0000	0.0011	0.0015	0.0001	0.0001
0.0002	0.3683	0.0236	0.0000	0.0000	0.6030	0.0030	0.0017	0.0000	0.0000	0.0000	0.0002
0.0080	0.0000	0.0000	0.0000	0.0000	0.0000	0.0000	0.0000	0.0000	0.0000	0.9919	0.0000
0.0002	0.0005	0.0011	0.0002	0.0000	0.0029	0.3243	0.6618	0.0000	0.0016	0.0005	0.0070
0.0000	0.0000	0.0000	0.0000	0.0000	0.0000	0.6624	0.3322	0.0000	0.0000	0.0014	0.0040
0.0001	0.0000	0.0000	0.0000	0.0000	0.0000	0.0000	0.0000	0.9997	0.0002	0.0000	0.0000
0.0000	0.0000	0.0000	0.0000	0.0000	0.0000	0.0000	0.0000	0.0155	0.9845	0.0000	0.0000
0.9984	0.0000	0.0000	0.0004	0.0000	0.0000	0.0000	0.0000	0.0000	0.0011	0.0001	0.0000
0.0000	0.0000	0.0000	0.0000	0.0000	0.0000	0.9914	0.0082	0.0000	0.0000	0.0000	0.0003
0.0038	0.0000	0.0004	0.0003	0.0000	0.0077	0.2136	0.0152	0.0015	0.1402	0.0014	0.6159
0.0000	0.0000	0.0000	0.0000	0.0000	0.0000	0.0000	0.0000	1.0000	0.0000	0.0000	0.0000
0.0000	0.0000	0.0000	0.0000	0.0000	0.0000	0.0000	0.0000	1.0000	0.0000	0.0000	0.0000
0.0000	0.8220	0.0955	0.0000	0.0000	0.0054	0.0693	0.0078	0.0000	0.0000	0.0000	0.0000
0.0000	0.0063	0.0024	0.0000	0.0000	0.0645	0.4332	0.4830	0.0000	0.0000	0.0000	0.0106
0.0000	0.0000	0.0000	0.0000	0.0000	0.0000	1.0000	0.0000	0.0000	0.0000	0.0000	0.0000
0.0000	0.0000	0.0000	0.0000	0.0000	0.0000	0.1725	0.0000	0.8265	0.0009	0.0000	0.0000
0.0000	0.0000	0.0000	0.0000	0.0000	0.0000	0.0000	0.0000	0.0000	0.0000	1.0000	0.0000
0.0001	0.0032	0.0065	0.0000	0.0000	0.9900	0.0001	0.0000	0.0000	0.0000	0.0000	0.0000
0.0000	0.0001	0.0004	0.0000	0.0000	0.0000	0.9916	0.0079	0.0000	0.0000	0.0000	0.0000
0.0000	0.0000	0.0000	0.0000	0.0000	0.0000	0.0000	0.0000	0.0000	0.0000	0.0000	1.0000
0.0000	0.0000	0.0000	0.0000	0.0000	0.0000	0.0000	0.0000	0.0000	0.0000	0.0000	1.0000
0.0000	0.0000	1.0000	0.0000	0.0000	0.0000	0.0000	0.0000	0.0000	0.0000	0.0000	0.0000
0.0000	0.0000	0.0000	0.0000	0.0000	0.0000	0.0000	0.0000	0.0000	0.0000	0.0000	1.0000
0.0000	0.0000	0.9995	0.0000	0.0000	0.0000	0.0000	0.0000	0.0000	0.0000	0.0000	0.0005
0.0000	0.0000	1.0000	0.0000	0.0000	0.0000	0.0000	0.0000	0.0000	0.0000	0.0000	0.0000
0.0000	0.0000	0.0000	0.0000	0.0000	0.0000	0.0000	0.0000	0.0000	0.0000	0.0000	1.0000
0.0000	0.0000	0.0000	0.0000	0.0000	0.0000	0.0000	0.0000	0.0000	0.0000	0.0000	1.0000
0.0000	0.0000	0.0000	0.0000	0.0000	0.0000	0.0000	0.0000	0.0000	0.0000	0.0000	1.0000
0.0000	0.0000	0.0000	0.0000	0.0000	0.0000	0.0000	0.0000	0.0000	0.0000	0.0000	1.0000
0.0000	0.0000	0.0000	0.0000	0.0000	0.0000	0.0000	0.0000	0.0000	0.0000	0.0000	1.0000
0.0000	0.0000	0.0000	0.0000	0.0000	0.0000	0.0000	0.0000	0.0000	0.0000	0.0000	1.0000
0.0000	0.0000	1.0000	0.0000	0.0000	0.0000	0.0000	0.0000	0.0000	0.0000	0.0000	0.0000
0.0000	0.0000	1.0000	0.0000	0.0000	0.0000	0.0000	0.0000	0.0000	0.0000	0.0000	0.0000
0.0000	0.0000	0.0002	0.0000	0.0000	0.0000	0.0000	0.0000	0.0000	0.0000	0.0000	0.9998
0.0000	0.0000	0.9998	0.0000	0.0000	0.0000	0.0000	0.0000	0.0000	0.0000	0.0000	0.0002
0.0000	0.0000	0.9999	0.0000	0.0000	0.0000	0.0000	0.0000	0.0000	0.0000	0.0000	0.0001
0.0000	0.0000	0.0000	0.0000	0.0000	0.0000	0.0000	0.0000	0.0000	0.0000	0.0000	1.0000
0.0000	0.0000	1.0000	0.0000	0.0000	0.0000	0.0000	0.0000	0.0000	0.0000	0.0000	0.0000
0.0000	0.0000	1.0000	0.0000	0.0000	0.0000	0.0000	0.0000	0.0000	0.0000	0.0000	0.0000
0.0000	0.0000	0.0000	0.0000	0.0000	0.0000	0.0000	0.0000	1.0000	0.0000	0.0000	0.0000
0.0000	0.0000	1.0000	0.0000	0.0000	0.0000	0.0000	0.0000	0.0000	0.0000	0.0000	0.0000
0.0000	0.0000	0.0101	0.0000	0.0000	0.0001	0.9898	0.0000	0.0000	0.0000	0.0000	0.0000
0.0000	0.0000	0.0000	0.0000	0.0000	0.0000	0.0000	0.0000	1.0000	0.0000	0.0000	0.0000
0.0000	0.0000	0.0000	0.0000	0.0000	0.0000	1.0000	0.0000	0.0000	0.0000	0.0000	0.0000
0.0000	0.0000	0.0000	0.0000	0.0000	0.0000	0.0000	0.0000	1.0000	0.0000	0.0000	0.0000
0.0000	0.0000	0.0000	0.0000	0.0000	0.0000	0.0000	0.0000	1.0000	0.0000	0.0000	0.0000
0.0000	0.0000	1.0000	0.0000	0.0000	0.0000	0.0000	0.0000	0.0000	0.0000	0.0000	0.0000
0.0000	0.0000	0.0000	0.0000	0.0000	0.0000	0.0000	0.0000	1.0000	0.0000	0.0000	0.0000
0.0000	0.0000	0.0012	0.0000	0.0000	0.0000	0.9988	0.0000	0.0000	0.0000	0.0000	0.0000
0.0000	0.0000	0.0000	0.0000	0.0000	0.0000	0.0000	0.0000	1.0000	0.0000	0.0000	0.0000
0.0000	0.0000	0.0000	0.0000	0.0000	0.0000	1.0000	0.0000	0.0000	0.0000	0.0000	0.0000
0.0000	0.0000	0.0000	0.0000	0.0000	0.0000	0.0000	0.0000	1.0000	0.0000	0.0000	0.0000
0.0000	0.0000	1.0000	0.0000	0.0000	0.0000	0.0000	0.0000	0.0000	0.0000	0.0000	0.0000
0.0000	0.0000	0.0000	0.0000	0.0000	0.0000	1.0000	0.0000	0.0000	0.0000	0.0000	0.0000
0.0000	0.0001	0.8598	0.0000	0.0000	0.0005	0.1396	0.0000	0.0000	0.0000	0.0000	0.0000
0.0000	0.0002	0.9998	0.0000	0.0000	0.0000	0.0000	0.0000	0.0000	0.0000	0.0000	0.0000
0.0000	0.0000	1.0000	0.0000	0.0000	0.0000	0.0000	0.0000	0.0000	0.0000	0.0000	0.0000
0.0000	0.0000	0.9958	0.0000	0.0000	0.0000	0.0041	0.0000	0.0000	0.0000	0.0000	0.0000
0.0000	0.0000	0.0000	0.0000	0.0000	0.0000	0.0000	0.0000	1.0000	0.0000	0.0000	0.0000
0.0000	0.0000	0.0061	0.0000	0.0000	0.0000	0.9939	0.0000	0.0000	0.0000	0.0000	0.0000
0.0000	0.0000	0.0000	0.0000	0.0000	0.0000	0.0000	0.0000	1.0000	0.0000	0.0000	0.0000
0.0000	0.0000	0.0011	0.0000	0.0000	0.0000	0.9989	0.0000	0.0000	0.0000	0.0000	0.0000
0.0000	0.0000	0.0000	0.0000	0.0000	0.0000	0.0000	0.0000	1.0000	0.0000	0.0000	0.0000
0.0000	0.0000	1.0000	0.0000	0.0000	0.0000	0.0000	0.0000	0.0000	0.0000	0.0000	0.0000
0.0000	0.0000	0.0000	0.0000	0.0000	0.0000	1.0000	0.0000	0.0000	0.0000	0.0000	0.0000
0.0000	0.0000	0.0000	0.0000	0.0000	0.0000	0.0000	0.0000	1.0000	0.0000	0.0000	0.0000
0.0000	0.0000	0.0000	0.0000	0.0000	0.0000	1.0000	0.0000	0.0000	0.0000	0.0000	0.0000
0.0000	0.0000	0.0000	0.0000	0.0000	0.0000	0.0000	0.0000	1.0000	0.0000	0.0000	0.0000
0.0000	0.0000	0.0015	0.0000	0.0000	0.0000	0.9985	0.0000	0.0000	0.0000	0.0000	0.0000
