0.9821	0.0000	0.0000	0.0005	0.0000	0.0000	0.0000	0.0000	0.0000	0.0010	0.0164	0.0000
0.0000	0.0000	0.0000	0.0000	0.0000	0.0000	0.0000	0.0000	1.0000	0.0000	0.0000	0.0000
0.0000	0.0000	0.0000	0.0000	0.0000	0.0000	0.0000	0.0000	1.0000	0.0000	0.0000	0.0000
0.0000	0.0006	0.0000	0.0000	0.0000	0.0000	0.0002	0.9992	0.0000	0.0000	0.0000	0.0000
0.0000	0.0000	0.0000	0.0000	0.0000	0.0000	0.0344	0.9554	0.0000	0.0000	0.0000	0.0101
0.0005	0.0000	0.0000	0.0000	0.0000	0.0000	0.0000	0.0000	0.0026	0.9881	0.0088	0.0000
0.0559	0.0000	0.0000	0.0000	0.0000	0.0000	0.0000	0.0000	0.0214	0.8584	0.0638	0.0004
0.0000	0.0000	0.0000	0.0000	0.0000	0.0000	0.1792	0.0813	0.0000	0.0439	0.0000	0.6956
0.0000	0.0000	0.0000	0.0000	0.0000	0.0000	0.0022	0.9409	0.0000	0.0000	0.0000	0.0568
1.0000	0.0000	0.0000	0.0000	0.0000	0.0000	0.0000	0.0000	0.0000	0.0000	0.0000	0.0000
0.0000	0.0000	0.0000	0.0000	0.0000	0.0000	0.2237	0.0034	0.0000	0.0012	0.0000	0.7716
0.0010	0.0000	0.0000	0.0003	0.0000	0.0000	0.0000	0.0000	0.0003	0.9956	0.0029	0.0000
0.0000	0.0027	0.9830	0.0000	0.0000	0.0140	0.0003	0.0000	0.0000	0.0000	0.0000	0.0000
0.7138	0.0000	0.0015	0.0003	0.0003	0.0002	0.0011	0.0000	0.0011	0.1869	0.0097	0.0851
0.0000	0.0000	0.0000	0.0000	0.0000	0.0000	0.0000	0.0000	1.0000	0.0000	0.0000	0.0000
0.0000	0.0000	0.0000	0.0000	0.0000	0.0000	0.9634	0.0160	0.0000	0.0170	0.0000	0.0035
0.0000	0.0000	0.0000	0.0000	0.0000	0.0001	0.0755	0.9220	0.0000	0.0012	0.0000	0.0011
0.0000	0.9968	0.0031	0.0000	0.0000	0.0000	0.0000	0.0001	0.0000	0.0000	0.0000	0.0000
0.0009	0.0000	0.1181	0.0000	0.0000	0.8804	0.0005	0.0000	0.0000	0.0000	0.0000	0.0001
0.0001	0.0000	0.0000	0.0000	0.0000	0.0000	0.0000	0.0000	0.9999	0.0000	0.0000	0.0000
0.0000	0.0000	0.0000	0.0455	0.0000	0.0000	0.0000	0.0000	0.0000	0.0001	0.9543	0.0000
0.0000	0.0000	0.0000	0.0001	0.0000	0.0001	0.0045	0.9949	0.0000	0.0001	0.0000	0.0002
0.0000	0.0038	0.0252	0.0000	0.0000	0.0646	0.5130	0.3801	0.0000	0.0000	0.0000	0.0132
0.0000	0.0000	0.0000	0.0000	0.0000	0.0000	0.0000	0.0000	0.0000	0.9991	0.0006	0.0003
0.0059	0.0000	0.0000	0.0000	0.0000	0.9928	0.0002	0.0000	0.0012	0.0000	0.0000	0.0000
0.0000	0.0000	0.0000	0.0000	0.0000	0.0000	0.9178	0.0018	0.0000	0.0057	0.0000	0.0747
0.0002	0.1935	0.0028	0.0021	0.0000	0.1701	0.0049	0.6239	0.0000	0.0000	0.0000	0.0025
0.0000	0.0000	0.0000	0.0000	0.0000	0.0000	0.0000	0.0000	0.9908	0.0092	0.0000	0.0000
0.0001	0.0000	0.0000	0.0009	0.0000	0.0000	0.0000	0.0000	0.0000	0.0000	0.9990	0.0000
0.0001	0.0000	0.0000	0.0000	0.0000	0.9999	0.0000	0.0000	0.0000	0.0000	0.0000	0.0000
0.0000	0.0000	0.0000	0.0000	0.0000	0.0000	0.0001	0.9999	0.0000	0.0000	0.0000	0.0000
0.0000	0.0011	0.0000	0.0067	0.0000	0.0012	0.0006	0.9902	0.0000	0.0001	0.0000	0.0001
0.0000	0.0000	0.0000	0.0000	0.0000	0.0000	0.0000	0.0000	1.0000	0.0000	0.0000	0.0000
0.0000	0.3678	0.5918	0.0000	0.0000	0.0345	0.0058	0.0001	0.0000	0.0000	0.0000	0.0000
0.0000	0.0000	0.0000	0.0000	0.0000	0.0000	0.0000	0.0000	0.0000	0.9872	0.0000	0.0128
0.0000	0.0000	0.0000	0.0000	0.0000	0.0000	0.0000	0.0000	0.0000	0.9996	0.0000	0.0003
0.0000	0.8217	0.1736	0.0000	0.0000	0.0040	0.0006	0.0001	0.0000	0.0000	0.0000	0.0000
0.0000	0.0822	0.8692	0.0000	0.0000	0.0406	0.0079	0.0000	0.0000	0.0000	0.0000	0.0001
0.0002	0.0095	0.0457	0.0003	0.0000	0.0193	0.3285	0.5462	0.0000	0.0005	0.0000	0.0499
0.9837	0.0000	0.0000	0.0000	0.0000	0.0000	0.0000	0.0000	0.0149	0.0000	0.0000	0.0014
0.0076	0.0000	0.0000	0.0000	0.0000	0.0155	0.1666	0.0000	0.6715	0.0635	0.0000	0.0752
0.0142	0.0000	0.0000	0.4025	0.3953	0.0000	0.0000	0.0000	0.0000	0.0002	0.1878	0.0000
0.0000	0.1445	0.6869	0.0000	0.0000	0.1670	0.0014	0.0000	0.0000	0.0000	0.0000	0.0002
0.0000	0.0000	0.0000	0.0000	0.0000	0.0000	0.0017	0.9792	0.0000	0.0005	0.0000	0.0186
1.0000	0.0000	0.0000	0.0000	0.0000	0.0000	0.0000	0.0000	0.0000	0.0000	0.0000	0.0000
0.0000	0.0000	0.0000	0.0000	0.0000	0.0000	0.0001	0.9999	0.0000	0.0000	0.0000	0.0000
0.0000	0.0000	0.0001	0.0000	0.0000	0.0000	0.9158	0.0785	0.0000	0.0000	0.0000	0.0056
0.7776	0.0000	0.0000	0.0000	0.0000	0.0000	0.0000	0.0000	0.0000	0.0006	0.2217	0.0000
0.0000	0.0019	0.9833	0.0000	0.0000	0.0143	0.0005	0.0000	0.0000	0.0000	0.0000	0.0000
0.0000	0.0091	0.9667	0.0000	0.0000	0.0239	0.0003	0.0000	0.0000	0.0000	0.0000	0.0000
0.0000	0.0000	0.0001	0.0000	0.0000	0.0000	0.9998	0.0000	0.0000	0.0000	0.0000	0.0001
0.0000	0.0013	0.0000	0.0000	0.0000	0.0000	0.0005	0.9981	0.0000	0.0000	0.0000	0.0000
0.0002	0.0000	0.0000	0.0073	0.0000	0.0073	0.2166	0.7211	0.0000	0.0472	0.0000	0.0003
0.0000	0.0000	0.0000	0.0000	0.0000	0.0000	0.0000	0.0000	1.0000	0.0000	0.0000	0.0000
0.0000	0.0000	0.0000	0.0000	1.0000	0.0000	0.0000	0.0000	0.0000	0.0000	0.0000	0.0000
0.0000	0.0284	0.9445	0.0000	0.0000	0.0240	0.0030	0.0000	0.0000	0.0000	0.0000	0.0001
0.0000	0.0060	0.6975	0.0000	0.0000	0.2926	0.0038	0.0000	0.0000	0.0000	0.0000	0.0000
0.0001	0.0000	0.0000	0.0033	0.0000	0.0000	0.0211	0.3957	0.0000	0.5735	0.0001	0.0061
0.0000	0.0000	0.0000	0.0000	0.0000	0.0000	0.0811	0.0000	0.0195	0.0008	0.0000	0.8986
0.0000	0.0760	0.8547	0.0000	0.0000	0.0388	0.0299	0.0003	0.0000	0.0000	0.0000	0.0003
0.0001	0.0000	0.0000	0.1979	0.0000	0.0000	0.0000	0.0000	0.0000	0.0000	0.8020	0.0000
0.0000	0.0006	0.8843	0.0000	0.0000	0.0087	0.1029	0.0001	0.0000	0.0000	0.0000	0.0035
0.0001	0.0000	0.0000	0.0000	0.0000	0.9748	0.0246	0.0000	0.0005	0.0000	0.0000	0.0000
0.0000	0.0000	0.0043	0.0000	0.0000	0.0000	0.9826	0.0000	0.0000	0.0000	0.0000	0.0130
0.9874	0.0000	0.0000	0.0020	0.0000	0.0104	0.0000	0.0000	0.0000	0.0001	0.0001	0.0000
0.0001	0.0773	0.0067	0.0001	0.0000	0.9111	0.0033	0.0015	0.0000	0.0000	0.0000	0.0000
0.0002	0.0000	0.0000	0.0004	0.0001	0.0000	0.0000	0.0000	0.0000	0.0000	0.9992	0.0000
0.0000	0.0000	0.0000	0.0000	0.0000	0.0001	0.3340	0.6550	0.0000	0.0019	0.0000	0.0089
0.0000	0.0000	0.0000	0.0000	0.0000	0.0000	0.1654	0.0096	0.0001	0.8165	0.0000	0.0084
0.0000	0.0000	0.0000	0.0000	0.0000	0.0000	0.0000	0.0000	1.0000	0.0000	0.0000	0.0000
0.0000	0.0000	0.0000	0.0000	0.0000	0.0000	0.0000	0.0000	0.0020	0.9980	0.0000	0.0000
0.6715	0.0000	0.0000	0.2354	0.0000	0.0000	0.0000	0.0000	0.0000	0.0019	0.0912	0.0000
0.0000	0.0000	0.0000	0.0000	0.0000	0.0000	0.9997	0.0001	0.0000	0.0001	0.0000	0.0001
0.0001	0.0000	0.0000	0.0000	0.0000	0.0021	0.7885	0.0033	0.0011	0.1399	0.0000	0.0649
0.0000	0.0000	0.0000	0.0000	0.0000	0.0000	0.0000	0.0000	1.0000	0.0000	0.0000	0.0000
0.0000	0.0000	0.0000	0.0000	0.0000	0.0000	0.0000	0.0000	1.0000	0.0000	0.0000	0.0000
0.0000	0.0147	0.0625	0.0000	0.0000	0.6123	0.3077	0.0027	0.0000	0.0000	0.0000	0.0000
0.0000	0.0000	0.0000	0.0000	0.0000	0.3388	0.5996	0.0615	0.0000	0.0000	0.0000	0.0000
0.0000	0.0000	0.0000	0.0000	0.0000	0.0000	0.6727	0.0000	0.3273	0.0000	0.0000	0.0000
0.0000	0.0000	0.0000	0.0000	0.0000	0.0000	0.0048	0.0000	0.9952	0.0000	0.0000	0.0000
0.0000	0.0000	0.0000	0.0000	0.0000	0.0000	0.0000	0.0000	0.0000	0.0000	1.0000	0.0000
0.0000	0.0007	0.0110	0.0000	0.0000	0.9880	0.0002	0.0000	0.0000	0.0000	0.0000	0.0000
0.0000	0.0000	0.0000	0.0000	0.0000	0.0000	0.9999	0.0000	0.0000	0.0000	0.0000	0.0000
0.0000	0.0000	0.0000	0.0000	0.0000	0.0000	0.0000	0.0000	0.0000	0.0000	0.0000	1.0000
0.0000	0.0000	0.0000	0.0000	0.0000	0.0000	0.0000	0.0000	0.0000	0.0000	0.0000	1.0000
0.0000	0.0000	1.0000	0.0000	0.0000	0.0000	0.0000	0.0000	0.0000	0.0000	0.0000	0.0000
0.0000	0.0000	0.0001	0.0000	0.0000	0.0000	0.0000	0.0000	0.0000	0.0000	0.0000	0.9999
0.0000	0.0000	0.9999	0.0000	0.0000	0.0000	0.0000	0.0000	0.0000	0.0000	0.0000	0.0001
0.0000	0.0000	1.0000	0.0000	0.0000	0.0000	0.0000	0.0000	0.0000	0.0000	0.0000	0.0000
0.0000	0.0000	0.0000	0.0000	0.0000	0.0000	0.0000	0.0000	0.0000	0.0000	0.0000	1.0000
0.0000	0.0000	0.0000	0.0000	0.0000	0.0000	0.0000	0.0000	0.0000	0.0000	0.0000	1.0000
0.0000	0.0000	0.0000	0.0000	0.0000	0.0000	0.0000	0.0000	0.0000	0.0000	0.0000	1.0000
0.0000	0.0000	0.0000	0.0000	0.0000	0.0000	0.0000	0.0000	0.0000	0.0000	0.0000	1.0000
0.0000	0.0000	0.0000	0.0000	0.0000	0.0000	0.0000	0.0000	0.0000	0.0000	0.0000	1.0000
0.0000	0.0000	0.0000	0.0000	0.0000	0.0000	0.0000	0.0000	0.0000	0.0000	0.0000	1.0000
0.0000	0.0000	1.0000	0.0000	0.0000	0.0000	0.0000	0.0000	0.0000	0.0000	0.0000	0.0000
0.0000	0.0000	1.0000	0.0000	0.0000	0.0000	0.0000	0.0000	0.0000	0.0000	0.0000	0.0000
0.0000	0.0000	0.0022	0.0000	0.0000	0.0000	0.0000	0.0000	0.0000	0.0000	0.0000	0.9978
0.0000	0.0000	0.9874	0.0000	0.0000	0.0000	0.0000	0.0000	0.0000	0.0000	0.0000	0.0126
0.0000	0.0000	0.9777	0.0000	0.0000	0.0000	0.0000	0.0000	0.0000	0.0000	0.0000	0.0223
0.0000	0.0000	0.0000	0.0000	0.0000	0.0000	0.0000	0.0000	0.0000	0.0000	0.0000	1.0000
0.0000	0.0000	1.0000	0.0000	0.0000	0.0000	0.0000	0.0000	0.0000	0.0000	0.0000	0.0000
0.0000	0.0000	1.0000	0.0000	0.0000	0.0000	0.0000	0.0000	0.0000	0.0000	0.0000	0.0000
0.0000	0.0000	0.0000	0.0000	0.0000	0.0000	0.0000	0.0000	1.0000	0.0000	0.0000	0.0000
0.0000	0.0000	1.0000	0.0000	0.0000	0.0000	0.0000	0.0000	0.0000	0.0000	0.0000	0.0000
0.0000	0.0000	0.0003	0.0000	0.0000	0.0013	0.9984	0.0000	0.0000	0.0000	0.0000	0.0000
0.0000	0.0000	0.0000	0.0000	0.0000	0.0000	0.0001	0.0000	0.9999	0.0000	0.0000	0.0000
0.0000	0.0000	0.0000	0.0000	0.0000	0.0000	1.0000	0.0000	0.0000	0.0000	0.0000	0.0000
0.0000	0.0000	0.0000	0.0000	0.0000	0.0000	0.0000	0.0000	1.0000	0.0000	0.0000	0.0000
0.0000	0.0000	0.0000	0.0000	0.0000	0.0000	0.0000	0.0000	1.0000	0.0000	0.0000	0.0000
0.0000	0.0000	1.0000	0.0000	0.0000	0.0000	0.0000	0.0000	0.0000	0.0000	0.0000	0.0000
0.0000	0.0000	0.0000	0.0000	0.0000	0.0000	0.0000	0.0000	1.0000	0.0000	0.0000	0.0000
0.0000	0.0000	0.0000	0.0000	0.0000	0.0000	1.0000	0.0000	0.0000	0.0000	0.0000	0.0000
0.0000	0.0000	0.0000	0.0000	0.0000	0.0000	0.0000	0.0000	1.0000	0.0000	0.0000	0.0000
0.0000	0.0000	0.0000	0.0000	0.0000	0.0000	1.0000	0.0000	0.0000	0.0000	0.0000	0.0000
0.0000	0.0000	0.0000	0.0000	0.0000	0.0000	0.0000	0.0000	1.0000	0.0000	0.0000	0.0000
0.0000	0.0000	1.0000	0.0000	0.0000	0.0000	0.0000	0.0000	0.0000	0.0000	0.0000	0.0000
0.0000	0.0000	0.0000	0.0000	0.0000	0.0000	1.0000	0.0000	0.0000	0.0000	0.0000	0.0000
0.0000	0.0000	0.3342	0.0000	0.0000	0.0056	0.6602	0.0000	0.0000	0.0000	0.0000	0.0000
0.0000	0.0000	1.0000	0.0000	0.0000	0.0000	0.0000	0.0000	0.0000	0.0000	0.0000	0.0000
0.0000	0.0000	1.0000	0.0000	0.0000	0.0000	0.0000	0.0000	0.0000	0.0000	0.0000	0.0000
0.0000	0.0000	0.8068	0.0000	0.0000	0.0010	0.1922	0.0000	0.0000	0.0000	0.0000	0.0000
0.0000	0.0000	0.0000	0.0000	0.0000	0.0000	0.0000	0.0000	1.0000	0.0000	0.0000	0.0000
0.0000	0.0000	0.0008	0.0000	0.0000	0.0000	0.9992	0.0000	0.0000	0.0000	0.0000	0.0000
0.0000	0.0000	0.0000	0.0000	0.0000	0.0000	0.0000	0.0000	1.0000	0.0000	0.0000	0.0000
0.0000	0.0000	0.0001	0.0000	0.0000	0.0000	0.9999	0.0000	0.0000	0.0000	0.0000	0.0000
0.0000	0.0000	0.0000	0.0000	0.0000	0.0000	0.0000	0.0000	1.0000	0.0000	0.0000	0.0000
0.0000	0.0000	1.0000	0.0000	0.0000	0.0000	0.0000	0.0000	0.0000	0.0000	0.0000	0.0000
0.0000	0.0000	0.0000	0.0000	0.0000	0.0000	1.0000	0.0000	0.0000	0.0000	0.0000	0.0000
0.0000	0.0000	0.0000	0.0000	0.0000	0.0000	0.0000	0.0000	1.0000	0.0000	0.0000	0.0000
0.0000	0.0000	0.0000	0.0000	0.0000	0.0000	1.0000	0.0000	0.0000	0.0000	0.0000	0.0000
0.0000	0.0000	0.0000	0.0000	0.0000	0.0000	0.0000	0.0000	1.0000	0.0000	0.0000	0.0000
0.0000	0.0000	0.0000	0.0000	0.0000	0.0002	0.9998	0.0000	0.0000	0.0000	0.0000	0.0000
