0.0000	0.0000	0.0004	0.0000	0.0000	0.0000	0.0630	0.0000	0.0014	0.0000	0.0000	0.9351
0.0000	0.0000	0.0000	0.0000	0.0000	0.0000	0.0000	0.0000	0.0000	1.0000	0.0000	0.0000
0.0000	0.0000	0.0000	0.0000	0.0000	0.0000	0.0000	0.0000	0.0000	1.0000	0.0000	0.0000
0.0000	0.0000	0.0000	0.0000	0.0000	0.0000	0.0000	0.0000	0.0000	1.0000	0.0000	0.0000
0.0000	0.0000	0.0000	0.0000	0.0000	0.0000	0.9992	0.0000	0.0008	0.0000	0.0000	0.0000
0.0000	0.0000	0.0000	0.0000	0.0000	0.0000	0.9920	0.0000	0.0000	0.0000	0.0000	0.0080
1.0000	0.0000	0.0000	0.0000	0.0000	0.0000	0.0000	0.0000	0.0000	0.0000	0.0000	0.0000
0.0000	0.0000	0.0002	0.0000	0.0000	0.0000	0.9375	0.0000	0.0000	0.0000	0.0000	0.0622
0.8815	0.0001	0.0011	0.0000	0.0000	0.0001	0.0009	0.0000	0.1140	0.0019	0.0003	0.0000
0.0000	0.0000	0.0089	0.0000	0.0001	0.0000	0.9755	0.0031	0.0000	0.0000	0.0000	0.0123
0.0000	0.0000	0.0000	0.0000	0.0000	0.0000	0.0000	0.0000	0.0000	1.0000	0.0000	0.0000
0.0000	0.0000	0.0000	0.0000	1.0000	0.0000	0.0000	0.0000	0.0000	0.0000	0.0000	0.0000
0.0000	0.0000	0.0010	0.0000	0.0000	0.0000	0.9986	0.0000	0.0000	0.0000	0.0000	0.0004
0.8691	0.0000	0.0004	0.0000	0.0000	0.0000	0.0003	0.0000	0.1292	0.0009	0.0001	0.0000
0.0374	0.0000	0.0034	0.0000	0.0002	0.0004	0.8737	0.0002	0.0526	0.0293	0.0001	0.0026
0.0000	0.0000	0.0000	0.0000	0.0000	0.0000	0.0000	0.0000	0.0000	1.0000	0.0000	0.0000
0.0000	0.0000	0.0000	0.0000	0.9587	0.0000	0.0000	0.0000	0.0000	0.0413	0.0000	0.0000
0.0165	0.2987	0.5073	0.0000	0.0003	0.0547	0.0970	0.0237	0.0001	0.0002	0.0001	0.0014
0.0004	0.0000	0.0026	0.0000	0.0000	0.0002	0.9728	0.0000	0.0015	0.0004	0.0000	0.0220
1.0000	0.0000	0.0000	0.0000	0.0000	0.0000	0.0000	0.0000	0.0000	0.0000	0.0000	0.0000
0.0030	0.0012	0.0048	0.0000	0.0007	0.0002	0.2685	0.7194	0.0000	0.0002	0.0002	0.0017
0.0000	0.0000	0.0000	0.0000	0.0000	0.0000	0.0000	0.0000	0.0000	1.0000	0.0000	0.0000
0.0000	1.0000	0.0000	0.0000	0.0000	0.0000	0.0000	0.0000	0.0000	0.0000	0.0000	0.0000
0.0000	0.0000	0.0004	0.0000	0.0000	0.0001	0.9825	0.0000	0.0000	0.0000	0.0000	0.0170
1.0000	0.0000	0.0000	0.0000	0.0000	0.0000	0.0000	0.0000	0.0000	0.0000	0.0000	0.0000
0.0001	0.0000	0.0028	0.0000	0.0000	0.0018	0.8222	0.0000	0.0066	0.0004	0.0001	0.1661
0.0000	0.0000	0.0000	0.0000	0.0000	0.0000	0.0000	0.0000	1.0000	0.0000	0.0000	0.0000
0.0000	0.0000	0.0000	0.0000	0.0000	0.0000	0.0001	0.0000	0.0053	0.9946	0.0000	0.0000
0.0148	0.0000	0.0000	0.0000	0.0000	0.9852	0.0000	0.0000	0.0000	0.0000	0.0000	0.0000
1.0000	0.0000	0.0000	0.0000	0.0000	0.0000	0.0000	0.0000	0.0000	0.0000	0.0000	0.0000
0.0000	0.0000	0.0000	0.0000	0.0004	0.0000	0.0002	0.0026	0.0000	0.9968	0.0000	0.0000
0.1795	0.0056	0.0390	0.0006	0.0020	0.1572	0.4368	0.0305	0.0482	0.0353	0.0310	0.0343
0.0000	0.0000	0.0000	0.0000	0.0000	0.0000	0.0000	0.0000	1.0000	0.0000	0.0000	0.0000
0.0005	0.7954	0.1992	0.0000	0.0000	0.0046	0.0002	0.0000	0.0000	0.0000	0.0000	0.0000
0.0000	0.0000	0.0000	1.0000	0.0000	0.0000	0.0000	0.0000	0.0000	0.0000	0.0000	0.0000
0.0000	0.0000	0.0000	0.0000	0.0000	0.0000	0.0000	0.0000	0.0000	1.0000	0.0000	0.0000
0.0001	0.9899	0.0100	0.0000	0.0000	0.0000	0.0000	0.0000	0.0000	0.0000	0.0000	0.0000
0.0150	0.8673	0.0193	0.0000	0.0000	0.0012	0.0023	0.0948	0.0000	0.0000	0.0000	0.0000
1.0000	0.0000	0.0000	0.0000	0.0000	0.0000	0.0000	0.0000	0.0000	0.0000	0.0000	0.0000
0.0192	0.0050	0.1044	0.0002	0.0004	0.3762	0.2878	0.0963	0.0005	0.0028	0.0159	0.0913
0.0000	0.0000	0.0000	0.0000	0.0000	0.0000	0.0000	0.0000	1.0000	0.0000	0.0000	0.0000
0.0001	0.9636	0.0362	0.0000	0.0000	0.0001	0.0000	0.0000	0.0000	0.0000	0.0000	0.0000
0.0000	0.0000	0.0000	0.0000	0.0000	0.0000	0.0000	0.0000	0.0038	0.9962	0.0000	0.0000
0.0000	0.0000	0.0000	0.0000	0.0000	0.0000	0.0000	0.0000	0.0000	0.0000	1.0000	0.0000
0.0000	0.0000	0.0000	0.0000	0.0000	1.0000	0.0000	0.0000	0.0000	0.0000	0.0000	0.0000
0.0003	0.9891	0.0104	0.0000	0.0000	0.0000	0.0000	0.0001	0.0000	0.0000	0.0000	0.0000
0.0222	0.9201	0.0553	0.0000	0.0000	0.0006	0.0001	0.0017	0.0000	0.0000	0.0000	0.0000
0.0440	0.0000	0.0344	0.0000	0.0000	0.0000	0.0033	0.0000	0.9047	0.0001	0.0003	0.0133
0.0001	0.0000	0.7839	0.0000	0.0000	0.0000	0.1979	0.0000	0.0001	0.0000	0.0000	0.0181
0.0000	0.0000	0.0000	0.0000	0.0000	0.0000	0.0000	0.0000	0.0000	1.0000	0.0000	0.0000
0.0000	0.0000	0.0000	0.0000	0.0000	0.0000	0.0000	0.0000	0.0000	1.0000	0.0000	0.0000
0.0000	0.0000	0.0000	0.0000	0.0000	0.0000	0.9997	0.0000	0.0000	0.0000	0.0000	0.0003
0.0061	0.0000	0.0070	0.0000	0.0001	0.0394	0.2998	0.0000	0.3629	0.1292	0.0033	0.1522
0.0000	0.0000	0.0000	0.0000	0.0000	0.0000	0.0000	0.0000	0.0000	0.0000	1.0000	0.0000
0.0146	0.8688	0.1064	0.0000	0.0000	0.0064	0.0015	0.0022	0.0000	0.0000	0.0000	0.0000
0.1036	0.0045	0.0529	0.0001	0.0001	0.7321	0.0539	0.0017	0.0199	0.0068	0.0077	0.0166
0.0000	0.0000	0.0000	0.0000	0.0000	0.0000	0.9962	0.0000	0.0001	0.0000	0.0000	0.0037
0.0000	0.0000	0.0001	0.0000	0.0000	0.0000	0.9998	0.0000	0.0000	0.0000	0.0000	0.0001
0.0000	0.0000	0.0000	0.0000	0.0000	0.0000	1.0000	0.0000	0.0000	0.0000	0.0000	0.0000
0.0000	0.0000	0.0000	0.0000	0.0000	0.0000	0.0003	0.0000	0.0000	0.0000	0.0000	0.9997
0.9101	0.0001	0.0035	0.0000	0.0001	0.0001	0.0232	0.0003	0.0350	0.0264	0.0010	0.0002
0.8636	0.0000	0.0054	0.0000	0.0001	0.0001	0.0512	0.0002	0.0462	0.0322	0.0008	0.0004
0.9259	0.0000	0.0000	0.0000	0.0000	0.0000	0.0005	0.0000	0.0278	0.0004	0.0453	0.0000
0.0000	0.0000	0.0000	0.0000	0.0000	0.0000	0.0000	0.0000	0.0000	0.0000	0.0000	1.0000
0.0155	0.0752	0.4383	0.0001	0.0004	0.1511	0.2723	0.0393	0.0001	0.0003	0.0007	0.0065
0.0022	0.0000	0.0874	0.0000	0.0000	0.5351	0.2919	0.0004	0.0002	0.0002	0.0025	0.0800
0.0000	0.0000	0.0000	0.0000	0.0000	0.0000	0.0000	0.0000	0.0000	1.0000	0.0000	0.0000
0.0051	0.0000	0.0184	0.0000	0.0004	0.0022	0.7998	0.0000	0.0983	0.0056	0.0001	0.0701
0.0000	0.0000	0.0000	0.0000	0.0003	0.0000	0.0050	0.9946	0.0000	0.0001	0.0000	0.0000
0.0189	0.9798	0.0012	0.0000	0.0000	0.0000	0.0000	0.0000	0.0000	0.0000	0.0000	0.0000
0.0001	0.0000	0.0004	0.0000	0.0000	0.9995	0.0000	0.0000	0.0000	0.0000	0.0000	0.0000
0.7570	0.0041	0.0190	0.0001	0.0022	0.0053	0.0290	0.0024	0.0842	0.0937	0.0005	0.0025
0.0000	0.0000	0.0000	0.0000	0.0000	0.0000	0.9999	0.0000	0.0000	0.0000	0.0000	0.0001
0.0000	0.0000	0.0000	0.0000	0.0000	0.0000	0.0000	0.0000	1.0000	0.0000	0.0000	0.0000
0.0000	0.0000	0.0000	0.0000	0.0000	0.0000	0.9990	0.0000	0.0000	0.0000	0.0000	0.0010
0.0000	0.0000	0.0000	0.0000	0.0000	0.0000	0.0000	0.0000	0.0000	1.0000	0.0000	0.0000
0.0000	0.0000	0.9840	0.0000	0.0000	0.0000	0.0160	0.0000	0.0000	0.0000	0.0000	0.0000
0.0000	0.0000	0.0000	0.0000	0.0000	0.0040	0.0009	0.0000	0.9951	0.0000	0.0000	0.0000
0.0000	0.0000	0.0029	0.0000	0.0000	0.0000	0.9970	0.0000	0.0000	0.0000	0.0000	0.0001
0.9805	0.0000	0.0000	0.0000	0.0001	0.0000	0.0000	0.0000	0.0126	0.0067	0.0000	0.0000
0.0000	0.0000	0.0031	0.0000	0.0000	0.0002	0.7999	0.0000	0.0003	0.0001	0.0000	0.1962
0.0402	0.0000	0.0232	0.0089	0.0015	0.0136	0.0349	0.0001	0.3341	0.0413	0.0968	0.4055
0.0000	0.0000	0.0000	0.0000	0.0000	0.0000	1.0000	0.0000	0.0000	0.0000	0.0000	0.0000
0.0000	0.0000	0.0000	0.0000	0.0000	0.0000	0.0000	0.0000	0.0000	0.0000	1.0000	0.0000
0.0000	0.0000	0.9104	0.0000	0.0005	0.0000	0.0000	0.0891	0.0000	0.0000	0.0000	0.0000
0.0001	0.0000	0.2195	0.0000	0.0028	0.0000	0.7472	0.0054	0.0000	0.0000	0.0000	0.0249
0.0000	0.0000	0.0000	0.0000	0.0000	0.0000	0.0000	0.0000	0.0000	0.0000	0.0000	1.0000
0.0000	0.0000	0.0000	0.0000	0.0000	0.0000	0.0000	0.0000	0.0000	0.0000	0.0000	1.0000
0.0000	0.0000	0.0000	0.0000	0.0000	0.0000	0.0000	0.0000	0.0000	0.0000	0.0000	1.0000
0.0000	0.0000	1.0000	0.0000	0.0000	0.0000	0.0000	0.0000	0.0000	0.0000	0.0000	0.0000
0.0000	0.0000	1.0000	0.0000	0.0000	0.0000	0.0000	0.0000	0.0000	0.0000	0.0000	0.0000
0.0000	0.0000	1.0000	0.0000	0.0000	0.0000	0.0000	0.0000	0.0000	0.0000	0.0000	0.0000
0.0000	0.0000	1.0000	0.0000	0.0000	0.0000	0.0000	0.0000	0.0000	0.0000	0.0000	0.0000
0.0000	0.0000	0.0000	0.0000	0.0000	0.0000	0.0000	0.0000	0.0000	0.0000	0.0000	1.0000
0.0000	0.0000	1.0000	0.0000	0.0000	0.0000	0.0000	0.0000	0.0000	0.0000	0.0000	0.0000
0.0000	0.0000	1.0000	0.0000	0.0000	0.0000	0.0000	0.0000	0.0000	0.0000	0.0000	0.0000
0.0000	0.0000	0.0000	0.0000	0.0000	0.0000	0.0000	0.0000	0.0000	0.0000	0.0000	1.0000
0.0000	0.0000	0.0000	0.0000	0.0000	0.0000	0.0000	0.0000	0.0000	0.0000	0.0000	1.0000
0.0000	0.0000	0.0000	0.0000	0.0000	0.0000	0.0000	0.0000	0.0000	0.0000	0.0000	1.0000
0.0000	0.0000	1.0000	0.0000	0.0000	0.0000	0.0000	0.0000	0.0000	0.0000	0.0000	0.0000
0.0000	0.0000	1.0000	0.0000	0.0000	0.0000	0.0000	0.0000	0.0000	0.0000	0.0000	0.0000
0.0000	0.0000	1.0000	0.0000	0.0000	0.0000	0.0000	0.0000	0.0000	0.0000	0.0000	0.0000
0.0000	0.0000	1.0000	0.0000	0.0000	0.0000	0.0000	0.0000	0.0000	0.0000	0.0000	0.0000
0.0000	0.0000	0.0000	0.0000	0.0000	0.0000	0.0000	0.0000	0.0000	0.0000	0.0000	1.0000
0.0000	0.0000	1.0000	0.0000	0.0000	0.0000	0.0000	0.0000	0.0000	0.0000	0.0000	0.0000
0.0000	0.0000	1.0000	0.0000	0.0000	0.0000	0.0000	0.0000	0.0000	0.0000	0.0000	0.0000
0.0000	0.0000	0.0000	0.0000	0.0000	0.0000	0.0000	0.0000	1.0000	0.0000	0.0000	0.0000
0.0000	0.0000	0.0000	0.0000	0.0000	0.0000	1.0000	0.0000	0.0000	0.0000	0.0000	0.0000
0.0000	0.0000	0.0000	0.0000	0.0000	0.0000	0.0000	0.0000	1.0000	0.0000	0.0000	0.0000
0.0000	0.0000	0.0000	0.0000	0.0000	0.0000	0.0000	0.0000	1.0000	0.0000	0.0000	0.0000
0.0000	0.0000	0.0000	0.0000	0.0000	0.0000	1.0000	0.0000	0.0000	0.0000	0.0000	0.0000
0.0000	0.0000	0.0000	0.0000	0.0000	0.0000	0.0000	0.0000	1.0000	0.0000	0.0000	0.0000
0.0000	0.0000	0.0000	0.0000	0.0000	0.0000	0.0000	0.0000	1.0000	0.0000	0.0000	0.0000
0.0000	0.0000	0.7021	0.0000	0.0000	0.0002	0.2953	0.0000	0.0000	0.0000	0.0000	0.0024
0.0000	0.0000	0.0010	0.0000	0.0000	0.0001	0.9965	0.0000	0.0007	0.0000	0.0000	0.0018
0.0000	0.0000	0.0000	0.0000	0.0000	0.0000	1.0000	0.0000	0.0000	0.0000	0.0000	0.0000
0.0000	0.0000	0.0000	0.0000	0.0000	0.0000	1.0000	0.0000	0.0000	0.0000	0.0000	0.0000
0.0000	0.0000	0.0000	0.0000	0.0000	0.0000	0.0000	0.0000	1.0000	0.0000	0.0000	0.0000
0.0000	0.0000	0.0000	0.0000	0.0000	0.0000	0.0001	0.0000	0.9999	0.0000	0.0000	0.0000
0.0000	0.0000	0.0000	0.0000	0.0000	0.0000	0.9915	0.0000	0.0085	0.0000	0.0000	0.0000
0.0000	0.0000	0.8062	0.0000	0.0000	0.0002	0.1889	0.0000	0.0000	0.0000	0.0000	0.0047
0.0000	0.0000	0.0000	0.0000	0.0000	0.0000	1.0000	0.0000	0.0000	0.0000	0.0000	0.0000
0.0000	0.0000	0.0000	0.0000	0.0000	0.0000	0.0000	0.0000	1.0000	0.0000	0.0000	0.0000
0.0000	0.0000	1.0000	0.0000	0.0000	0.0000	0.0000	0.0000	0.0000	0.0000	0.0000	0.0000
0.0000	0.0000	0.0000	0.0000	0.0000	0.0000	1.0000	0.0000	0.0000	0.0000	0.0000	0.0000
0.0000	0.0000	0.0000	0.0000	0.0000	0.0000	1.0000	0.0000	0.0000	0.0000	0.0000	0.0000
0.0000	0.0000	0.0000	0.0000	0.0000	0.0000	1.0000	0.0000	0.0000	0.0000	0.0000	0.0000
0.0000	0.0000	0.0000	0.0000	0.0000	0.0000	0.0000	0.0000	1.0000	0.0000	0.0000	0.0000
0.0000	0.0000	0.3131	0.0000	0.0000	0.0006	0.6735	0.0000	0.0001	0.0000	0.0000	0.0126
0.0000	0.0000	0.0000	0.0000	0.0000	0.0000	1.0000	0.0000	0.0000	0.0000	0.0000	0.0000
0.0000	0.0000	0.0000	0.0000	0.0000	0.0000	0.0000	0.0000	1.0000	0.0000	0.0000	0.0000
0.0000	0.0000	0.0000	0.0000	0.0000	0.0000	0.0000	0.0000	1.0000	0.0000	0.0000	0.0000
0.0000	0.0000	0.0000	0.0000	0.0000	0.0000	1.0000	0.0000	0.0000	0.0000	0.0000	0.0000
