0.0028	0.0000	0.0000	0.0000	0.0000	0.0000	0.0311	0.0000	0.0037	0.0199	0.0001	0.9424
0.0000	0.0000	0.0000	0.0000	0.0000	0.0000	0.0000	0.0000	0.0000	1.0000	0.0000	0.0000
0.0000	0.0000	0.0000	0.0000	0.0000	0.0000	0.0000	0.0000	0.0000	1.0000	0.0000	0.0000
0.0002	0.0000	0.0000	0.0001	0.0000	0.0000	0.0000	0.0000	0.0000	0.9990	0.0003	0.0004
0.0000	0.0000	0.7200	0.0000	0.0000	0.0000	0.2800	0.0000	0.0000	0.0000	0.0000	0.0000
0.0000	0.0000	0.0000	0.0000	0.0000	0.0000	0.7865	0.0080	0.0000	0.0022	0.0004	0.2029
1.0000	0.0000	0.0000	0.0000	0.0000	0.0000	0.0000	0.0000	0.0000	0.0000	0.0000	0.0000
0.0001	0.0000	0.0009	0.0000	0.0000	0.0000	0.7723	0.0091	0.0002	0.0027	0.0010	0.2137
0.3133	0.0000	0.0001	0.0000	0.0000	0.0001	0.0002	0.0000	0.6859	0.0003	0.0000	0.0000
0.0000	0.0000	0.0229	0.0000	0.0000	0.0002	0.3883	0.5834	0.0000	0.0000	0.0003	0.0049
0.0012	0.0000	0.0000	0.0000	0.0000	0.0000	0.0000	0.0000	0.0000	0.9987	0.0000	0.0000
0.0000	0.0000	0.0000	0.0043	0.9956	0.0000	0.0000	0.0000	0.0000	0.0001	0.0000	0.0000
0.0000	0.0000	0.0129	0.0000	0.0000	0.0000	0.9862	0.0003	0.0000	0.0000	0.0000	0.0005
0.9108	0.0000	0.0000	0.0000	0.0000	0.0000	0.0000	0.0000	0.0028	0.0856	0.0000	0.0008
0.0285	0.0000	0.0001	0.0000	0.0000	0.0000	0.6345	0.0006	0.0063	0.2211	0.0009	0.1081
0.0000	0.0000	0.0000	0.0000	0.0000	0.0000	0.0000	0.0000	0.0000	1.0000	0.0000	0.0000
0.0000	0.0000	0.0000	0.0150	0.9841	0.0000	0.0000	0.0000	0.0000	0.0009	0.0000	0.0000
0.0002	0.1391	0.2043	0.0000	0.0000	0.1848	0.0160	0.4550	0.0000	0.0000	0.0001	0.0003
0.0059	0.0000	0.0006	0.0000	0.0000	0.0000	0.2205	0.0002	0.0025	0.1550	0.0002	0.6151
0.9986	0.0000	0.0000	0.0000	0.0000	0.0000	0.0000	0.0000	0.0012	0.0002	0.0000	0.0000
0.0001	0.0000	0.0001	0.0000	0.0000	0.0000	0.0070	0.9905	0.0000	0.0000	0.0012	0.0010
0.0000	0.0000	0.0000	0.0000	0.0000	0.0000	0.0000	0.0000	0.0000	1.0000	0.0000	0.0000
0.0000	0.4560	0.0091	0.0000	0.0000	0.0038	0.0000	0.5311	0.0000	0.0000	0.0000	0.0000
0.0000	0.0000	0.0001	0.0000	0.0000	0.0000	0.9949	0.0019	0.0000	0.0000	0.0002	0.0029
0.9975	0.0000	0.0001	0.0000	0.0000	0.0011	0.0000	0.0000	0.0000	0.0011	0.0000	0.0001
0.0011	0.0000	0.0015	0.0001	0.0000	0.0001	0.1088	0.1837	0.0000	0.0298	0.0035	0.6715
0.0000	0.0000	0.0000	0.0000	0.0000	0.0000	0.0000	0.0000	1.0000	0.0000	0.0000	0.0000
0.0000	0.0000	0.0000	0.0020	0.0000	0.0000	0.0000	0.0000	0.0000	0.9980	0.0000	0.0001
0.0005	0.0000	0.0000	0.0000	0.0000	0.9995	0.0000	0.0000	0.0000	0.0000	0.0000	0.0000
1.0000	0.0000	0.0000	0.0000	0.0000	0.0000	0.0000	0.0000	0.0000	0.0000	0.0000	0.0000
0.0000	0.0000	0.0000	0.0001	0.0000	0.0000	0.0001	0.0000	0.0000	0.9959	0.0002	0.0038
0.0283	0.0001	0.0046	0.0154	0.0007	0.0428	0.1656	0.2885	0.0027	0.2108	0.1580	0.0827
0.0001	0.0000	0.0000	0.0000	0.0000	0.0000	0.0000	0.0000	0.9999	0.0001	0.0000	0.0000
0.0000	0.4111	0.2735	0.0000	0.0000	0.3144	0.0002	0.0007	0.0000	0.0000	0.0000	0.0000
0.0000	0.0000	0.0000	1.0000	0.0000	0.0000	0.0000	0.0000	0.0000	0.0000	0.0000	0.0000
0.0000	0.0000	0.0000	0.0000	0.0000	0.0000	0.0000	0.0000	0.0000	1.0000	0.0000	0.0000
0.0000	0.6877	0.1428	0.0000	0.0000	0.1688	0.0000	0.0007	0.0000	0.0000	0.0000	0.0000
0.0005	0.0911	0.0441	0.0000	0.0001	0.2391	0.0035	0.6204	0.0000	0.0000	0.0009	0.0003
1.0000	0.0000	0.0000	0.0000	0.0000	0.0000	0.0000	0.0000	0.0000	0.0000	0.0000	0.0000
0.0000	0.0001	0.0005	0.0000	0.0000	0.0000	0.0005	0.9972	0.0000	0.0000	0.0002	0.0014
0.0000	0.0000	0.0000	0.0000	0.0000	0.0000	0.0000	0.0000	1.0000	0.0000	0.0000	0.0000
0.0000	0.6756	0.1201	0.0000	0.0000	0.2025	0.0001	0.0017	0.0000	0.0000	0.0000	0.0000
0.0000	0.0000	0.0000	0.0001	0.0000	0.0000	0.0000	0.0000	0.0000	0.9997	0.0000	0.0001
0.0000	0.0000	0.0000	0.0000	0.0000	0.0000	0.0000	0.0000	0.0000	0.0000	1.0000	0.0000
0.0000	0.0002	0.0003	0.0000	0.0000	0.9995	0.0000	0.0000	0.0000	0.0000	0.0000	0.0000
0.0001	0.0667	0.0643	0.0000	0.0000	0.0016	0.0014	0.8650	0.0000	0.0000	0.0000	0.0010
0.0007	0.0198	0.0424	0.0000	0.0003	0.0018	0.0013	0.9215	0.0000	0.0000	0.0001	0.0121
0.0514	0.0000	0.0000	0.0000	0.0000	0.0000	0.0005	0.0000	0.0112	0.0000	0.0000	0.9369
0.0000	0.0000	0.0006	0.0000	0.0000	0.0000	0.9979	0.0000	0.0001	0.0000	0.0000	0.0014
0.0000	0.0000	0.0000	0.0000	0.0000	0.0000	0.0000	0.0000	0.0000	1.0000	0.0000	0.0000
0.0000	0.0000	0.0000	0.0000	0.0000	0.0000	0.0000	0.0000	0.0000	1.0000	0.0000	0.0000
0.0001	0.0000	0.0000	0.0000	0.0000	0.0000	0.1566	0.8240	0.0000	0.0018	0.0025	0.0149
0.0098	0.0000	0.0000	0.0003	0.0000	0.0003	0.0031	0.0002	0.0021	0.9441	0.0022	0.0381
0.0000	0.0000	0.0000	0.0000	0.0000	0.0000	0.0000	0.0000	0.0000	0.0000	1.0000	0.0000
0.0000	0.6416	0.2168	0.0000	0.0000	0.1366	0.0003	0.0045	0.0000	0.0000	0.0000	0.0001
0.0806	0.0159	0.2101	0.0002	0.0003	0.6584	0.0130	0.0083	0.0008	0.0010	0.0006	0.0108
0.0003	0.0000	0.0002	0.0000	0.0000	0.0000	0.4730	0.0353	0.0002	0.0368	0.0020	0.4521
0.0000	0.0000	0.0025	0.0000	0.0000	0.0000	0.9806	0.0159	0.0000	0.0000	0.0000	0.0010
0.0000	0.0000	0.0001	0.0000	0.0000	0.0000	0.9993	0.0002	0.0000	0.0000	0.0000	0.0004
0.0000	0.0000	0.0000	0.0000	0.0000	0.0000	0.0000	0.0000	0.0000	0.0000	0.0000	1.0000
0.0769	0.0000	0.0004	0.0000	0.0000	0.0000	0.8658	0.0024	0.0011	0.0286	0.0030	0.0218
0.0886	0.0000	0.0004	0.0000	0.0000	0.0000	0.8660	0.0000	0.0046	0.0216	0.0001	0.0188
0.2826	0.0000	0.0000	0.0000	0.0000	0.0001	0.6579	0.0016	0.0013	0.0038	0.0522	0.0005
0.0000	0.0000	0.0000	0.0000	0.0000	0.0000	0.0037	0.0000	0.0000	0.0000	0.0000	0.9963
0.0003	0.2079	0.5373	0.0000	0.0001	0.1383	0.0228	0.0927	0.0000	0.0000	0.0001	0.0006
0.0016	0.0451	0.5064	0.0001	0.0003	0.1119	0.1162	0.2103	0.0001	0.0001	0.0009	0.0070
0.0000	0.0000	0.0000	0.0000	0.0000	0.0000	0.0000	0.0000	0.0000	1.0000	0.0000	0.0000
0.0002	0.0000	0.0006	0.0000	0.0000	0.0000	0.0013	0.0002	0.0000	0.0087	0.0000	0.9889
0.0000	0.0000	0.0000	0.0000	0.0000	0.0000	0.0000	1.0000	0.0000	0.0000	0.0000	0.0000
0.0000	0.0400	0.9559	0.0000	0.0000	0.0000	0.0006	0.0029	0.0000	0.0000	0.0000	0.0006
0.0002	0.0052	0.0073	0.0000	0.0000	0.9872	0.0000	0.0000	0.0000	0.0000	0.0000	0.0000
0.0014	0.0000	0.0003	0.0000	0.0000	0.0000	0.0002	0.0000	0.0000	0.0582	0.0000	0.9398
0.0000	0.0000	0.0001	0.0000	0.0000	0.0000	0.9997	0.0000	0.0000	0.0000	0.0000	0.0001
0.0000	0.0000	0.0000	0.0000	0.0000	0.0000	0.0000	0.0000	0.9998	0.0002	0.0000	0.0000
0.0000	0.0000	0.0000	0.0000	0.0000	0.0000	0.9997	0.0000	0.0000	0.0000	0.0000	0.0003
0.0000	0.0000	0.0000	0.0000	0.0000	0.0000	0.0000	0.0000	0.0000	1.0000	0.0000	0.0000
0.0000	0.0001	0.9945	0.0000	0.0000	0.0000	0.0054	0.0000	0.0000	0.0000	0.0000	0.0000
0.2688	0.0000	0.0000	0.0000	0.0000	0.3877	0.0022	0.0000	0.3184	0.0228	0.0000	0.0000
0.0000	0.0000	0.1255	0.0000	0.0000	0.0000	0.8745	0.0000	0.0000	0.0000	0.0000	0.0000
0.9252	0.0000	0.0000	0.0000	0.0000	0.0000	0.0000	0.0000	0.0002	0.0745	0.0000	0.0000
0.0008	0.0000	0.0011	0.0000	0.0000	0.0000	0.1585	0.0439	0.0000	0.0235	0.0007	0.7714
0.0704	0.0000	0.0000	0.0407	0.0003	0.0020	0.0001	0.0000	0.0020	0.8673	0.0162	0.0009
0.0000	0.0000	0.0000	0.0000	0.0000	0.0000	1.0000	0.0000	0.0000	0.0000	0.0000	0.0000
0.0000	0.0000	0.0000	0.0000	0.0000	0.0000	0.0000	0.0000	0.0000	0.0000	1.0000	0.0000
0.0000	0.0000	0.0000	0.0000	0.0000	0.0000	0.0000	1.0000	0.0000	0.0000	0.0000	0.0000
0.0000	0.0000	0.0025	0.0000	0.0000	0.0000	0.0485	0.9454	0.0000	0.0000	0.0000	0.0036
0.0000	0.0000	0.0000	0.0000	0.0000	0.0000	0.0000	0.0000	0.0000	0.0000	0.0000	1.0000
0.0000	0.0000	0.0000	0.0000	0.0000	0.0000	0.0000	0.0000	0.0000	0.0000	0.0000	1.0000
0.0000	0.0000	0.0000	0.0000	0.0000	0.0000	0.0000	0.0000	0.0000	0.0000	0.0000	1.0000
0.0000	0.0000	1.0000	0.0000	0.0000	0.0000	0.0000	0.0000	0.0000	0.0000	0.0000	0.0000
0.0000	0.0000	1.0000	0.0000	0.0000	0.0000	0.0000	0.0000	0.0000	0.0000	0.0000	0.0000
0.0000	0.0000	1.0000	0.0000	0.0000	0.0000	0.0000	0.0000	0.0000	0.0000	0.0000	0.0000
0.0000	0.0000	1.0000	0.0000	0.0000	0.0000	0.0000	0.0000	0.0000	0.0000	0.0000	0.0000
0.0000	0.0000	0.0000	0.0000	0.0000	0.0000	0.0000	0.0000	0.0000	0.0000	0.0000	1.0000
0.0000	0.0000	1.0000	0.0000	0.0000	0.0000	0.0000	0.0000	0.0000	0.0000	0.0000	0.0000
0.0000	0.0000	1.0000	0.0000	0.0000	0.0000	0.0000	0.0000	0.0000	0.0000	0.0000	0.0000
0.0000	0.0000	0.0000	0.0000	0.0000	0.0000	0.0000	0.0000	0.0000	0.0000	0.0000	1.0000
0.0000	0.0000	0.0000	0.0000	0.0000	0.0000	0.0000	0.0000	0.0000	0.0000	0.0000	1.0000
0.0000	0.0000	0.0000	0.0000	0.0000	0.0000	0.0000	0.0000	0.0000	0.0000	0.0000	1.0000
0.0000	0.0000	1.0000	0.0000	0.0000	0.0000	0.0000	0.0000	0.0000	0.0000	0.0000	0.0000
0.0000	0.0000	1.0000	0.0000	0.0000	0.0000	0.0000	0.0000	0.0000	0.0000	0.0000	0.0000
0.0000	0.0000	1.0000	0.0000	0.0000	0.0000	0.0000	0.0000	0.0000	0.0000	0.0000	0.0000
0.0000	0.0000	1.0000	0.0000	0.0000	0.0000	0.0000	0.0000	0.0000	0.0000	0.0000	0.0000
0.0000	0.0000	0.0000	0.0000	0.0000	0.0000	0.0000	0.0000	0.0000	0.0000	0.0000	1.0000
0.0000	0.0000	1.0000	0.0000	0.0000	0.0000	0.0000	0.0000	0.0000	0.0000	0.0000	0.0000
0.0000	0.0000	1.0000	0.0000	0.0000	0.0000	0.0000	0.0000	0.0000	0.0000	0.0000	0.0000
0.0000	0.0000	0.0000	0.0000	0.0000	0.0000	0.0000	0.0000	1.0000	0.0000	0.0000	0.0000
0.0000	0.0000	0.0000	0.0000	0.0000	0.0000	1.0000	0.0000	0.0000	0.0000	0.0000	0.0000
0.0000	0.0000	0.0000	0.0000	0.0000	0.0000	0.0000	0.0000	1.0000	0.0000	0.0000	0.0000
0.0000	0.0000	0.0000	0.0000	0.0000	0.0000	0.0000	0.0000	1.0000	0.0000	0.0000	0.0000
0.0000	0.0000	0.0000	0.0000	0.0000	0.0000	1.0000	0.0000	0.0000	0.0000	0.0000	0.0000
0.0000	0.0000	0.0000	0.0000	0.0000	0.0000	0.0000	0.0000	1.0000	0.0000	0.0000	0.0000
0.0000	0.0000	0.0000	0.0000	0.0000	0.0000	0.0000	0.0000	1.0000	0.0000	0.0000	0.0000
0.0000	0.0000	1.0000	0.0000	0.0000	0.0000	0.0000	0.0000	0.0000	0.0000	0.0000	0.0000
0.0000	0.0000	1.0000	0.0000	0.0000	0.0000	0.0000	0.0000	0.0000	0.0000	0.0000	0.0000
0.0000	0.0000	0.0000	0.0000	0.0000	0.0000	1.0000	0.0000	0.0000	0.0000	0.0000	0.0000
0.0000	0.0000	0.0000	0.0000	0.0000	0.0000	1.0000	0.0000	0.0000	0.0000	0.0000	0.0000
0.0000	0.0000	0.0000	0.0000	0.0000	0.0000	0.0000	0.0000	1.0000	0.0000	0.0000	0.0000
0.0000	0.0000	0.0000	0.0000	0.0000	0.0000	0.0070	0.0000	0.9930	0.0000	0.0000	0.0000
0.0000	0.0000	0.0000	0.0000	0.0000	0.0000	0.3589	0.0000	0.6411	0.0000	0.0000	0.0000
0.0000	0.0000	1.0000	0.0000	0.0000	0.0000	0.0000	0.0000	0.0000	0.0000	0.0000	0.0000
0.0000	0.0000	0.0000	0.0000	0.0000	0.0000	1.0000	0.0000	0.0000	0.0000	0.0000	0.0000
0.0000	0.0000	0.0000	0.0000	0.0000	0.0000	0.0000	0.0000	1.0000	0.0000	0.0000	0.0000
0.0000	0.0000	1.0000	0.0000	0.0000	0.0000	0.0000	0.0000	0.0000	0.0000	0.0000	0.0000
0.0000	0.0000	0.0000	0.0000	0.0000	0.0000	1.0000	0.0000	0.0000	0.0000	0.0000	0.0000
0.0000	0.0000	0.0000	0.0000	0.0000	0.0000	1.0000	0.0000	0.0000	0.0000	0.0000	0.0000
0.0000	0.0000	0.0000	0.0000	0.0000	0.0000	1.0000	0.0000	0.0000	0.0000	0.0000	0.0000
0.0000	0.0000	0.0000	0.0000	0.0000	0.0000	0.0000	0.0000	1.0000	0.0000	0.0000	0.0000
0.0000	0.0000	1.0000	0.0000	0.0000	0.0000	0.0000	0.0000	0.0000	0.0000	0.0000	0.0000
0.0000	0.0000	0.0000	0.0000	0.0000	0.0000	1.0000	0.0000	0.0000	0.0000	0.0000	0.0000
0.0000	0.0000	0.0000	0.0000	0.0000	0.0000	0.0000	0.0000	1.0000	0.0000	0.0000	0.0000
0.0000	0.0000	0.0000	0.0000	0.0000	0.0000	0.0001	0.0000	0.9999	0.0000	0.0000	0.0000
0.0000	0.0000	0.0000	0.0000	0.0000	0.0000	1.0000	0.0000	0.0000	0.0000	0.0000	0.0000
