0.0000	0.0000	0.0000	0.0000	0.0000	0.0000	0.0654	0.0000	0.0140	0.0003	0.0001	0.9201
0.0000	0.0000	0.0000	0.0000	0.0000	0.0000	0.0000	0.0000	0.0000	0.9996	0.0000	0.0004
0.0000	0.0000	0.0000	0.0000	0.0000	0.0000	0.0000	0.0000	0.0000	0.9983	0.0000	0.0017
0.0000	0.0000	0.0000	0.0000	0.0000	0.0000	0.0000	0.0000	0.0000	0.9990	0.0001	0.0009
0.0000	0.0000	0.0001	0.0000	0.0000	0.0000	0.9999	0.0000	0.0000	0.0000	0.0000	0.0000
0.0000	0.0000	0.0000	0.0000	0.0000	0.0000	0.9501	0.0001	0.0000	0.0000	0.0001	0.0497
1.0000	0.0000	0.0000	0.0000	0.0000	0.0000	0.0000	0.0000	0.0000	0.0000	0.0000	0.0000
0.0000	0.0000	0.0000	0.0000	0.0000	0.0000	0.2326	0.0000	0.0003	0.0001	0.0001	0.7670
0.5342	0.0000	0.0000	0.0000	0.0000	0.0000	0.0008	0.0000	0.4650	0.0000	0.0000	0.0000
0.0000	0.0000	0.0030	0.0000	0.0000	0.0000	0.8629	0.1229	0.0000	0.0000	0.0003	0.0109
0.3682	0.0000	0.0000	0.0000	0.0000	0.0001	0.0000	0.0000	0.0013	0.6304	0.0000	0.0000
0.0000	0.0000	0.0000	0.0000	1.0000	0.0000	0.0000	0.0000	0.0000	0.0000	0.0000	0.0000
0.0000	0.0000	0.0002	0.0000	0.0000	0.0000	0.9997	0.0000	0.0000	0.0000	0.0000	0.0001
0.3929	0.0000	0.0000	0.0000	0.0000	0.0000	0.0001	0.0000	0.0008	0.6060	0.0001	0.0000
0.0203	0.0000	0.0000	0.0000	0.0000	0.0015	0.3278	0.0049	0.0007	0.3297	0.0154	0.2996
0.0000	0.0000	0.0000	0.0000	0.0000	0.0000	0.0000	0.0000	0.0000	0.9999	0.0000	0.0001
0.0000	0.0000	0.0000	0.0000	1.0000	0.0000	0.0000	0.0000	0.0000	0.0000	0.0000	0.0000
0.0002	0.0265	0.1705	0.0000	0.0000	0.0040	0.0049	0.7929	0.0000	0.0000	0.0002	0.0007
0.0000	0.0000	0.0001	0.0000	0.0000	0.0003	0.0124	0.0003	0.0001	0.0417	0.0004	0.9448
1.0000	0.0000	0.0000	0.0000	0.0000	0.0000	0.0000	0.0000	0.0000	0.0000	0.0000	0.0000
0.0000	0.0000	0.0000	0.0000	0.0000	0.0000	0.0047	0.9948	0.0000	0.0000	0.0005	0.0000
0.0000	0.0000	0.0000	0.0000	0.0000	0.0000	0.0000	0.0000	0.0000	1.0000	0.0000	0.0000
0.0000	0.9811	0.0000	0.0000	0.0000	0.0000	0.0000	0.0189	0.0000	0.0000	0.0000	0.0000
0.0000	0.0000	0.0000	0.0000	0.0000	0.0000	0.9996	0.0000	0.0000	0.0000	0.0000	0.0004
0.9980	0.0000	0.0000	0.0000	0.0000	0.0020	0.0000	0.0000	0.0000	0.0000	0.0000	0.0000
0.0000	0.0000	0.0000	0.0000	0.0000	0.0001	0.0086	0.0063	0.0000	0.0022	0.0002	0.9825
0.0000	0.0000	0.0000	0.0000	0.0000	0.0000	0.0000	0.0000	1.0000	0.0000	0.0000	0.0000
0.0000	0.0000	0.0000	0.0006	0.0000	0.0000	0.0000	0.0000	0.0005	0.9987	0.0000	0.0002
0.0000	0.0000	0.0000	0.0000	0.0000	1.0000	0.0000	0.0000	0.0000	0.0000	0.0000	0.0000
1.0000	0.0000	0.0000	0.0000	0.0000	0.0000	0.0000	0.0000	0.0000	0.0000	0.0000	0.0000
0.0000	0.0000	0.0000	0.0000	0.0002	0.0000	0.0027	0.0016	0.0000	0.8501	0.0141	0.1313
0.0152	0.0000	0.0009	0.0001	0.0006	0.0035	0.0835	0.5274	0.0001	0.0147	0.3294	0.0248
0.0000	0.0000	0.0000	0.0000	0.0000	0.0000	0.0000	0.0000	1.0000	0.0000	0.0000	0.0000
0.0000	0.4097	0.5836	0.0000	0.0000	0.0061	0.0000	0.0005	0.0000	0.0000	0.0000	0.0000
0.0000	0.0000	0.0000	1.0000	0.0000	0.0000	0.0000	0.0000	0.0000	0.0000	0.0000	0.0000
0.0000	0.0000	0.0000	0.0000	0.0000	0.0000	0.0000	0.0000	0.7794	0.2205	0.0000	0.0000
0.0000	0.9723	0.0271	0.0000	0.0000	0.0005	0.0000	0.0001	0.0000	0.0000	0.0000	0.0000
0.0005	0.1644	0.0085	0.0000	0.0000	0.0014	0.0004	0.8235	0.0000	0.0000	0.0012	0.0000
1.0000	0.0000	0.0000	0.0000	0.0000	0.0000	0.0000	0.0000	0.0000	0.0000	0.0000	0.0000
0.0000	0.0000	0.0001	0.0000	0.0000	0.0000	0.0000	0.9995	0.0000	0.0000	0.0001	0.0002
0.0000	0.0000	0.0000	0.0000	0.0000	0.0000	0.0000	0.0000	1.0000	0.0000	0.0000	0.0000
0.0000	0.8938	0.0986	0.0000	0.0000	0.0066	0.0000	0.0010	0.0000	0.0000	0.0000	0.0000
0.0001	0.0000	0.0000	0.0004	0.0000	0.0000	0.0000	0.0000	0.0000	0.9992	0.0003	0.0000
0.0000	0.0000	0.0000	0.0000	0.0000	0.0000	0.0000	0.0000	0.0000	0.0000	1.0000	0.0000
0.0000	0.0000	0.0000	0.0000	0.0000	1.0000	0.0000	0.0000	0.0000	0.0000	0.0000	0.0000
0.0000	0.7294	0.0327	0.0000	0.0000	0.0005	0.0000	0.2374	0.0000	0.0000	0.0000	0.0000
0.0000	0.3463	0.0273	0.0000	0.0000	0.0098	0.0000	0.6163	0.0000	0.0000	0.0000	0.0001
0.0002	0.0000	0.0000	0.0000	0.0000	0.0000	0.0088	0.0000	0.9898	0.0000	0.0000	0.0011
0.0000	0.0000	0.0000	0.0000	0.0000	0.0000	1.0000	0.0000	0.0000	0.0000	0.0000	0.0000
0.0000	0.0000	0.0000	0.0000	0.0000	0.0000	0.0000	0.0000	0.0000	0.9999	0.0000	0.0001
0.0000	0.0000	0.0000	0.0000	0.0000	0.0000	0.0000	0.0000	0.0000	0.9996	0.0000	0.0004
0.0000	0.0000	0.0000	0.0000	0.0000	0.0000	0.5914	0.0581	0.0000	0.0000	0.0001	0.3504
0.0030	0.0000	0.0000	0.0001	0.0000	0.0041	0.0017	0.0000	0.0067	0.8949	0.0032	0.0864
0.0000	0.0000	0.0000	0.0000	0.0000	0.0000	0.0000	0.0000	0.0000	0.0000	1.0000	0.0000
0.0002	0.9184	0.0516	0.0000	0.0000	0.0068	0.0000	0.0229	0.0000	0.0000	0.0000	0.0000
0.1234	0.0130	0.0138	0.0000	0.0001	0.6528	0.0015	0.1880	0.0000	0.0012	0.0032	0.0029
0.0000	0.0000	0.0000	0.0000	0.0000	0.0000	0.2350	0.0001	0.0000	0.0002	0.0002	0.7644
0.0000	0.0000	0.0000	0.0000	0.0000	0.0000	0.9993	0.0004	0.0000	0.0000	0.0000	0.0002
0.0000	0.0000	0.0000	0.0000	0.0000	0.0000	1.0000	0.0000	0.0000	0.0000	0.0000	0.0000
0.0000	0.0000	0.0000	0.0000	0.0000	0.0000	0.0000	0.0000	0.0000	0.0000	0.0000	1.0000
0.0712	0.0000	0.0003	0.0000	0.0000	0.0000	0.5973	0.0039	0.0001	0.1064	0.2079	0.0130
0.0750	0.0000	0.0005	0.0000	0.0000	0.0000	0.7322	0.0000	0.0005	0.1697	0.0107	0.0114
0.4343	0.0000	0.0000	0.0000	0.0000	0.0000	0.1185	0.0005	0.0000	0.0009	0.4457	0.0000
0.0000	0.0000	0.0000	0.0000	0.0000	0.0000	0.2560	0.0000	0.0000	0.0000	0.0000	0.7440
0.0014	0.0202	0.4588	0.0000	0.0001	0.0027	0.1000	0.4147	0.0000	0.0000	0.0011	0.0010
0.0011	0.0005	0.1964	0.0000	0.0003	0.0047	0.5089	0.2542	0.0001	0.0001	0.0050	0.0288
0.0000	0.0000	0.0000	0.0000	0.0000	0.0000	0.0000	0.0000	0.0000	0.9999	0.0000	0.0001
0.0000	0.0000	0.0001	0.0000	0.0000	0.0003	0.0021	0.0001	0.0002	0.0055	0.0001	0.9916
0.0000	0.0000	0.0000	0.0000	0.0000	0.0000	0.0000	1.0000	0.0000	0.0000	0.0000	0.0000
0.0000	0.9470	0.0529	0.0000	0.0000	0.0000	0.0000	0.0001	0.0000	0.0000	0.0000	0.0000
0.0000	0.0000	0.0003	0.0000	0.0000	0.9996	0.0000	0.0000	0.0000	0.0000	0.0000	0.0000
0.0025	0.0000	0.0000	0.0000	0.0001	0.0231	0.0002	0.0005	0.0003	0.2449	0.0007	0.7277
0.0000	0.0000	0.0000	0.0000	0.0000	0.0000	0.9999	0.0000	0.0000	0.0000	0.0000	0.0000
0.0000	0.0000	0.0000	0.0000	0.0000	0.0000	0.0000	0.0000	1.0000	0.0000	0.0000	0.0000
0.0000	0.0000	0.0000	0.0000	0.0000	0.0000	1.0000	0.0000	0.0000	0.0000	0.0000	0.0000
0.0000	0.0000	0.0000	0.0000	0.0000	0.0000	0.0000	0.0000	0.0000	1.0000	0.0000	0.0000
0.0000	0.0000	0.9995	0.0000	0.0000	0.0000	0.0005	0.0000	0.0000	0.0000	0.0000	0.0000
0.0792	0.0000	0.0000	0.0000	0.0000	0.8212	0.0000	0.0000	0.0693	0.0302	0.0000	0.0002
0.0000	0.0000	0.3818	0.0000	0.0000	0.0000	0.6182	0.0000	0.0000	0.0000	0.0000	0.0000
1.0000	0.0000	0.0000	0.0000	0.0000	0.0000	0.0000	0.0000	0.0000	0.0000	0.0000	0.0000
0.0000	0.0000	0.0005	0.0000	0.0000	0.0001	0.0421	0.0522	0.0000	0.0011	0.0016	0.9023
0.8197	0.0000	0.0000	0.1077	0.0000	0.0002	0.0000	0.0000	0.0026	0.0647	0.0051	0.0000
0.0000	0.0000	0.0000	0.0000	0.0000	0.0000	0.3620	0.0000	0.0000	0.0000	0.0000	0.6380
0.0000	0.0000	0.0000	0.0000	0.0000	0.0000	0.0000	0.0000	0.0000	0.0174	0.9826	0.0000
0.0000	0.0000	0.0001	0.0000	0.0000	0.0000	0.0000	0.9999	0.0000	0.0000	0.0000	0.0000
0.0000	0.0000	0.0090	0.0000	0.0000	0.0000	0.0463	0.9383	0.0000	0.0000	0.0000	0.0064
0.0000	0.0000	0.0000	0.0000	0.0000	0.0000	0.0000	0.0000	0.0000	0.0000	0.0000	1.0000
0.0000	0.0000	0.0000	0.0000	0.0000	0.0000	0.0000	0.0000	0.0000	0.0000	0.0000	1.0000
0.0000	0.0000	0.0000	0.0000	0.0000	0.0000	0.0000	0.0000	0.0000	0.0000	0.0000	1.0000
0.0000	0.0000	1.0000	0.0000	0.0000	0.0000	0.0000	0.0000	0.0000	0.0000	0.0000	0.0000
0.0000	0.0000	1.0000	0.0000	0.0000	0.0000	0.0000	0.0000	0.0000	0.0000	0.0000	0.0000
0.0000	0.0000	1.0000	0.0000	0.0000	0.0000	0.0000	0.0000	0.0000	0.0000	0.0000	0.0000
0.0000	0.0000	1.0000	0.0000	0.0000	0.0000	0.0000	0.0000	0.0000	0.0000	0.0000	0.0000
0.0000	0.0000	0.0000	0.0000	0.0000	0.0000	0.0000	0.0000	0.0000	0.0000	0.0000	1.0000
0.0000	0.0000	1.0000	0.0000	0.0000	0.0000	0.0000	0.0000	0.0000	0.0000	0.0000	0.0000
0.0000	0.0000	1.0000	0.0000	0.0000	0.0000	0.0000	0.0000	0.0000	0.0000	0.0000	0.0000
0.0000	0.0000	0.0000	0.0000	0.0000	0.0000	0.0000	0.0000	0.0000	0.0000	0.0000	1.0000
0.0000	0.0000	0.0000	0.0000	0.0000	0.0000	0.0000	0.0000	0.0000	0.0000	0.0000	1.0000
0.0000	0.0000	0.0000	0.0000	0.0000	0.0000	0.0000	0.0000	0.0000	0.0000	0.0000	1.0000
0.0000	0.0000	1.0000	0.0000	0.0000	0.0000	0.0000	0.0000	0.0000	0.0000	0.0000	0.0000
0.0000	0.0000	1.0000	0.0000	0.0000	0.0000	0.0000	0.0000	0.0000	0.0000	0.0000	0.0000
0.0000	0.0000	1.0000	0.0000	0.0000	0.0000	0.0000	0.0000	0.0000	0.0000	0.0000	0.0000
0.0000	0.0000	1.0000	0.0000	0.0000	0.0000	0.0000	0.0000	0.0000	0.0000	0.0000	0.0000
0.0000	0.0000	0.0000	0.0000	0.0000	0.0000	0.0000	0.0000	0.0000	0.0000	0.0000	1.0000
0.0000	0.0000	1.0000	0.0000	0.0000	0.0000	0.0000	0.0000	0.0000	0.0000	0.0000	0.0000
0.0000	0.0000	1.0000	0.0000	0.0000	0.0000	0.0000	0.0000	0.0000	0.0000	0.0000	0.0000
0.0000	0.0000	0.0000	0.0000	0.0000	0.0000	0.0000	0.0000	1.0000	0.0000	0.0000	0.0000
0.0000	0.0000	0.0000	0.0000	0.0000	0.0000	1.0000	0.0000	0.0000	0.0000	0.0000	0.0000
0.0000	0.0000	0.0000	0.0000	0.0000	0.0000	0.0000	0.0000	1.0000	0.0000	0.0000	0.0000
0.0000	0.0000	0.0000	0.0000	0.0000	0.0000	0.0000	0.0000	1.0000	0.0000	0.0000	0.0000
0.0000	0.0000	0.0000	0.0000	0.0000	0.0000	1.0000	0.0000	0.0000	0.0000	0.0000	0.0000
0.0000	0.0000	0.0000	0.0000	0.0000	0.0000	0.0000	0.0000	1.0000	0.0000	0.0000	0.0000
0.0000	0.0000	0.0000	0.0000	0.0000	0.0000	0.0000	0.0000	1.0000	0.0000	0.0000	0.0000
0.0000	0.0000	1.0000	0.0000	0.0000	0.0000	0.0000	0.0000	0.0000	0.0000	0.0000	0.0000
0.0000	0.0000	1.0000	0.0000	0.0000	0.0000	0.0000	0.0000	0.0000	0.0000	0.0000	0.0000
0.0000	0.0000	0.0000	0.0000	0.0000	0.0000	1.0000	0.0000	0.0000	0.0000	0.0000	0.0000
0.0000	0.0000	0.0000	0.0000	0.0000	0.0000	1.0000	0.0000	0.0000	0.0000	0.0000	0.0000
0.0000	0.0000	0.0000	0.0000	0.0000	0.0000	0.0000	0.0000	1.0000	0.0000	0.0000	0.0000
0.0000	0.0000	0.0000	0.0000	0.0000	0.0000	0.0004	0.0000	0.9996	0.0000	0.0000	0.0000
0.0000	0.0000	0.0000	0.0000	0.0000	0.0000	0.9948	0.0000	0.0052	0.0000	0.0000	0.0000
0.0000	0.0000	1.0000	0.0000	0.0000	0.0000	0.0000	0.0000	0.0000	0.0000	0.0000	0.0000
0.0000	0.0000	0.0000	0.0000	0.0000	0.0000	1.0000	0.0000	0.0000	0.0000	0.0000	0.0000
0.0000	0.0000	0.0000	0.0000	0.0000	0.0000	0.0000	0.0000	1.0000	0.0000	0.0000	0.0000
0.0000	0.0000	1.0000	0.0000	0.0000	0.0000	0.0000	0.0000	0.0000	0.0000	0.0000	0.0000
0.0000	0.0000	0.0000	0.0000	0.0000	0.0000	1.0000	0.0000	0.0000	0.0000	0.0000	0.0000
0.0000	0.0000	0.0000	0.0000	0.0000	0.0000	1.0000	0.0000	0.0000	0.0000	0.0000	0.0000
0.0000	0.0000	0.0000	0.0000	0.0000	0.0000	1.0000	0.0000	0.0000	0.0000	0.0000	0.0000
0.0000	0.0000	0.0000	0.0000	0.0000	0.0000	0.0000	0.0000	1.0000	0.0000	0.0000	0.0000
0.0000	0.0000	1.0000	0.0000	0.0000	0.0000	0.0000	0.0000	0.0000	0.0000	0.0000	0.0000
0.0000	0.0000	0.0000	0.0000	0.0000	0.0000	1.0000	0.0000	0.0000	0.0000	0.0000	0.0000
0.0000	0.0000	0.0000	0.0000	0.0000	0.0000	0.0000	0.0000	1.0000	0.0000	0.0000	0.0000
0.0000	0.0000	0.0000	0.0000	0.0000	0.0000	0.0000	0.0000	1.0000	0.0000	0.0000	0.0000
0.0000	0.0000	0.0000	0.0000	0.0000	0.0000	1.0000	0.0000	0.0000	0.0000	0.0000	0.0000
