0.0000	0.0000	0.0001	0.0000	0.0000	0.0000	0.0607	0.0000	0.0038	0.0035	0.0014	0.9304
0.0000	0.0000	0.0000	0.0000	0.0000	0.0000	0.0000	0.0000	0.0007	0.9991	0.0000	0.0001
0.0000	0.0000	0.0000	0.0000	0.0000	0.0000	0.0000	0.0000	0.0000	0.9993	0.0000	0.0006
0.0001	0.0000	0.0000	0.0004	0.0000	0.0000	0.0000	0.0000	0.0000	0.9936	0.0047	0.0012
0.0000	0.0000	0.0213	0.0000	0.0000	0.0000	0.9787	0.0000	0.0000	0.0000	0.0000	0.0000
0.0000	0.0000	0.0000	0.0000	0.0000	0.0000	0.7281	0.0001	0.0000	0.0000	0.0001	0.2717
0.8676	0.0639	0.0003	0.0000	0.0000	0.0681	0.0000	0.0000	0.0000	0.0000	0.0000	0.0000
0.0000	0.0000	0.0002	0.0000	0.0000	0.0000	0.2266	0.0001	0.0001	0.0004	0.0001	0.7725
0.2302	0.0000	0.0000	0.0000	0.0000	0.0000	0.0000	0.0000	0.7698	0.0000	0.0000	0.0000
0.0000	0.0000	0.0535	0.0000	0.0000	0.0000	0.4996	0.4207	0.0000	0.0000	0.0000	0.0262
0.2590	0.0000	0.0000	0.0082	0.0001	0.0001	0.0000	0.0000	0.0006	0.7289	0.0030	0.0001
0.0000	0.0000	0.0000	0.0000	0.9968	0.0000	0.0000	0.0000	0.0000	0.0032	0.0000	0.0000
0.0000	0.0000	0.0138	0.0000	0.0000	0.0000	0.9784	0.0000	0.0000	0.0000	0.0000	0.0078
0.8965	0.0000	0.0004	0.0000	0.0000	0.0000	0.0032	0.0000	0.0197	0.0767	0.0000	0.0035
0.0006	0.0000	0.0002	0.0000	0.0000	0.0000	0.5186	0.0000	0.0068	0.1563	0.0001	0.3174
0.0000	0.0000	0.0000	0.0000	0.0000	0.0000	0.0000	0.0000	0.0000	0.9997	0.0000	0.0003
0.0000	0.0000	0.0000	0.0006	0.9988	0.0000	0.0000	0.0000	0.0000	0.0006	0.0000	0.0000
0.0000	0.0142	0.4072	0.0000	0.0000	0.0091	0.0023	0.5666	0.0000	0.0000	0.0000	0.0006
0.0000	0.0000	0.0014	0.0000	0.0000	0.0000	0.1212	0.0000	0.0002	0.0069	0.0000	0.8702
0.9993	0.0000	0.0000	0.0000	0.0000	0.0000	0.0000	0.0000	0.0001	0.0000	0.0006	0.0000
0.0000	0.0000	0.0010	0.0000	0.0000	0.0000	0.0804	0.9147	0.0000	0.0000	0.0015	0.0024
0.0000	0.0000	0.0000	0.0001	0.0000	0.0000	0.0000	0.0000	0.0000	0.9998	0.0001	0.0000
0.0000	0.9998	0.0001	0.0000	0.0000	0.0001	0.0000	0.0000	0.0000	0.0000	0.0000	0.0000
0.0000	0.0000	0.0001	0.0000	0.0000	0.0000	0.9696	0.0000	0.0002	0.0000	0.0000	0.0301
0.9787	0.0000	0.0000	0.0000	0.0001	0.0209	0.0000	0.0000	0.0000	0.0001	0.0001	0.0000
0.0000	0.0000	0.0001	0.0000	0.0000	0.0000	0.0016	0.0040	0.0000	0.0325	0.0024	0.9592
0.0000	0.0000	0.0000	0.0000	0.0000	0.0000	0.0000	0.0000	0.9990	0.0010	0.0000	0.0000
0.0000	0.0000	0.0000	0.0003	0.0000	0.0000	0.0000	0.0000	0.0000	0.9996	0.0000	0.0000
0.0080	0.0000	0.0000	0.0000	0.0000	0.9920	0.0000	0.0000	0.0000	0.0000	0.0000	0.0000
1.0000	0.0000	0.0000	0.0000	0.0000	0.0000	0.0000	0.0000	0.0000	0.0000	0.0000	0.0000
0.0000	0.0000	0.0000	0.0001	0.0000	0.0000	0.0083	0.0003	0.0001	0.7847	0.0195	0.1870
0.0026	0.0000	0.0081	0.0001	0.0002	0.0006	0.0891	0.7121	0.0000	0.0023	0.1230	0.0619
0.0000	0.0000	0.0000	0.0000	0.0000	0.0000	0.0000	0.0000	0.9999	0.0000	0.0000	0.0000
0.0000	0.1563	0.7911	0.0000	0.0000	0.0499	0.0002	0.0023	0.0000	0.0000	0.0000	0.0001
0.0000	0.0000	0.0000	1.0000	0.0000	0.0000	0.0000	0.0000	0.0000	0.0000	0.0000	0.0000
0.0001	0.0000	0.0000	0.0000	0.0000	0.0000	0.0001	0.0000	0.0786	0.9191	0.0021	0.0001
0.0000	0.8831	0.0898	0.0000	0.0000	0.0261	0.0000	0.0010	0.0000	0.0000	0.0000	0.0000
0.0000	0.1221	0.0326	0.0000	0.0000	0.0058	0.0008	0.8386	0.0000	0.0000	0.0000	0.0001
1.0000	0.0000	0.0000	0.0000	0.0000	0.0000	0.0000	0.0000	0.0000	0.0000	0.0000	0.0000
0.0000	0.0000	0.0014	0.0000	0.0000	0.0016	0.0001	0.9901	0.0000	0.0000	0.0002	0.0065
0.0000	0.0000	0.0000	0.0000	0.0000	0.0000	0.0000	0.0000	1.0000	0.0000	0.0000	0.0000
0.0000	0.6984	0.1852	0.0000	0.0000	0.1092	0.0000	0.0071	0.0000	0.0000	0.0000	0.0001
0.0001	0.0000	0.0000	0.0019	0.0000	0.0000	0.0000	0.0000	0.0001	0.9975	0.0002	0.0001
0.0000	0.0000	0.0000	0.0000	0.0000	0.0000	0.0000	0.0000	0.0000	0.0000	1.0000	0.0000
0.0000	0.0000	0.0001	0.0000	0.0000	0.9999	0.0000	0.0000	0.0000	0.0000	0.0000	0.0000
0.0000	0.1109	0.1857	0.0000	0.0000	0.0108	0.0007	0.6911	0.0000	0.0000	0.0000	0.0008
0.0003	0.0221	0.2051	0.0000	0.0002	0.0937	0.0012	0.6620	0.0000	0.0000	0.0001	0.0152
0.0340	0.0000	0.9584	0.0000	0.0000	0.0000	0.0034	0.0000	0.0001	0.0000	0.0000	0.0042
0.0000	0.0000	0.4594	0.0000	0.0000	0.0000	0.5406	0.0000	0.0000	0.0000	0.0000	0.0001
0.0000	0.0000	0.0000	0.0000	0.0000	0.0000	0.0000	0.0000	0.0028	0.9972	0.0000	0.0000
0.0000	0.0000	0.0000	0.0000	0.0000	0.0000	0.0000	0.0000	0.0000	0.9994	0.0001	0.0004
0.0000	0.0000	0.0000	0.0000	0.0000	0.0000	0.2914	0.0385	0.0000	0.0033	0.0031	0.6637
0.0019	0.0000	0.0000	0.0002	0.0000	0.0002	0.0028	0.0000	0.0015	0.7149	0.0142	0.2642
0.0000	0.0000	0.0000	0.0000	0.0000	0.0000	0.0000	0.0000	0.0000	0.0000	1.0000	0.0000
0.0000	0.7989	0.1894	0.0000	0.0000	0.0084	0.0001	0.0032	0.0000	0.0000	0.0000	0.0000
0.0221	0.2103	0.7128	0.0000	0.0003	0.0494	0.0006	0.0006	0.0000	0.0000	0.0001	0.0039
0.0000	0.0000	0.0001	0.0000	0.0000	0.0000	0.1538	0.0004	0.0001	0.0048	0.0003	0.8404
0.0000	0.0000	0.0015	0.0000	0.0000	0.0000	0.9869	0.0067	0.0000	0.0000	0.0000	0.0049
0.0000	0.0000	0.0002	0.0000	0.0000	0.0000	0.9990	0.0000	0.0000	0.0000	0.0000	0.0008
0.0000	0.0000	0.0000	0.0000	0.0000	0.0000	0.0000	0.0000	0.0000	0.0000	0.0000	1.0000
0.0127	0.0000	0.0012	0.0000	0.0000	0.0000	0.9716	0.0000	0.0017	0.0057	0.0003	0.0068
0.0124	0.0000	0.0029	0.0000	0.0000	0.0000	0.9759	0.0000	0.0042	0.0013	0.0000	0.0032
0.3544	0.0000	0.0001	0.0000	0.0000	0.0000	0.6119	0.0001	0.0042	0.0063	0.0227	0.0003
0.0000	0.0000	0.0000	0.0000	0.0000	0.0000	0.0333	0.0000	0.0028	0.0001	0.0000	0.9637
0.0000	0.0017	0.9127	0.0000	0.0000	0.0027	0.0151	0.0652	0.0000	0.0000	0.0000	0.0027
0.0000	0.0000	0.6828	0.0000	0.0000	0.0023	0.1067	0.1058	0.0000	0.0000	0.0000	0.1023
0.0000	0.0000	0.0000	0.0000	0.0000	0.0000	0.0000	0.0000	0.0000	0.9984	0.0013	0.0003
0.0001	0.0000	0.0007	0.0000	0.0000	0.0001	0.0007	0.0000	0.0000	0.0282	0.0001	0.9701
0.0000	0.0000	0.0000	0.0000	0.0000	0.0000	0.0000	0.9990	0.0000	0.0000	0.0005	0.0005
0.0000	0.1531	0.8467	0.0000	0.0000	0.0000	0.0001	0.0000	0.0000	0.0000	0.0000	0.0000
0.0000	0.0000	0.0005	0.0000	0.0000	0.9994	0.0000	0.0000	0.0000	0.0000	0.0000	0.0001
0.0296	0.0000	0.0003	0.0004	0.0002	0.0113	0.0001	0.0000	0.0001	0.5793	0.0038	0.3748
0.0000	0.0000	0.0001	0.0000	0.0000	0.0000	0.9998	0.0000	0.0000	0.0000	0.0000	0.0001
0.0000	0.0000	0.0000	0.0000	0.0000	0.0000	0.0001	0.0000	0.9999	0.0001	0.0000	0.0000
0.0000	0.0000	0.0002	0.0000	0.0000	0.0000	0.9994	0.0002	0.0000	0.0000	0.0000	0.0002
0.0000	0.0000	0.0000	0.0000	0.0000	0.0000	0.0000	0.0000	0.0000	1.0000	0.0000	0.0000
0.0000	0.0000	0.9978	0.0000	0.0000	0.0000	0.0022	0.0000	0.0000	0.0000	0.0000	0.0000
0.2252	0.0000	0.0000	0.0000	0.0000	0.7472	0.0005	0.0000	0.0083	0.0180	0.0000	0.0008
0.0000	0.0000	0.1706	0.0000	0.0000	0.0000	0.8294	0.0000	0.0000	0.0000	0.0000	0.0000
0.9972	0.0000	0.0000	0.0003	0.0000	0.0000	0.0000	0.0000	0.0014	0.0011	0.0000	0.0000
0.0000	0.0000	0.0002	0.0000	0.0000	0.0000	0.0078	0.0002	0.0000	0.0060	0.0001	0.9857
0.1319	0.0000	0.0000	0.2213	0.0002	0.0000	0.0000	0.0000	0.0060	0.6284	0.0118	0.0003
0.0000	0.0000	0.0000	0.0000	0.0000	0.0000	0.9996	0.0000	0.0000	0.0000	0.0000	0.0004
0.0000	0.0000	0.0000	0.0000	0.0000	0.0000	0.0000	0.0000	0.0000	0.0000	1.0000	0.0000
0.0000	0.0000	0.0727	0.0000	0.0000	0.0000	0.0041	0.9232	0.0000	0.0000	0.0000	0.0000
0.0000	0.0000	0.1818	0.0000	0.0000	0.0000	0.4771	0.2461	0.0000	0.0000	0.0000	0.0949
0.0000	0.0000	0.0000	0.0000	0.0000	0.0000	0.0000	0.0000	0.0000	0.0000	0.0000	1.0000
0.0000	0.0000	0.0000	0.0000	0.0000	0.0000	0.0000	0.0000	0.0000	0.0000	0.0000	1.0000
0.0000	0.0000	0.0000	0.0000	0.0000	0.0000	0.0000	0.0000	0.0000	0.0000	0.0000	1.0000
0.0000	0.0000	1.0000	0.0000	0.0000	0.0000	0.0000	0.0000	0.0000	0.0000	0.0000	0.0000
0.0000	0.0000	1.0000	0.0000	0.0000	0.0000	0.0000	0.0000	0.0000	0.0000	0.0000	0.0000
0.0000	0.0000	1.0000	0.0000	0.0000	0.0000	0.0000	0.0000	0.0000	0.0000	0.0000	0.0000
0.0000	0.0000	0.9987	0.0000	0.0000	0.0000	0.0000	0.0000	0.0000	0.0000	0.0000	0.0013
0.0000	0.0000	0.0000	0.0000	0.0000	0.0000	0.0000	0.0000	0.0000	0.0000	0.0000	1.0000
0.0000	0.0000	0.9999	0.0000	0.0000	0.0000	0.0000	0.0000	0.0000	0.0000	0.0000	0.0001
0.0000	0.0000	1.0000	0.0000	0.0000	0.0000	0.0000	0.0000	0.0000	0.0000	0.0000	0.0000
0.0000	0.0000	0.0000	0.0000	0.0000	0.0000	0.0000	0.0000	0.0000	0.0000	0.0000	1.0000
0.0000	0.0000	0.0000	0.0000	0.0000	0.0000	0.0000	0.0000	0.0000	0.0000	0.0000	1.0000
0.0000	0.0000	0.0000	0.0000	0.0000	0.0000	0.0000	0.0000	0.0000	0.0000	0.0000	1.0000
0.0000	0.0000	1.0000	0.0000	0.0000	0.0000	0.0000	0.0000	0.0000	0.0000	0.0000	0.0000
0.0000	0.0000	1.0000	0.0000	0.0000	0.0000	0.0000	0.0000	0.0000	0.0000	0.0000	0.0000
0.0000	0.0000	0.9998	0.0000	0.0000	0.0000	0.0000	0.0000	0.0000	0.0000	0.0000	0.0002
0.0000	0.0000	1.0000	0.0000	0.0000	0.0000	0.0000	0.0000	0.0000	0.0000	0.0000	0.0000
0.0000	0.0000	0.0000	0.0000	0.0000	0.0000	0.0000	0.0000	0.0000	0.0000	0.0000	1.0000
0.0000	0.0000	1.0000	0.0000	0.0000	0.0000	0.0000	0.0000	0.0000	0.0000	0.0000	0.0000
0.0000	0.0000	1.0000	0.0000	0.0000	0.0000	0.0000	0.0000	0.0000	0.0000	0.0000	0.0000
0.0000	0.0000	0.0000	0.0000	0.0000	0.0000	0.0000	0.0000	1.0000	0.0000	0.0000	0.0000
0.0000	0.0000	0.0000	0.0000	0.0000	0.0000	1.0000	0.0000	0.0000	0.0000	0.0000	0.0000
0.0000	0.0000	0.0000	0.0000	0.0000	0.0000	0.0000	0.0000	1.0000	0.0000	0.0000	0.0000
0.0000	0.0000	0.0000	0.0000	0.0000	0.0000	0.0000	0.0000	1.0000	0.0000	0.0000	0.0000
0.0000	0.0000	0.0000	0.0000	0.0000	0.0000	1.0000	0.0000	0.0000	0.0000	0.0000	0.0000
0.0000	0.0000	0.0000	0.0000	0.0000	0.0000	0.0000	0.0000	1.0000	0.0000	0.0000	0.0000
0.0000	0.0000	0.0000	0.0000	0.0000	0.0000	0.0000	0.0000	1.0000	0.0000	0.0000	0.0000
0.0000	0.0000	0.9973	0.0000	0.0000	0.0000	0.0027	0.0000	0.0000	0.0000	0.0000	0.0000
0.0000	0.0000	0.9147	0.0000	0.0000	0.0000	0.0853	0.0000	0.0000	0.0000	0.0000	0.0000
0.0000	0.0000	0.0000	0.0000	0.0000	0.0000	1.0000	0.0000	0.0000	0.0000	0.0000	0.0000
0.0000	0.0000	0.0000	0.0000	0.0000	0.0000	1.0000	0.0000	0.0000	0.0000	0.0000	0.0000
0.0000	0.0000	0.0000	0.0000	0.0000	0.0000	0.0000	0.0000	1.0000	0.0000	0.0000	0.0000
0.0000	0.0000	0.0000	0.0000	0.0000	0.0000	0.0004	0.0000	0.9996	0.0000	0.0000	0.0000
0.0000	0.0000	0.0000	0.0000	0.0000	0.0000	0.0018	0.0000	0.9982	0.0000	0.0000	0.0000
0.0000	0.0000	0.9998	0.0000	0.0000	0.0000	0.0002	0.0000	0.0000	0.0000	0.0000	0.0000
0.0000	0.0000	0.0000	0.0000	0.0000	0.0000	1.0000	0.0000	0.0000	0.0000	0.0000	0.0000
0.0000	0.0000	0.0000	0.0000	0.0000	0.0000	0.0000	0.0000	1.0000	0.0000	0.0000	0.0000
0.0000	0.0000	1.0000	0.0000	0.0000	0.0000	0.0000	0.0000	0.0000	0.0000	0.0000	0.0000
0.0000	0.0000	0.0000	0.0000	0.0000	0.0000	1.0000	0.0000	0.0000	0.0000	0.0000	0.0000
0.0000	0.0000	0.0005	0.0000	0.0000	0.0000	0.9995	0.0000	0.0000	0.0000	0.0000	0.0000
0.0000	0.0000	0.0000	0.0000	0.0000	0.0000	1.0000	0.0000	0.0000	0.0000	0.0000	0.0000
0.0000	0.0000	0.0000	0.0000	0.0000	0.0000	0.0000	0.0000	1.0000	0.0000	0.0000	0.0000
0.0000	0.0000	0.9991	0.0000	0.0000	0.0000	0.0009	0.0000	0.0000	0.0000	0.0000	0.0000
0.0000	0.0000	0.0000	0.0000	0.0000	0.0000	1.0000	0.0000	0.0000	0.0000	0.0000	0.0000
0.0000	0.0000	0.0000	0.0000	0.0000	0.0000	0.0000	0.0000	1.0000	0.0000	0.0000	0.0000
0.0000	0.0000	0.0000	0.0000	0.0000	0.0000	0.0000	0.0000	1.0000	0.0000	0.0000	0.0000
0.0000	0.0000	0.0000	0.0000	0.0000	0.0000	1.0000	0.0000	0.0000	0.0000	0.0000	0.0000
