0.0000	0.0000	0.0004	0.0000	0.0000	0.0000	0.0443	0.0000	0.0018	0.0000	0.0000	0.9536
0.0000	0.0000	0.0000	0.0000	0.0000	0.0000	0.0000	0.0000	0.0000	1.0000	0.0000	0.0000
0.0000	0.0000	0.0000	0.0000	0.0000	0.0000	0.0000	0.0000	0.0000	1.0000	0.0000	0.0000
0.0000	0.0000	0.0000	0.0000	0.0000	0.0000	0.0000	0.0000	0.0000	0.9999	0.0000	0.0000
0.0000	0.0000	0.9063	0.0000	0.0000	0.0000	0.0937	0.0000	0.0000	0.0000	0.0000	0.0000
0.0000	0.0000	0.0000	0.0000	0.0000	0.0000	0.4457	0.0080	0.0001	0.0000	0.0001	0.5462
1.0000	0.0000	0.0000	0.0000	0.0000	0.0000	0.0000	0.0000	0.0000	0.0000	0.0000	0.0000
0.0000	0.0000	0.0085	0.0001	0.0001	0.0001	0.1099	0.0035	0.0028	0.0014	0.0001	0.8736
0.8684	0.0000	0.0000	0.0000	0.0000	0.0000	0.0000	0.0000	0.1315	0.0000	0.0000	0.0000
0.0000	0.0002	0.3040	0.0000	0.0000	0.0006	0.0827	0.6104	0.0000	0.0000	0.0000	0.0020
0.0311	0.0000	0.0000	0.0000	0.0000	0.0000	0.0000	0.0000	0.0001	0.9688	0.0000	0.0000
0.0000	0.0000	0.0000	0.0000	1.0000	0.0000	0.0000	0.0000	0.0000	0.0000	0.0000	0.0000
0.0000	0.0000	0.8029	0.0000	0.0000	0.0000	0.1948	0.0014	0.0000	0.0000	0.0000	0.0009
0.9971	0.0000	0.0009	0.0000	0.0000	0.0000	0.0001	0.0000	0.0009	0.0005	0.0000	0.0005
0.0031	0.0000	0.0046	0.0000	0.0000	0.0000	0.5126	0.0118	0.0053	0.0012	0.0001	0.4612
0.0000	0.0000	0.0000	0.0000	0.0000	0.0000	0.0000	0.0000	0.0000	1.0000	0.0000	0.0000
0.0000	0.0000	0.0000	0.0000	1.0000	0.0000	0.0000	0.0000	0.0000	0.0000	0.0000	0.0000
0.0000	0.6995	0.2565	0.0000	0.0000	0.0191	0.0001	0.0247	0.0000	0.0000	0.0000	0.0000
0.0000	0.0000	0.0146	0.0000	0.0000	0.0000	0.0570	0.0061	0.0001	0.0003	0.0000	0.9219
1.0000	0.0000	0.0000	0.0000	0.0000	0.0000	0.0000	0.0000	0.0000	0.0000	0.0000	0.0000
0.0001	0.0001	0.0002	0.0000	0.0000	0.0000	0.0003	0.9993	0.0000	0.0000	0.0001	0.0000
0.0000	0.0000	0.0000	0.0000	0.0000	0.0000	0.0000	0.0000	0.0000	1.0000	0.0000	0.0000
0.0000	1.0000	0.0000	0.0000	0.0000	0.0000	0.0000	0.0000	0.0000	0.0000	0.0000	0.0000
0.0000	0.0000	0.0059	0.0000	0.0000	0.0000	0.9314	0.0587	0.0001	0.0000	0.0001	0.0038
1.0000	0.0000	0.0000	0.0000	0.0000	0.0000	0.0000	0.0000	0.0000	0.0000	0.0000	0.0000
0.0000	0.0000	0.0001	0.0000	0.0000	0.0000	0.0004	0.0004	0.0000	0.0006	0.0000	0.9985
0.0000	0.0000	0.0000	0.0000	0.0000	0.0000	0.0000	0.0000	1.0000	0.0000	0.0000	0.0000
0.0000	0.0000	0.0000	0.1639	0.0001	0.0000	0.0000	0.0000	0.0000	0.8340	0.0000	0.0020
0.0000	0.0000	0.0000	0.0000	0.0000	1.0000	0.0000	0.0000	0.0000	0.0000	0.0000	0.0000
1.0000	0.0000	0.0000	0.0000	0.0000	0.0000	0.0000	0.0000	0.0000	0.0000	0.0000	0.0000
0.0000	0.0000	0.0000	0.0000	0.0000	0.0000	0.0000	0.0000	0.0000	0.9917	0.0000	0.0082
0.0092	0.0015	0.0518	0.0001	0.0003	0.0438	0.0257	0.8300	0.0006	0.0055	0.0049	0.0265
0.0000	0.0000	0.0000	0.0000	0.0000	0.0000	0.0000	0.0000	1.0000	0.0000	0.0000	0.0000
0.0000	0.8482	0.1324	0.0000	0.0000	0.0193	0.0000	0.0001	0.0000	0.0000	0.0000	0.0000
0.0000	0.0000	0.0000	1.0000	0.0000	0.0000	0.0000	0.0000	0.0000	0.0000	0.0000	0.0000
0.0000	0.0000	0.0000	0.0000	0.0000	0.0000	0.0000	0.0000	0.0000	1.0000	0.0000	0.0000
0.0000	0.9894	0.0103	0.0000	0.0000	0.0002	0.0000	0.0000	0.0000	0.0000	0.0000	0.0000
0.0001	0.8176	0.0224	0.0000	0.0000	0.0026	0.0000	0.1574	0.0000	0.0000	0.0000	0.0000
1.0000	0.0000	0.0000	0.0000	0.0000	0.0000	0.0000	0.0000	0.0000	0.0000	0.0000	0.0000
0.0001	0.0001	0.0035	0.0000	0.0000	0.0003	0.0001	0.9932	0.0000	0.0001	0.0001	0.0026
0.0000	0.0000	0.0000	0.0000	0.0000	0.0000	0.0000	0.0000	1.0000	0.0000	0.0000	0.0000
0.0000	0.9778	0.0210	0.0000	0.0000	0.0010	0.0000	0.0001	0.0000	0.0000	0.0000	0.0000
0.0000	0.0000	0.0000	0.0218	0.0000	0.0000	0.0000	0.0000	0.0000	0.9781	0.0000	0.0000
0.0000	0.0000	0.0000	0.0000	0.0000	0.0000	0.0000	0.0000	0.0000	0.0000	1.0000	0.0000
0.0000	0.0000	0.0000	0.0000	0.0000	1.0000	0.0000	0.0000	0.0000	0.0000	0.0000	0.0000
0.0000	0.9581	0.0211	0.0000	0.0000	0.0001	0.0000	0.0207	0.0000	0.0000	0.0000	0.0000
0.0001	0.5498	0.0680	0.0000	0.0000	0.0013	0.0000	0.3807	0.0000	0.0000	0.0000	0.0000
0.0045	0.0000	0.3683	0.0000	0.0000	0.0000	0.0097	0.0000	0.0001	0.0000	0.0000	0.6175
0.0000	0.0000	0.3103	0.0000	0.0000	0.0000	0.6593	0.0000	0.0000	0.0000	0.0000	0.0304
0.0000	0.0000	0.0000	0.0000	0.0000	0.0000	0.0000	0.0000	0.0000	1.0000	0.0000	0.0000
0.0000	0.0000	0.0000	0.0000	0.0000	0.0000	0.0000	0.0000	0.0000	1.0000	0.0000	0.0000
0.0001	0.0000	0.0002	0.0000	0.0000	0.0004	0.3911	0.2225	0.0337	0.0066	0.0004	0.3450
0.0028	0.0000	0.0001	0.0004	0.0001	0.0035	0.0002	0.0001	0.0074	0.9354	0.0008	0.0492
0.0000	0.0000	0.0000	0.0000	0.0000	0.0000	0.0000	0.0000	0.0000	0.0000	1.0000	0.0000
0.0000	0.9593	0.0376	0.0000	0.0000	0.0018	0.0000	0.0013	0.0000	0.0000	0.0000	0.0000
0.0042	0.0406	0.1891	0.0000	0.0000	0.7572	0.0001	0.0087	0.0000	0.0000	0.0000	0.0000
0.0000	0.0000	0.0019	0.0000	0.0000	0.0001	0.0279	0.0113	0.0012	0.0036	0.0000	0.9539
0.0000	0.0000	0.0087	0.0000	0.0000	0.0000	0.8422	0.1481	0.0000	0.0000	0.0000	0.0011
0.0000	0.0000	0.0000	0.0000	0.0000	0.0000	0.9994	0.0005	0.0000	0.0000	0.0000	0.0000
0.0000	0.0000	0.0000	0.0000	0.0000	0.0000	0.0000	0.0000	0.0000	0.0000	0.0000	1.0000
0.0042	0.0000	0.0080	0.0000	0.0000	0.0000	0.9815	0.0040	0.0001	0.0000	0.0001	0.0021
0.0025	0.0000	0.0750	0.0000	0.0000	0.0000	0.9026	0.0001	0.0004	0.0000	0.0000	0.0194
0.0146	0.0000	0.0000	0.0000	0.0000	0.0000	0.9661	0.0068	0.0001	0.0000	0.0124	0.0000
0.0000	0.0000	0.0000	0.0000	0.0000	0.0000	0.0284	0.0000	0.0001	0.0000	0.0000	0.9715
0.0001	0.6243	0.3386	0.0000	0.0000	0.0265	0.0002	0.0103	0.0000	0.0000	0.0000	0.0000
0.0008	0.0458	0.4403	0.0000	0.0001	0.4986	0.0011	0.0131	0.0000	0.0001	0.0000	0.0002
0.0000	0.0000	0.0000	0.0000	0.0000	0.0000	0.0000	0.0000	0.0000	1.0000	0.0000	0.0000
0.0000	0.0000	0.0081	0.0000	0.0000	0.0000	0.0005	0.0013	0.0000	0.0009	0.0000	0.9891
0.0000	0.0000	0.0000	0.0000	0.0000	0.0000	0.0000	1.0000	0.0000	0.0000	0.0000	0.0000
0.0000	0.9266	0.0732	0.0000	0.0000	0.0000	0.0000	0.0001	0.0000	0.0000	0.0000	0.0000
0.0000	0.0001	0.0013	0.0000	0.0000	0.9986	0.0000	0.0000	0.0000	0.0000	0.0000	0.0000
0.0060	0.0000	0.0106	0.0000	0.0000	0.0007	0.0002	0.1647	0.0000	0.0139	0.0000	0.8039
0.0000	0.0000	0.0011	0.0000	0.0000	0.0000	0.9908	0.0000	0.0000	0.0000	0.0000	0.0081
0.0000	0.0000	0.0000	0.0000	0.0000	0.0000	0.0000	0.0000	1.0000	0.0000	0.0000	0.0000
0.0000	0.0000	0.0000	0.0000	0.0000	0.0000	0.9988	0.0000	0.0000	0.0000	0.0000	0.0012
0.0000	0.0000	0.0000	0.0000	0.0000	0.0000	0.0000	0.0000	0.0000	1.0000	0.0000	0.0000
0.0000	0.0002	0.9997	0.0000	0.0000	0.0000	0.0001	0.0000	0.0000	0.0000	0.0000	0.0000
0.0001	0.0000	0.0000	0.0000	0.0000	0.9919	0.0000	0.0000	0.0078	0.0002	0.0000	0.0000
0.0000	0.0000	0.7780	0.0000	0.0000	0.0000	0.2220	0.0000	0.0000	0.0000	0.0000	0.0000
0.9995	0.0000	0.0000	0.0000	0.0000	0.0000	0.0000	0.0000	0.0000	0.0005	0.0000	0.0000
0.0001	0.0000	0.0017	0.0000	0.0000	0.0000	0.0112	0.0016	0.0002	0.0007	0.0000	0.9845
0.0163	0.0000	0.0000	0.9214	0.0002	0.0007	0.0000	0.0000	0.0006	0.0585	0.0019	0.0004
0.0000	0.0000	0.0000	0.0000	0.0000	0.0000	0.0386	0.0000	0.0000	0.0000	0.0000	0.9614
0.0000	0.0000	0.0000	0.0000	0.0000	0.0000	0.0000	0.0000	0.0000	0.0000	1.0000	0.0000
0.0000	0.0000	0.0000	0.0000	0.0000	0.0000	0.0000	1.0000	0.0000	0.0000	0.0000	0.0000
0.0000	0.0000	0.1004	0.0000	0.0000	0.0000	0.0321	0.8661	0.0000	0.0000	0.0000	0.0015
0.0000	0.0000	0.0000	0.0000	0.0000	0.0000	0.0000	0.0000	0.0000	0.0000	0.0000	1.0000
0.0000	0.0000	0.0000	0.0000	0.0000	0.0000	0.0000	0.0000	0.0000	0.0000	0.0000	1.0000
0.0000	0.0000	0.0000	0.0000	0.0000	0.0000	0.0000	0.0000	0.0000	0.0000	0.0000	1.0000
0.0000	0.0000	1.0000	0.0000	0.0000	0.0000	0.0000	0.0000	0.0000	0.0000	0.0000	0.0000
0.0000	0.0000	1.0000	0.0000	0.0000	0.0000	0.0000	0.0000	0.0000	0.0000	0.0000	0.0000
0.0000	0.0000	1.0000	0.0000	0.0000	0.0000	0.0000	0.0000	0.0000	0.0000	0.0000	0.0000
0.0000	0.0000	1.0000	0.0000	0.0000	0.0000	0.0000	0.0000	0.0000	0.0000	0.0000	0.0000
0.0000	0.0000	0.0000	0.0000	0.0000	0.0000	0.0000	0.0000	0.0000	0.0000	0.0000	1.0000
0.0000	0.0000	1.0000	0.0000	0.0000	0.0000	0.0000	0.0000	0.0000	0.0000	0.0000	0.0000
0.0000	0.0000	1.0000	0.0000	0.0000	0.0000	0.0000	0.0000	0.0000	0.0000	0.0000	0.0000
0.0000	0.0000	0.0000	0.0000	0.0000	0.0000	0.0000	0.0000	0.0000	0.0000	0.0000	1.0000
0.0000	0.0000	0.0000	0.0000	0.0000	0.0000	0.0000	0.0000	0.0000	0.0000	0.0000	1.0000
0.0000	0.0000	0.0000	0.0000	0.0000	0.0000	0.0000	0.0000	0.0000	0.0000	0.0000	1.0000
0.0000	0.0000	1.0000	0.0000	0.0000	0.0000	0.0000	0.0000	0.0000	0.0000	0.0000	0.0000
0.0000	0.0000	1.0000	0.0000	0.0000	0.0000	0.0000	0.0000	0.0000	0.0000	0.0000	0.0000
0.0000	0.0000	1.0000	0.0000	0.0000	0.0000	0.0000	0.0000	0.0000	0.0000	0.0000	0.0000
0.0000	0.0000	1.0000	0.0000	0.0000	0.0000	0.0000	0.0000	0.0000	0.0000	0.0000	0.0000
0.0000	0.0000	0.0000	0.0000	0.0000	0.0000	0.0000	0.0000	0.0000	0.0000	0.0000	1.0000
0.0000	0.0000	1.0000	0.0000	0.0000	0.0000	0.0000	0.0000	0.0000	0.0000	0.0000	0.0000
0.0000	0.0000	1.0000	0.0000	0.0000	0.0000	0.0000	0.0000	0.0000	0.0000	0.0000	0.0000
0.0000	0.0000	0.0000	0.0000	0.0000	0.0000	0.0000	0.0000	1.0000	0.0000	0.0000	0.0000
0.0000	0.0000	0.0000	0.0000	0.0000	0.0000	1.0000	0.0000	0.0000	0.0000	0.0000	0.0000
0.0000	0.0000	0.0000	0.0000	0.0000	0.0000	0.0000	0.0000	1.0000	0.0000	0.0000	0.0000
0.0000	0.0000	0.0000	0.0000	0.0000	0.0000	0.0000	0.0000	1.0000	0.0000	0.0000	0.0000
0.0000	0.0000	0.0000	0.0000	0.0000	0.0000	1.0000	0.0000	0.0000	0.0000	0.0000	0.0000
0.0000	0.0000	0.0000	0.0000	0.0000	0.0000	0.0000	0.0000	1.0000	0.0000	0.0000	0.0000
0.0000	0.0000	0.0000	0.0000	0.0000	0.0000	0.0000	0.0000	1.0000	0.0000	0.0000	0.0000
0.0000	0.0000	1.0000	0.0000	0.0000	0.0000	0.0000	0.0000	0.0000	0.0000	0.0000	0.0000
0.0000	0.0000	1.0000	0.0000	0.0000	0.0000	0.0000	0.0000	0.0000	0.0000	0.0000	0.0000
0.0000	0.0000	0.0001	0.0000	0.0000	0.0000	0.9999	0.0000	0.0000	0.0000	0.0000	0.0000
0.0000	0.0000	0.0004	0.0000	0.0000	0.0000	0.9996	0.0000	0.0000	0.0000	0.0000	0.0000
0.0000	0.0000	0.0000	0.0000	0.0000	0.0000	0.0000	0.0000	1.0000	0.0000	0.0000	0.0000
0.0000	0.0000	0.0000	0.0000	0.0000	0.0000	0.0000	0.0000	1.0000	0.0000	0.0000	0.0000
0.0000	0.0000	0.0000	0.0000	0.0000	0.0000	0.0000	0.0000	1.0000	0.0000	0.0000	0.0000
0.0000	0.0000	1.0000	0.0000	0.0000	0.0000	0.0000	0.0000	0.0000	0.0000	0.0000	0.0000
0.0000	0.0000	0.0000	0.0000	0.0000	0.0000	1.0000	0.0000	0.0000	0.0000	0.0000	0.0000
0.0000	0.0000	0.0000	0.0000	0.0000	0.0000	0.0000	0.0000	1.0000	0.0000	0.0000	0.0000
0.0000	0.0000	1.0000	0.0000	0.0000	0.0000	0.0000	0.0000	0.0000	0.0000	0.0000	0.0000
0.0000	0.0000	0.0000	0.0000	0.0000	0.0000	1.0000	0.0000	0.0000	0.0000	0.0000	0.0000
0.0000	0.0000	0.0001	0.0000	0.0000	0.0000	0.9999	0.0000	0.0000	0.0000	0.0000	0.0000
0.0000	0.0000	0.0000	0.0000	0.0000	0.0000	1.0000	0.0000	0.0000	0.0000	0.0000	0.0000
0.0000	0.0000	0.0000	0.0000	0.0000	0.0000	0.0000	0.0000	1.0000	0.0000	0.0000	0.0000
0.0000	0.0000	1.0000	0.0000	0.0000	0.0000	0.0000	0.0000	0.0000	0.0000	0.0000	0.0000
0.0000	0.0000	0.0000	0.0000	0.0000	0.0000	1.0000	0.0000	0.0000	0.0000	0.0000	0.0000
0.0000	0.0000	0.0000	0.0000	0.0000	0.0000	0.0000	0.0000	1.0000	0.0000	0.0000	0.0000
0.0000	0.0000	0.0000	0.0000	0.0000	0.0000	0.0000	0.0000	1.0000	0.0000	0.0000	0.0000
0.0000	0.0000	0.0000	0.0000	0.0000	0.0000	1.0000	0.0000	0.0000	0.0000	0.0000	0.0000
