0.0018	0.0000	0.0000	0.0006	0.0000	0.0000	0.0011	0.0000	0.9937	0.0025	0.0000	0.0003
0.0000	0.0000	0.0001	0.0000	0.0000	0.0000	0.0000	0.9999	0.0000	0.0000	0.0000	0.0000
0.0018	0.0000	0.0000	0.0192	0.0000	0.0000	0.0000	0.0000	0.0000	0.9777	0.0010	0.0003
0.1026	0.0000	0.0000	0.0351	0.0008	0.0006	0.0009	0.0000	0.0013	0.7857	0.0628	0.0101
0.0000	0.0000	0.0000	0.0000	0.0000	0.0000	0.0000	1.0000	0.0000	0.0000	0.0000	0.0000
0.0000	0.0000	0.0001	0.0000	0.0000	0.0001	0.9615	0.0102	0.0000	0.0002	0.0000	0.0278
0.0000	0.3570	0.5516	0.0000	0.0000	0.0912	0.0001	0.0001	0.0000	0.0000	0.0000	0.0000
0.0000	0.0000	0.0000	0.0000	0.0000	0.0000	0.0000	1.0000	0.0000	0.0000	0.0000	0.0000
0.0040	0.0000	0.0000	0.0004	0.0000	0.0000	0.0000	0.0000	0.0000	0.9953	0.0000	0.0003
0.0000	0.0000	0.0000	0.0000	0.0000	0.0000	0.0000	0.0000	0.0000	1.0000	0.0000	0.0000
0.0993	0.0001	0.0023	0.0001	0.0002	0.0001	0.1067	0.0249	0.0001	0.0052	0.6479	0.1129
0.9727	0.0000	0.0003	0.0003	0.0000	0.0143	0.0021	0.0000	0.0059	0.0038	0.0001	0.0006
0.0000	0.0000	0.0000	0.0000	0.0000	0.0000	0.0002	0.9998	0.0000	0.0000	0.0000	0.0000
0.0000	0.2997	0.6021	0.0000	0.0000	0.0591	0.0029	0.0361	0.0000	0.0000	0.0000	0.0000
0.0000	0.0000	0.0006	0.0000	0.0000	0.0000	0.0002	0.9992	0.0000	0.0000	0.0000	0.0000
0.0000	0.0000	0.0000	0.0000	0.0000	0.0000	0.6388	0.0000	0.0000	0.0014	0.0000	0.3598
0.0000	0.0000	0.0000	0.0000	0.0000	0.0000	0.0287	0.0000	0.0001	0.0532	0.0000	0.9180
0.0000	0.0003	0.0016	0.0000	0.0000	0.0001	0.0211	0.9746	0.0000	0.0000	0.0001	0.0020
0.0001	0.2627	0.1944	0.0000	0.0001	0.0195	0.0114	0.5111	0.0000	0.0000	0.0002	0.0007
0.0000	0.9999	0.0001	0.0000	0.0000	0.0000	0.0000	0.0001	0.0000	0.0000	0.0000	0.0000
0.0001	0.0000	0.0002	0.0000	0.0000	0.9990	0.0007	0.0000	0.0000	0.0000	0.0000	0.0000
0.0002	0.0003	0.0344	0.0000	0.0000	0.0056	0.8320	0.1150	0.0001	0.0001	0.0013	0.0111
0.0000	0.0009	0.2529	0.0000	0.0000	0.0703	0.6729	0.0021	0.0000	0.0000	0.0006	0.0001
0.6432	0.0000	0.0001	0.0001	0.0000	0.3561	0.0002	0.0000	0.0001	0.0001	0.0001	0.0000
0.0000	0.0000	0.0000	0.0000	0.0000	0.0000	0.0000	0.0000	1.0000	0.0000	0.0000	0.0000
0.0001	0.0810	0.3013	0.0000	0.0001	0.1100	0.0092	0.4975	0.0000	0.0000	0.0000	0.0008
0.0000	0.0000	0.0000	0.0000	0.0000	0.0000	0.0000	1.0000	0.0000	0.0000	0.0000	0.0000
0.0003	0.0000	0.0000	0.0000	0.0000	0.0000	0.0000	0.0000	0.0000	0.0000	0.0000	0.9997
0.0002	0.0986	0.0407	0.0000	0.0001	0.8578	0.0006	0.0021	0.0000	0.0000	0.0000	0.0000
0.0000	0.0000	0.0000	0.0000	0.0000	0.0000	0.0131	0.9869	0.0000	0.0000	0.0000	0.0000
0.0070	0.0121	0.0222	0.0006	0.0025	0.6809	0.1071	0.1294	0.0001	0.0080	0.0280	0.0021
0.0000	0.5769	0.3879	0.0000	0.0000	0.0349	0.0000	0.0002	0.0000	0.0000	0.0000	0.0000
0.0000	0.0000	0.0000	1.0000	0.0000	0.0000	0.0000	0.0000	0.0000	0.0000	0.0000	0.0000
0.9926	0.0000	0.0000	0.0000	0.0021	0.0000	0.0000	0.0000	0.0000	0.0012	0.0041	0.0000
0.0000	0.0000	0.0000	0.0000	0.0000	0.0000	0.0000	1.0000	0.0000	0.0000	0.0000	0.0000
0.0005	0.0071	0.0909	0.0001	0.0005	0.1739	0.4568	0.2622	0.0000	0.0005	0.0013	0.0061
0.0000	0.0000	0.0000	0.0000	0.0000	0.0000	0.0000	0.0000	1.0000	0.0000	0.0000	0.0000
0.0000	0.2958	0.2933	0.0000	0.0000	0.4100	0.0006	0.0002	0.0000	0.0000	0.0000	0.0000
0.0000	0.0000	0.0007	0.0000	0.0000	0.0084	0.9902	0.0001	0.0001	0.0000	0.0004	0.0000
0.0000	0.0000	0.0000	0.9993	0.0000	0.0000	0.0000	0.0000	0.0000	0.0007	0.0000	0.0000
0.0002	0.0000	0.0000	0.9033	0.0000	0.0000	0.0000	0.0000	0.0001	0.0964	0.0000	0.0000
1.0000	0.0000	0.0000	0.0000	0.0000	0.0000	0.0000	0.0000	0.0000	0.0000	0.0000	0.0000
0.0000	0.0000	0.0001	0.0000	0.0000	0.0000	0.0109	0.9871	0.0000	0.0000	0.0000	0.0019
0.0331	0.0000	0.0000	0.0140	0.0000	0.0000	0.0023	0.0000	0.9415	0.0055	0.0034	0.0002
0.5715	0.0000	0.0012	0.0320	0.0027	0.2594	0.0090	0.0002	0.0131	0.0935	0.0058	0.0118
0.0003	0.0015	0.0015	0.0000	0.0000	0.9966	0.0000	0.0000	0.0000	0.0000	0.0000	0.0000
0.0000	0.0000	0.0002	0.0000	0.0000	0.0000	0.0091	0.9799	0.0000	0.0001	0.0000	0.0106
1.0000	0.0000	0.0000	0.0000	0.0000	0.0000	0.0000	0.0000	0.0000	0.0000	0.0000	0.0000
0.0000	0.0000	0.0000	0.0000	0.0000	0.0000	0.0000	0.0000	1.0000	0.0000	0.0000	0.0000
0.0000	0.0000	0.0091	0.0000	0.0000	0.0000	0.5177	0.4719	0.0000	0.0000	0.0000	0.0014
0.0003	0.0000	0.0000	0.0029	0.0001	0.0001	0.0001	0.0000	0.0000	0.9933	0.0019	0.0012
0.0000	0.0000	0.0000	0.0000	0.0000	0.0000	0.0000	0.0000	0.0000	1.0000	0.0000	0.0000
0.0000	0.5116	0.3794	0.0000	0.0000	0.1090	0.0000	0.0001	0.0000	0.0000	0.0000	0.0000
0.0000	0.0000	0.0000	0.0000	0.0000	1.0000	0.0000	0.0000	0.0000	0.0000	0.0000	0.0000
0.0000	0.4716	0.3622	0.0000	0.0000	0.1660	0.0000	0.0000	0.0000	0.0000	0.0000	0.0000
0.0000	0.0010	0.0000	0.0000	0.0000	0.0000	0.0000	0.9990	0.0000	0.0000	0.0000	0.0000
0.0000	0.0000	0.0001	0.0000	0.0000	0.0015	0.9452	0.0525	0.0000	0.0002	0.0000	0.0003
0.0000	0.0000	0.0000	0.0000	0.0000	0.0000	0.0000	0.0000	1.0000	0.0000	0.0000	0.0000
0.0003	0.4017	0.5911	0.0000	0.0000	0.0017	0.0001	0.0050	0.0000	0.0000	0.0000	0.0001
0.0000	0.0000	0.0002	0.0000	0.0000	0.0000	0.2353	0.7633	0.0000	0.0000	0.0000	0.0012
0.0000	0.0000	0.0021	0.0000	0.0000	0.0007	0.0799	0.9168	0.0000	0.0000	0.0000	0.0006
0.0000	0.0000	0.0000	0.0000	0.0000	0.0000	0.0000	0.0000	0.0000	0.0000	0.0000	0.9999
0.0000	0.0000	0.0000	0.0000	0.0000	0.0000	0.0000	0.0000	1.0000	0.0000	0.0000	0.0000
0.0000	0.0000	0.0000	0.0004	0.0000	0.0000	0.0000	0.0000	0.0000	0.7988	0.2008	0.0000
0.0001	0.0000	0.0002	0.0000	0.0000	0.9924	0.0071	0.0000	0.0001	0.0000	0.0000	0.0000
0.0001	0.0000	0.0028	0.0000	0.0000	0.0008	0.2307	0.0376	0.0001	0.0010	0.0000	0.7269
0.0000	0.0000	0.0000	0.0000	0.0000	0.0000	0.4689	0.0000	0.4897	0.0412	0.0000	0.0001
0.0000	0.0000	0.0000	0.0000	0.0000	0.0000	0.0000	1.0000	0.0000	0.0000	0.0000	0.0000
0.2427	0.0000	0.0000	0.0000	0.0008	0.0000	0.0000	0.0000	0.0000	0.0000	0.0000	0.7565
0.0000	0.0002	0.0019	0.0000	0.0000	0.9978	0.0000	0.0000	0.0000	0.0000	0.0000	0.0000
0.0001	0.0000	0.0000	0.0000	0.0000	0.0000	0.0000	0.0000	0.9999	0.0000	0.0000	0.0000
0.0000	0.0000	0.0000	0.0000	0.0000	0.0000	0.0011	0.9989	0.0000	0.0000	0.0000	0.0000
0.0006	0.0000	0.0000	0.0000	0.0000	0.0000	0.0000	0.0000	0.9994	0.0000	0.0000	0.0000
0.0000	0.0849	0.7064	0.0000	0.0000	0.2079	0.0003	0.0004	0.0000	0.0000	0.0000	0.0000
0.0074	0.0000	0.0012	0.0000	0.0000	0.0064	0.8659	0.0289	0.0003	0.0128	0.0021	0.0750
0.0000	0.0302	0.2839	0.0000	0.0000	0.6858	0.0001	0.0000	0.0000	0.0000	0.0000	0.0000
0.0008	0.0000	0.0000	0.0000	0.0000	0.9991	0.0000	0.0000	0.0001	0.0000	0.0000	0.0000
0.4514	0.0000	0.0000	0.5485	0.0000	0.0000	0.0000	0.0000	0.0000	0.0000	0.0000	0.0000
1.0000	0.0000	0.0000	0.0000	0.0000	0.0000	0.0000	0.0000	0.0000	0.0000	0.0000	0.0000
0.0000	0.0000	0.0000	0.0000	0.0000	0.0000	0.9964	0.0015	0.0000	0.0000	0.0000	0.0021
0.0007	0.0000	0.0000	0.9988	0.0001	0.0001	0.0000	0.0000	0.0001	0.0001	0.0001	0.0000
0.0000	0.0000	0.0000	0.0000	0.0000	0.0000	0.9212	0.0014	0.0000	0.0038	0.0000	0.0736
0.0000	0.7929	0.2065	0.0000	0.0000	0.0001	0.0000	0.0005	0.0000	0.0000	0.0000	0.0000
0.0000	0.0000	0.1663	0.0000	0.0000	0.0000	0.0000	0.8337	0.0000	0.0000	0.0000	0.0000
0.0000	0.0000	0.0240	0.0000	0.0000	0.0001	0.9661	0.0097	0.0000	0.0000	0.0000	0.0001
0.0000	0.0000	0.0000	0.0000	0.0000	0.0000	0.0000	0.0000	0.0000	0.0000	0.0000	1.0000
0.0000	0.0000	1.0000	0.0000	0.0000	0.0000	0.0000	0.0000	0.0000	0.0000	0.0000	0.0000
0.0000	0.0000	1.0000	0.0000	0.0000	0.0000	0.0000	0.0000	0.0000	0.0000	0.0000	0.0000
0.0000	0.0000	1.0000	0.0000	0.0000	0.0000	0.0000	0.0000	0.0000	0.0000	0.0000	0.0000
0.0000	0.0000	0.0000	0.0000	0.0000	0.0000	0.0000	0.0000	0.0000	0.0000	0.0000	1.0000
0.0000	0.0000	1.0000	0.0000	0.0000	0.0000	0.0000	0.0000	0.0000	0.0000	0.0000	0.0000
0.0000	0.0000	1.0000	0.0000	0.0000	0.0000	0.0000	0.0000	0.0000	0.0000	0.0000	0.0000
0.0000	0.0000	0.0000	0.0000	0.0000	0.0000	0.0000	0.0000	0.0000	0.0000	0.0000	1.0000
0.0000	0.0000	0.0000	0.0000	0.0000	0.0000	0.0000	0.0000	0.0000	0.0000	0.0000	1.0000
0.0000	0.0000	1.0000	0.0000	0.0000	0.0000	0.0000	0.0000	0.0000	0.0000	0.0000	0.0000
0.0000	0.0000	1.0000	0.0000	0.0000	0.0000	0.0000	0.0000	0.0000	0.0000	0.0000	0.0000
0.0000	0.0000	0.0000	0.0000	0.0000	0.0000	0.0000	0.0000	0.0000	0.0000	0.0000	1.0000
0.0000	0.0000	1.0000	0.0000	0.0000	0.0000	0.0000	0.0000	0.0000	0.0000	0.0000	0.0000
0.0000	0.0000	1.0000	0.0000	0.0000	0.0000	0.0000	0.0000	0.0000	0.0000	0.0000	0.0000
0.0000	0.0000	0.0000	0.0000	0.0000	0.0000	0.0000	0.0000	0.0000	0.0000	0.0000	1.0000
0.0000	0.0000	0.0000	0.0000	0.0000	0.0000	0.0000	0.0000	0.0000	0.0000	0.0000	1.0000
0.0000	0.0000	0.0000	0.0000	0.0000	0.0000	0.0000	0.0000	0.0000	0.0000	0.0000	1.0000
0.0000	0.0000	0.0000	0.0000	0.0000	0.0000	0.0000	0.0000	0.0000	0.0000	0.0000	1.0000
0.0000	0.0000	1.0000	0.0000	0.0000	0.0000	0.0000	0.0000	0.0000	0.0000	0.0000	0.0000
0.0000	0.0000	1.0000	0.0000	0.0000	0.0000	0.0000	0.0000	0.0000	0.0000	0.0000	0.0000
0.0000	0.0000	0.0000	0.0000	0.0000	0.0000	0.0000	0.0000	0.0000	0.0000	0.0000	1.0000
0.0000	0.0000	0.0000	0.0000	0.0000	0.0000	0.0000	0.0000	1.0000	0.0000	0.0000	0.0000
0.0000	0.0000	1.0000	0.0000	0.0000	0.0000	0.0000	0.0000	0.0000	0.0000	0.0000	0.0000
0.0000	0.0000	0.0000	0.0000	0.0000	0.0000	0.0000	0.0000	1.0000	0.0000	0.0000	0.0000
0.0000	0.0000	0.0072	0.0000	0.0000	0.0026	0.9901	0.0000	0.0000	0.0000	0.0000	0.0000
0.0000	0.0000	0.0000	0.0000	0.0000	0.0000	1.0000	0.0000	0.0000	0.0000	0.0000	0.0000
0.0000	0.0000	0.0000	0.0000	0.0000	0.0000	0.0000	0.0000	1.0000	0.0000	0.0000	0.0000
0.0000	0.0000	0.0000	0.0000	0.0000	0.0000	0.0000	0.0000	1.0000	0.0000	0.0000	0.0000
0.0000	0.0000	0.0000	0.0000	0.0000	0.0000	1.0000	0.0000	0.0000	0.0000	0.0000	0.0000
0.0000	0.0000	0.0000	0.0000	0.0000	0.0000	0.0000	0.0000	1.0000	0.0000	0.0000	0.0000
0.0000	0.0000	1.0000	0.0000	0.0000	0.0000	0.0000	0.0000	0.0000	0.0000	0.0000	0.0000
0.0000	0.0000	0.0000	0.0000	0.0000	0.0000	1.0000	0.0000	0.0000	0.0000	0.0000	0.0000
0.0000	0.0000	0.0000	0.0000	0.0000	0.0000	0.0000	0.0000	1.0000	0.0000	0.0000	0.0000
0.0000	0.0000	0.0000	0.0000	0.0000	0.0000	1.0000	0.0000	0.0000	0.0000	0.0000	0.0000
0.0000	0.0000	0.0000	0.0000	0.0000	0.0000	1.0000	0.0000	0.0000	0.0000	0.0000	0.0000
0.0000	0.0000	1.0000	0.0000	0.0000	0.0000	0.0000	0.0000	0.0000	0.0000	0.0000	0.0000
0.0000	0.0000	1.0000	0.0000	0.0000	0.0000	0.0000	0.0000	0.0000	0.0000	0.0000	0.0000
0.0000	0.0000	0.0000	0.0000	0.0000	0.0000	0.0000	0.0000	1.0000	0.0000	0.0000	0.0000
0.0000	0.0000	0.0306	0.0000	0.0000	0.0000	0.9694	0.0000	0.0000	0.0000	0.0000	0.0000
0.0000	0.0000	0.0000	0.0000	0.0000	0.0000	0.0000	0.0000	1.0000	0.0000	0.0000	0.0000
0.0000	0.0000	0.0000	0.0000	0.0000	0.0000	1.0000	0.0000	0.0000	0.0000	0.0000	0.0000
0.0000	0.0000	0.0000	0.0000	0.0000	0.0000	1.0000	0.0000	0.0000	0.0000	0.0000	0.0000
0.0000	0.0000	0.0000	0.0000	0.0000	0.0000	0.0000	0.0000	1.0000	0.0000	0.0000	0.0000
0.0000	0.0000	0.0000	0.0000	0.0000	0.0000	0.0000	0.0000	1.0000	0.0000	0.0000	0.0000
0.0000	0.0000	0.0000	0.0000	0.0000	0.0000	0.0000	0.0000	1.0000	0.0000	0.0000	0.0000
0.0000	0.0000	0.0000	0.0000	0.0000	0.0000	0.0000	0.0000	1.0000	0.0000	0.0000	0.0000
0.0000	0.0000	1.0000	0.0000	0.0000	0.0000	0.0000	0.0000	0.0000	0.0000	0.0000	0.0000
0.0000	0.0000	0.0000	0.0000	0.0000	0.0000	1.0000	0.0000	0.0000	0.0000	0.0000	0.0000
