0.0014	0.0000	0.0000	0.0000	0.0000	0.0000	0.0000	0.0000	0.4338	0.5619	0.0026	0.0003
0.0000	0.0001	0.0000	0.0000	0.0000	0.0000	0.0021	0.9978	0.0000	0.0000	0.0000	0.0000
0.0005	0.0000	0.0000	0.0014	0.0000	0.0000	0.0000	0.0000	0.0014	0.9967	0.0000	0.0000
0.0582	0.0000	0.0000	0.0080	0.0000	0.0001	0.0016	0.0000	0.0139	0.8852	0.0248	0.0083
0.0000	0.0000	0.0000	0.0000	0.0000	0.0000	0.0000	1.0000	0.0000	0.0000	0.0000	0.0000
0.0000	0.0000	0.0004	0.0000	0.0000	0.0000	0.5242	0.0008	0.0002	0.0028	0.0000	0.4716
0.0000	0.4474	0.2878	0.0000	0.0000	0.2642	0.0005	0.0001	0.0000	0.0000	0.0000	0.0000
0.0000	0.0000	0.0000	0.0000	0.0000	0.0000	0.0015	0.9985	0.0000	0.0000	0.0000	0.0000
0.0102	0.0000	0.0000	0.0005	0.0000	0.0000	0.0001	0.0000	0.0037	0.9854	0.0000	0.0000
0.0000	0.0000	0.0000	0.0000	0.0000	0.0000	0.0000	0.0000	0.0000	1.0000	0.0000	0.0000
0.1304	0.0000	0.0000	0.0002	0.0001	0.0000	0.0003	0.0000	0.0003	0.0251	0.8341	0.0094
0.9931	0.0000	0.0000	0.0000	0.0000	0.0003	0.0005	0.0000	0.0049	0.0011	0.0001	0.0000
0.0000	0.0000	0.0006	0.0000	0.0000	0.0000	0.0999	0.8757	0.0000	0.0000	0.0000	0.0238
0.0007	0.1640	0.3433	0.0000	0.0014	0.4489	0.0106	0.0137	0.0000	0.0000	0.0001	0.0173
0.0001	0.0003	0.0105	0.0000	0.0000	0.0043	0.5171	0.4546	0.0000	0.0000	0.0000	0.0131
0.0000	0.0000	0.0000	0.0000	0.0000	0.0000	0.0553	0.0000	0.0000	0.0028	0.0004	0.9416
0.0000	0.0000	0.0000	0.0000	0.0000	0.0000	0.0244	0.0000	0.0004	0.0784	0.0017	0.8950
0.0001	0.0001	0.0009	0.0000	0.0000	0.0000	0.7795	0.2144	0.0000	0.0002	0.0000	0.0048
0.0015	0.0232	0.0499	0.0000	0.0002	0.0103	0.4541	0.4445	0.0000	0.0003	0.0001	0.0159
0.0000	0.5614	0.0036	0.0000	0.0000	0.0002	0.0023	0.4324	0.0000	0.0000	0.0000	0.0000
0.0109	0.0000	0.0005	0.0003	0.0000	0.9849	0.0026	0.0000	0.0007	0.0001	0.0000	0.0000
0.0014	0.0001	0.0146	0.0000	0.0000	0.0004	0.8915	0.0091	0.0002	0.0005	0.0004	0.0820
0.0018	0.0003	0.1183	0.0000	0.0000	0.0035	0.8466	0.0015	0.0005	0.0001	0.0002	0.0272
0.9986	0.0000	0.0000	0.0001	0.0000	0.0005	0.0000	0.0000	0.0003	0.0005	0.0000	0.0000
0.0000	0.0000	0.0000	0.0000	0.0000	0.0000	0.0000	0.0000	1.0000	0.0000	0.0000	0.0000
0.0004	0.0332	0.0451	0.0000	0.0009	0.0441	0.0251	0.7671	0.0000	0.0001	0.0001	0.0839
0.0000	0.0000	0.0000	0.0000	0.0000	0.0000	0.0000	1.0000	0.0000	0.0000	0.0000	0.0000
0.0000	0.0000	0.0000	0.0000	0.0000	0.0000	0.0000	0.0000	0.0000	0.0000	0.0007	0.9993
0.0008	0.2385	0.0504	0.0000	0.0006	0.6915	0.0034	0.0133	0.0000	0.0000	0.0000	0.0014
0.0000	0.0000	0.0000	0.0000	0.0000	0.0000	0.9474	0.0525	0.0000	0.0000	0.0000	0.0001
0.1033	0.0016	0.0195	0.0066	0.0060	0.4404	0.1543	0.0294	0.0022	0.0430	0.0129	0.1808
0.0000	0.7125	0.1785	0.0000	0.0000	0.1084	0.0004	0.0002	0.0000	0.0000	0.0000	0.0000
0.0000	0.0000	0.0000	1.0000	0.0000	0.0000	0.0000	0.0000	0.0000	0.0000	0.0000	0.0000
0.6645	0.0000	0.0000	0.0046	0.0000	0.0000	0.0000	0.0000	0.0000	0.2411	0.0898	0.0000
0.0000	0.0000	0.0000	0.0000	0.0000	0.0000	0.0060	0.9939	0.0000	0.0000	0.0000	0.0002
0.0079	0.0007	0.0160	0.0004	0.0023	0.0264	0.1633	0.0951	0.0002	0.0099	0.0027	0.6751
0.0000	0.0000	0.0000	0.0000	0.0000	0.0000	0.0000	0.0000	1.0000	0.0000	0.0000	0.0000
0.0002	0.4540	0.2200	0.0000	0.0001	0.3209	0.0039	0.0007	0.0000	0.0000	0.0000	0.0002
0.0058	0.0000	0.0004	0.0000	0.0000	0.0012	0.9880	0.0001	0.0014	0.0014	0.0000	0.0015
0.0030	0.0000	0.0000	0.2563	0.0000	0.0000	0.0000	0.0000	0.0008	0.7379	0.0016	0.0003
0.0004	0.0000	0.0000	0.0041	0.0000	0.0000	0.0000	0.0000	0.0003	0.9950	0.0001	0.0001
0.9994	0.0000	0.0000	0.0000	0.0000	0.0000	0.0000	0.0000	0.0006	0.0000	0.0000	0.0000
0.0000	0.0000	0.0001	0.0000	0.0000	0.0000	0.8097	0.0122	0.0000	0.0007	0.0000	0.1772
0.0283	0.0000	0.0000	0.0000	0.0000	0.0000	0.0000	0.0000	0.3971	0.5352	0.0390	0.0003
0.3766	0.0000	0.0007	0.0101	0.0003	0.0324	0.0550	0.0001	0.0931	0.2602	0.0127	0.1587
0.0017	0.0001	0.0005	0.0000	0.0000	0.9975	0.0001	0.0000	0.0000	0.0000	0.0000	0.0000
0.0000	0.0000	0.0005	0.0000	0.0000	0.0000	0.1739	0.0737	0.0000	0.0009	0.0001	0.7508
1.0000	0.0000	0.0000	0.0000	0.0000	0.0000	0.0000	0.0000	0.0000	0.0000	0.0000	0.0000
0.0018	0.0000	0.0000	0.0000	0.0000	0.0000	0.0000	0.0000	0.9982	0.0000	0.0000	0.0000
0.0000	0.0000	0.0006	0.0000	0.0000	0.0000	0.9853	0.0102	0.0000	0.0000	0.0000	0.0039
0.0005	0.0000	0.0000	0.0025	0.0000	0.0000	0.0007	0.0000	0.0015	0.9938	0.0002	0.0008
0.0000	0.0000	0.0000	0.0000	0.0000	0.0000	0.0000	0.0000	0.0000	1.0000	0.0000	0.0000
0.0000	0.4473	0.2059	0.0000	0.0000	0.3462	0.0004	0.0001	0.0000	0.0000	0.0000	0.0000
0.0000	0.0000	0.0000	0.0000	0.0000	1.0000	0.0000	0.0000	0.0000	0.0000	0.0000	0.0000
0.0000	0.2037	0.1231	0.0000	0.0000	0.6730	0.0001	0.0000	0.0000	0.0000	0.0000	0.0000
0.0000	0.0168	0.0001	0.0000	0.0000	0.0000	0.0001	0.9830	0.0000	0.0000	0.0000	0.0000
0.0006	0.0000	0.0001	0.0000	0.0000	0.0001	0.9854	0.0011	0.0000	0.0039	0.0000	0.0088
0.0000	0.0000	0.0000	0.0000	0.0000	0.0000	0.0000	0.0000	1.0000	0.0000	0.0000	0.0000
0.0758	0.0159	0.6666	0.0001	0.0003	0.0194	0.1155	0.0247	0.0002	0.0004	0.0071	0.0741
0.0001	0.0000	0.0001	0.0000	0.0000	0.0000	0.9865	0.0074	0.0000	0.0006	0.0000	0.0053
0.0016	0.0003	0.0262	0.0000	0.0001	0.0040	0.4289	0.2385	0.0000	0.0011	0.0004	0.2988
0.0000	0.0000	0.0000	0.0000	0.0000	0.0000	0.0019	0.0000	0.0000	0.0001	0.0000	0.9980
0.0000	0.0000	0.0000	0.0000	0.0000	0.0000	0.0000	0.0000	1.0000	0.0000	0.0000	0.0000
0.0001	0.0000	0.0000	0.0002	0.0000	0.0000	0.0000	0.0000	0.0000	0.9651	0.0343	0.0003
0.0285	0.0000	0.0011	0.0011	0.0000	0.8697	0.0711	0.0000	0.0250	0.0030	0.0000	0.0004
0.0001	0.0000	0.0004	0.0000	0.0000	0.0000	0.0549	0.0005	0.0001	0.0032	0.0001	0.9409
0.0000	0.0000	0.0000	0.0000	0.0000	0.0000	0.0103	0.0000	0.9551	0.0346	0.0000	0.0000
0.0000	0.0000	0.0000	0.0000	0.0000	0.0000	0.0001	0.9959	0.0000	0.0000	0.0000	0.0040
0.0000	0.0000	0.0000	0.0000	0.0000	0.0000	0.0000	0.0000	0.0000	0.0000	0.0216	0.9784
0.0001	0.0002	0.0028	0.0000	0.0000	0.9967	0.0000	0.0000	0.0000	0.0000	0.0000	0.0001
0.0116	0.0000	0.0000	0.0000	0.0000	0.0000	0.0000	0.0000	0.9884	0.0000	0.0000	0.0000
0.0000	0.0000	0.0000	0.0000	0.0000	0.0000	1.0000	0.0000	0.0000	0.0000	0.0000	0.0000
0.0097	0.0000	0.0000	0.0000	0.0000	0.0000	0.0000	0.0000	0.9903	0.0000	0.0000	0.0000
0.0002	0.0349	0.3254	0.0000	0.0000	0.6353	0.0033	0.0002	0.0000	0.0000	0.0000	0.0007
0.0001	0.0000	0.0000	0.0000	0.0000	0.0000	0.9853	0.0000	0.0000	0.0000	0.0000	0.0146
0.0001	0.0084	0.1362	0.0000	0.0000	0.8548	0.0004	0.0000	0.0000	0.0000	0.0000	0.0001
0.3155	0.0000	0.0000	0.0000	0.0000	0.6792	0.0001	0.0000	0.0051	0.0000	0.0000	0.0000
0.9998	0.0000	0.0000	0.0000	0.0000	0.0000	0.0000	0.0000	0.0001	0.0000	0.0001	0.0000
1.0000	0.0000	0.0000	0.0000	0.0000	0.0000	0.0000	0.0000	0.0000	0.0000	0.0000	0.0000
0.0000	0.0000	0.0000	0.0000	0.0000	0.0000	0.9805	0.0001	0.0001	0.0005	0.0000	0.0188
0.3946	0.0000	0.0000	0.4812	0.0000	0.0005	0.0001	0.0000	0.0104	0.1085	0.0045	0.0002
0.0004	0.0000	0.0000	0.0000	0.0000	0.0000	0.2985	0.0000	0.0124	0.5266	0.0002	0.1619
0.0000	0.8030	0.1668	0.0000	0.0000	0.0012	0.0061	0.0228	0.0000	0.0000	0.0000	0.0001
0.0000	0.0000	0.0320	0.0000	0.0000	0.0000	0.0008	0.9639	0.0000	0.0000	0.0000	0.0033
0.0000	0.0000	0.0008	0.0000	0.0000	0.0000	0.9988	0.0002	0.0000	0.0000	0.0000	0.0002
0.0000	0.0000	0.0000	0.0000	0.0000	0.0000	0.0000	0.0000	0.0000	0.0000	0.0000	1.0000
0.0000	0.0000	1.0000	0.0000	0.0000	0.0000	0.0000	0.0000	0.0000	0.0000	0.0000	0.0000
0.0000	0.0000	1.0000	0.0000	0.0000	0.0000	0.0000	0.0000	0.0000	0.0000	0.0000	0.0000
0.0000	0.0000	1.0000	0.0000	0.0000	0.0000	0.0000	0.0000	0.0000	0.0000	0.0000	0.0000
0.0000	0.0000	0.0000	0.0000	0.0000	0.0000	0.0000	0.0000	0.0000	0.0000	0.0000	1.0000
0.0000	0.0000	1.0000	0.0000	0.0000	0.0000	0.0000	0.0000	0.0000	0.0000	0.0000	0.0000
0.0000	0.0000	1.0000	0.0000	0.0000	0.0000	0.0000	0.0000	0.0000	0.0000	0.0000	0.0000
0.0000	0.0000	0.0000	0.0000	0.0000	0.0000	0.0000	0.0000	0.0000	0.0000	0.0000	1.0000
0.0000	0.0000	0.0000	0.0000	0.0000	0.0000	0.0000	0.0000	0.0000	0.0000	0.0000	1.0000
0.0000	0.0000	1.0000	0.0000	0.0000	0.0000	0.0000	0.0000	0.0000	0.0000	0.0000	0.0000
0.0000	0.0000	1.0000	0.0000	0.0000	0.0000	0.0000	0.0000	0.0000	0.0000	0.0000	0.0000
0.0000	0.0000	0.0000	0.0000	0.0000	0.0000	0.0000	0.0000	0.0000	0.0000	0.0000	1.0000
0.0000	0.0000	1.0000	0.0000	0.0000	0.0000	0.0000	0.0000	0.0000	0.0000	0.0000	0.0000
0.0000	0.0000	1.0000	0.0000	0.0000	0.0000	0.0000	0.0000	0.0000	0.0000	0.0000	0.0000
0.0000	0.0000	0.0000	0.0000	0.0000	0.0000	0.0000	0.0000	0.0000	0.0000	0.0000	1.0000
0.0000	0.0000	0.0000	0.0000	0.0000	0.0000	0.0000	0.0000	0.0000	0.0000	0.0000	1.0000
0.0000	0.0000	0.0000	0.0000	0.0000	0.0000	0.0000	0.0000	0.0000	0.0000	0.0000	1.0000
0.0000	0.0000	0.0000	0.0000	0.0000	0.0000	0.0000	0.0000	0.0000	0.0000	0.0000	1.0000
0.0000	0.0000	1.0000	0.0000	0.0000	0.0000	0.0000	0.0000	0.0000	0.0000	0.0000	0.0000
0.0000	0.0000	1.0000	0.0000	0.0000	0.0000	0.0000	0.0000	0.0000	0.0000	0.0000	0.0000
0.0000	0.0000	0.0000	0.0000	0.0000	0.0000	0.0000	0.0000	0.0000	0.0000	0.0000	1.0000
0.0000	0.0000	0.0000	0.0000	0.0000	0.0000	0.0000	0.0000	1.0000	0.0000	0.0000	0.0000
0.0000	0.0000	1.0000	0.0000	0.0000	0.0000	0.0000	0.0000	0.0000	0.0000	0.0000	0.0000
0.0000	0.0000	0.0000	0.0000	0.0000	0.0000	0.0000	0.0000	1.0000	0.0000	0.0000	0.0000
0.0000	0.0000	0.0000	0.0000	0.0000	0.0000	1.0000	0.0000	0.0000	0.0000	0.0000	0.0000
0.0000	0.0000	0.0000	0.0000	0.0000	0.0000	1.0000	0.0000	0.0000	0.0000	0.0000	0.0000
0.0000	0.0000	0.0000	0.0000	0.0000	0.0000	0.0000	0.0000	1.0000	0.0000	0.0000	0.0000
0.0000	0.0000	0.0000	0.0000	0.0000	0.0000	0.0000	0.0000	1.0000	0.0000	0.0000	0.0000
0.0000	0.0000	0.0000	0.0000	0.0000	0.0000	1.0000	0.0000	0.0000	0.0000	0.0000	0.0000
0.0000	0.0000	0.0000	0.0000	0.0000	0.0000	0.0000	0.0000	1.0000	0.0000	0.0000	0.0000
0.0000	0.0000	0.9993	0.0000	0.0000	0.0000	0.0007	0.0000	0.0000	0.0000	0.0000	0.0000
0.0000	0.0000	0.0000	0.0000	0.0000	0.0000	1.0000	0.0000	0.0000	0.0000	0.0000	0.0000
0.0000	0.0000	0.0000	0.0000	0.0000	0.0000	0.0000	0.0000	1.0000	0.0000	0.0000	0.0000
0.0000	0.0000	0.0000	0.0000	0.0000	0.0000	1.0000	0.0000	0.0000	0.0000	0.0000	0.0000
0.0000	0.0000	0.0000	0.0000	0.0000	0.0000	1.0000	0.0000	0.0000	0.0000	0.0000	0.0000
0.0000	0.0000	0.9766	0.0000	0.0000	0.0000	0.0234	0.0000	0.0000	0.0000	0.0000	0.0000
0.0000	0.0000	0.9909	0.0000	0.0000	0.0000	0.0091	0.0000	0.0000	0.0000	0.0000	0.0000
0.0000	0.0000	0.0000	0.0000	0.0000	0.0000	0.0000	0.0000	1.0000	0.0000	0.0000	0.0000
0.0000	0.0000	0.0003	0.0000	0.0000	0.0000	0.9997	0.0000	0.0000	0.0000	0.0000	0.0000
0.0000	0.0000	0.0000	0.0000	0.0000	0.0000	0.0000	0.0000	1.0000	0.0000	0.0000	0.0000
0.0000	0.0000	0.0000	0.0000	0.0000	0.0000	1.0000	0.0000	0.0000	0.0000	0.0000	0.0000
0.0000	0.0000	0.0000	0.0000	0.0000	0.0000	1.0000	0.0000	0.0000	0.0000	0.0000	0.0000
0.0000	0.0000	0.0000	0.0000	0.0000	0.0000	0.0000	0.0000	1.0000	0.0000	0.0000	0.0000
0.0000	0.0000	0.0000	0.0000	0.0000	0.0000	0.0000	0.0000	1.0000	0.0000	0.0000	0.0000
0.0000	0.0000	0.0000	0.0000	0.0000	0.0000	0.0000	0.0000	1.0000	0.0000	0.0000	0.0000
0.0000	0.0000	0.0000	0.0000	0.0000	0.0000	0.0000	0.0000	1.0000	0.0000	0.0000	0.0000
0.0000	0.0000	1.0000	0.0000	0.0000	0.0000	0.0000	0.0000	0.0000	0.0000	0.0000	0.0000
0.0000	0.0000	0.0000	0.0000	0.0000	0.0000	1.0000	0.0000	0.0000	0.0000	0.0000	0.0000
