0.0003	0.0000	0.0000	0.0000	0.0000	0.0000	0.0001	0.0000	0.7769	0.2215	0.0000	0.0012
0.0000	0.0002	0.0001	0.0000	0.0000	0.0000	0.0009	0.9988	0.0000	0.0000	0.0000	0.0000
0.0000	0.0000	0.0000	0.0000	0.0000	0.0000	0.0000	0.0000	0.0001	0.9998	0.0000	0.0001
0.0117	0.0000	0.0000	0.0011	0.0000	0.0001	0.0002	0.0000	0.0004	0.9268	0.0420	0.0175
0.0000	0.0000	0.0000	0.0000	0.0000	0.0000	0.0000	1.0000	0.0000	0.0000	0.0000	0.0000
0.0001	0.0000	0.0003	0.0000	0.0000	0.0001	0.6525	0.0058	0.0020	0.0150	0.0000	0.3242
0.0000	0.3121	0.6300	0.0000	0.0000	0.0569	0.0007	0.0002	0.0000	0.0000	0.0000	0.0000
0.0000	0.0000	0.0000	0.0000	0.0000	0.0000	0.0000	1.0000	0.0000	0.0000	0.0000	0.0000
0.0014	0.0000	0.0000	0.0001	0.0000	0.0000	0.0000	0.0000	0.0001	0.9985	0.0000	0.0000
0.0000	0.0000	0.0000	0.0000	0.0000	0.0000	0.0000	0.0000	0.0000	1.0000	0.0000	0.0000
0.0061	0.0000	0.0000	0.0000	0.0000	0.0001	0.0000	0.0000	0.0000	0.0024	0.9759	0.0155
0.9987	0.0000	0.0001	0.0000	0.0000	0.0005	0.0000	0.0000	0.0001	0.0004	0.0001	0.0001
0.0000	0.0000	0.0000	0.0000	0.0000	0.0000	0.0027	0.9971	0.0000	0.0000	0.0000	0.0002
0.0001	0.4862	0.4370	0.0000	0.0000	0.0513	0.0063	0.0166	0.0000	0.0000	0.0001	0.0023
0.0000	0.0001	0.0002	0.0000	0.0000	0.0000	0.0091	0.9905	0.0000	0.0000	0.0000	0.0001
0.0000	0.0000	0.0000	0.0000	0.0000	0.0000	0.0009	0.0000	0.0000	0.0528	0.0000	0.9463
0.0000	0.0000	0.0000	0.0000	0.0000	0.0000	0.0004	0.0000	0.0000	0.2378	0.0000	0.7618
0.0000	0.0006	0.0023	0.0000	0.0000	0.0001	0.1852	0.7799	0.0000	0.0012	0.0001	0.0306
0.0001	0.0674	0.0532	0.0000	0.0000	0.0015	0.0661	0.7968	0.0000	0.0002	0.0003	0.0143
0.0000	0.9965	0.0013	0.0000	0.0000	0.0000	0.0000	0.0022	0.0000	0.0000	0.0000	0.0000
0.0009	0.0000	0.0001	0.0000	0.0000	0.9960	0.0026	0.0000	0.0001	0.0002	0.0000	0.0000
0.0006	0.0003	0.0130	0.0000	0.0000	0.0015	0.5036	0.1209	0.0004	0.0060	0.0007	0.3530
0.0020	0.0028	0.2416	0.0000	0.0000	0.0428	0.6781	0.0088	0.0009	0.0002	0.0001	0.0226
0.9825	0.0000	0.0000	0.0000	0.0000	0.0159	0.0001	0.0000	0.0001	0.0012	0.0001	0.0000
0.0000	0.0000	0.0000	0.0000	0.0000	0.0000	0.0000	0.0000	1.0000	0.0000	0.0000	0.0000
0.0004	0.1930	0.1661	0.0000	0.0000	0.0516	0.0588	0.4812	0.0000	0.0004	0.0010	0.0474
0.0000	0.0000	0.0000	0.0000	0.0000	0.0000	0.0001	0.9999	0.0000	0.0000	0.0000	0.0000
0.0003	0.0000	0.0000	0.0000	0.0000	0.0000	0.0000	0.0000	0.0000	0.0000	0.2973	0.7024
0.0004	0.0777	0.0197	0.0000	0.0001	0.9004	0.0009	0.0003	0.0000	0.0000	0.0002	0.0001
0.0000	0.0000	0.0000	0.0000	0.0000	0.0000	0.9963	0.0037	0.0000	0.0000	0.0000	0.0000
0.0164	0.0012	0.0050	0.0029	0.0014	0.2991	0.1348	0.0381	0.0019	0.3559	0.0594	0.0840
0.0000	0.5543	0.4208	0.0000	0.0000	0.0238	0.0007	0.0004	0.0000	0.0000	0.0000	0.0000
0.0000	0.0000	0.0000	1.0000	0.0000	0.0000	0.0000	0.0000	0.0000	0.0000	0.0000	0.0000
0.0137	0.0000	0.0000	0.0000	0.0000	0.0000	0.0000	0.0000	0.0000	0.0000	0.9863	0.0000
0.0000	0.0000	0.0000	0.0000	0.0000	0.0000	0.0001	0.9999	0.0000	0.0000	0.0000	0.0000
0.0035	0.0019	0.0145	0.0005	0.0003	0.0065	0.1441	0.1085	0.0004	0.0677	0.0132	0.6389
0.0000	0.0000	0.0000	0.0000	0.0000	0.0000	0.0000	0.0000	1.0000	0.0000	0.0000	0.0000
0.0001	0.4896	0.2604	0.0000	0.0001	0.2461	0.0031	0.0005	0.0000	0.0000	0.0000	0.0001
0.0001	0.0000	0.0008	0.0000	0.0000	0.0006	0.9970	0.0002	0.0002	0.0003	0.0000	0.0008
0.0034	0.0000	0.0000	0.9298	0.0000	0.0000	0.0000	0.0000	0.0000	0.0663	0.0005	0.0000
0.0094	0.0000	0.0000	0.0955	0.0000	0.0000	0.0000	0.0000	0.0000	0.8947	0.0004	0.0000
1.0000	0.0000	0.0000	0.0000	0.0000	0.0000	0.0000	0.0000	0.0000	0.0000	0.0000	0.0000
0.0000	0.0000	0.0002	0.0000	0.0000	0.0000	0.6505	0.2646	0.0000	0.0044	0.0000	0.0803
0.0127	0.0000	0.0000	0.0001	0.0000	0.0000	0.0000	0.0000	0.6317	0.3543	0.0000	0.0011
0.1347	0.0000	0.0002	0.0056	0.0002	0.0100	0.0118	0.0000	0.0254	0.6931	0.0111	0.1078
0.0008	0.0002	0.0004	0.0000	0.0000	0.9977	0.0003	0.0000	0.0000	0.0001	0.0003	0.0000
0.0000	0.0000	0.0005	0.0000	0.0000	0.0000	0.0538	0.3471	0.0000	0.0158	0.0008	0.5820
1.0000	0.0000	0.0000	0.0000	0.0000	0.0000	0.0000	0.0000	0.0000	0.0000	0.0000	0.0000
0.0004	0.0000	0.0000	0.0000	0.0000	0.0000	0.0000	0.0000	0.9996	0.0000	0.0000	0.0000
0.0000	0.0000	0.0064	0.0000	0.0000	0.0000	0.8458	0.1449	0.0000	0.0000	0.0000	0.0029
0.0001	0.0000	0.0000	0.0001	0.0000	0.0000	0.0001	0.0000	0.0000	0.9987	0.0003	0.0007
0.0000	0.0000	0.0000	0.0000	0.0000	0.0000	0.0000	0.0000	0.0000	1.0000	0.0000	0.0000
0.0000	0.4478	0.4429	0.0000	0.0000	0.1080	0.0010	0.0002	0.0000	0.0000	0.0000	0.0000
0.0000	0.0000	0.0000	0.0000	0.0000	1.0000	0.0000	0.0000	0.0000	0.0000	0.0000	0.0000
0.0000	0.4440	0.3174	0.0000	0.0000	0.2382	0.0004	0.0001	0.0000	0.0000	0.0000	0.0000
0.0000	0.0015	0.0000	0.0000	0.0000	0.0000	0.0000	0.9985	0.0000	0.0000	0.0000	0.0000
0.0000	0.0000	0.0001	0.0000	0.0000	0.0007	0.9019	0.0858	0.0000	0.0096	0.0000	0.0019
0.0000	0.0000	0.0000	0.0000	0.0000	0.0000	0.0000	0.0000	1.0000	0.0000	0.0000	0.0000
0.0011	0.7311	0.2593	0.0000	0.0000	0.0008	0.0002	0.0055	0.0000	0.0000	0.0004	0.0016
0.0000	0.0000	0.0002	0.0000	0.0000	0.0000	0.7617	0.2365	0.0000	0.0002	0.0000	0.0013
0.0000	0.0018	0.0090	0.0000	0.0000	0.0007	0.1170	0.8597	0.0000	0.0003	0.0001	0.0114
0.0000	0.0000	0.0000	0.0000	0.0000	0.0000	0.0000	0.0000	0.0000	0.0001	0.0000	0.9999
0.0000	0.0000	0.0000	0.0000	0.0000	0.0000	0.0000	0.0000	1.0000	0.0000	0.0000	0.0000
0.0000	0.0000	0.0000	0.0000	0.0000	0.0000	0.0000	0.0000	0.0000	0.9980	0.0020	0.0000
0.0016	0.0000	0.0003	0.0000	0.0000	0.9006	0.0937	0.0000	0.0023	0.0014	0.0000	0.0001
0.0000	0.0000	0.0002	0.0000	0.0000	0.0000	0.0660	0.0008	0.0001	0.0035	0.0000	0.9292
0.0000	0.0000	0.0000	0.0000	0.0000	0.0000	0.1150	0.0000	0.8697	0.0153	0.0000	0.0000
0.0000	0.0000	0.0000	0.0000	0.0000	0.0000	0.0000	0.9276	0.0000	0.0000	0.0000	0.0723
0.0395	0.0000	0.0000	0.0000	0.0000	0.0000	0.0000	0.0000	0.0000	0.0000	0.4059	0.5546
0.0000	0.0001	0.0006	0.0000	0.0000	0.9993	0.0000	0.0000	0.0000	0.0000	0.0000	0.0000
0.0529	0.0000	0.0000	0.0000	0.0000	0.0000	0.0000	0.0000	0.9471	0.0000	0.0000	0.0000
0.0000	0.0000	0.0000	0.0000	0.0000	0.0000	0.7266	0.2734	0.0000	0.0000	0.0000	0.0000
0.0347	0.0000	0.0000	0.0000	0.0000	0.0000	0.0000	0.0000	0.9648	0.0005	0.0000	0.0000
0.0001	0.0255	0.6786	0.0000	0.0000	0.2922	0.0033	0.0002	0.0000	0.0000	0.0000	0.0002
0.0011	0.0000	0.0002	0.0000	0.0000	0.0089	0.7162	0.0014	0.0003	0.0710	0.0008	0.2001
0.0000	0.0022	0.1259	0.0000	0.0000	0.8716	0.0003	0.0000	0.0000	0.0000	0.0000	0.0000
0.0026	0.0000	0.0000	0.0000	0.0000	0.9973	0.0000	0.0000	0.0001	0.0000	0.0000	0.0000
1.0000	0.0000	0.0000	0.0000	0.0000	0.0000	0.0000	0.0000	0.0000	0.0000	0.0000	0.0000
1.0000	0.0000	0.0000	0.0000	0.0000	0.0000	0.0000	0.0000	0.0000	0.0000	0.0000	0.0000
0.0000	0.0000	0.0000	0.0000	0.0000	0.0000	0.9956	0.0003	0.0000	0.0001	0.0000	0.0041
0.4386	0.0000	0.0000	0.5212	0.0001	0.0000	0.0000	0.0000	0.0003	0.0311	0.0083	0.0003
0.0002	0.0000	0.0000	0.0000	0.0000	0.0000	0.0242	0.0000	0.0136	0.7982	0.0000	0.1637
0.0000	0.7145	0.2777	0.0000	0.0000	0.0001	0.0008	0.0069	0.0000	0.0000	0.0000	0.0000
0.0000	0.0000	0.9997	0.0000	0.0000	0.0000	0.0000	0.0003	0.0000	0.0000	0.0000	0.0000
0.0000	0.0000	0.0043	0.0000	0.0000	0.0000	0.9934	0.0021	0.0000	0.0000	0.0000	0.0002
0.0000	0.0000	0.0000	0.0000	0.0000	0.0000	0.0000	0.0000	0.0000	0.0000	0.0000	1.0000
0.0000	0.0000	1.0000	0.0000	0.0000	0.0000	0.0000	0.0000	0.0000	0.0000	0.0000	0.0000
0.0000	0.0000	1.0000	0.0000	0.0000	0.0000	0.0000	0.0000	0.0000	0.0000	0.0000	0.0000
0.0000	0.0000	0.9999	0.0000	0.0000	0.0000	0.0000	0.0000	0.0000	0.0000	0.0000	0.0001
0.0000	0.0000	0.0000	0.0000	0.0000	0.0000	0.0000	0.0000	0.0000	0.0000	0.0000	1.0000
0.0000	0.0000	1.0000	0.0000	0.0000	0.0000	0.0000	0.0000	0.0000	0.0000	0.0000	0.0000
0.0000	0.0000	1.0000	0.0000	0.0000	0.0000	0.0000	0.0000	0.0000	0.0000	0.0000	0.0000
0.0000	0.0000	0.0000	0.0000	0.0000	0.0000	0.0000	0.0000	0.0000	0.0000	0.0000	1.0000
0.0000	0.0000	0.0000	0.0000	0.0000	0.0000	0.0000	0.0000	0.0000	0.0000	0.0000	1.0000
0.0000	0.0000	1.0000	0.0000	0.0000	0.0000	0.0000	0.0000	0.0000	0.0000	0.0000	0.0000
0.0000	0.0000	1.0000	0.0000	0.0000	0.0000	0.0000	0.0000	0.0000	0.0000	0.0000	0.0000
0.0000	0.0000	0.0000	0.0000	0.0000	0.0000	0.0000	0.0000	0.0000	0.0000	0.0000	1.0000
0.0000	0.0000	1.0000	0.0000	0.0000	0.0000	0.0000	0.0000	0.0000	0.0000	0.0000	0.0000
0.0000	0.0000	1.0000	0.0000	0.0000	0.0000	0.0000	0.0000	0.0000	0.0000	0.0000	0.0000
0.0000	0.0000	0.0000	0.0000	0.0000	0.0000	0.0000	0.0000	0.0000	0.0000	0.0000	1.0000
0.0000	0.0000	0.0000	0.0000	0.0000	0.0000	0.0000	0.0000	0.0000	0.0000	0.0000	1.0000
0.0000	0.0000	0.0000	0.0000	0.0000	0.0000	0.0000	0.0000	0.0000	0.0000	0.0000	1.0000
0.0000	0.0000	0.0000	0.0000	0.0000	0.0000	0.0000	0.0000	0.0000	0.0000	0.0000	1.0000
0.0000	0.0000	1.0000	0.0000	0.0000	0.0000	0.0000	0.0000	0.0000	0.0000	0.0000	0.0000
0.0000	0.0000	1.0000	0.0000	0.0000	0.0000	0.0000	0.0000	0.0000	0.0000	0.0000	0.0000
0.0000	0.0000	0.0000	0.0000	0.0000	0.0000	0.0000	0.0000	0.0000	0.0000	0.0000	1.0000
0.0000	0.0000	0.0000	0.0000	0.0000	0.0000	0.0000	0.0000	1.0000	0.0000	0.0000	0.0000
0.0000	0.0000	1.0000	0.0000	0.0000	0.0000	0.0000	0.0000	0.0000	0.0000	0.0000	0.0000
0.0000	0.0000	0.0000	0.0000	0.0000	0.0000	0.0000	0.0000	1.0000	0.0000	0.0000	0.0000
0.0000	0.0000	0.0001	0.0000	0.0000	0.0125	0.9874	0.0000	0.0000	0.0000	0.0000	0.0000
0.0000	0.0000	0.0000	0.0000	0.0000	0.0000	1.0000	0.0000	0.0000	0.0000	0.0000	0.0000
0.0000	0.0000	0.0000	0.0000	0.0000	0.0000	0.0000	0.0000	1.0000	0.0000	0.0000	0.0000
0.0000	0.0000	0.0000	0.0000	0.0000	0.0000	0.0000	0.0000	1.0000	0.0000	0.0000	0.0000
0.0000	0.0000	0.0000	0.0000	0.0000	0.0000	1.0000	0.0000	0.0000	0.0000	0.0000	0.0000
0.0000	0.0000	0.0000	0.0000	0.0000	0.0000	0.0000	0.0000	1.0000	0.0000	0.0000	0.0000
0.0000	0.0000	0.9999	0.0000	0.0000	0.0000	0.0001	0.0000	0.0000	0.0000	0.0000	0.0000
0.0000	0.0000	0.0000	0.0000	0.0000	0.0000	1.0000	0.0000	0.0000	0.0000	0.0000	0.0000
0.0000	0.0000	0.0000	0.0000	0.0000	0.0000	0.0000	0.0000	1.0000	0.0000	0.0000	0.0000
0.0000	0.0000	0.0000	0.0000	0.0000	0.0000	1.0000	0.0000	0.0000	0.0000	0.0000	0.0000
0.0000	0.0000	0.0000	0.0000	0.0000	0.0000	1.0000	0.0000	0.0000	0.0000	0.0000	0.0000
0.0000	0.0000	0.9790	0.0000	0.0000	0.0008	0.0202	0.0000	0.0000	0.0000	0.0000	0.0000
0.0000	0.0000	0.9998	0.0000	0.0000	0.0000	0.0001	0.0000	0.0000	0.0000	0.0000	0.0000
0.0000	0.0000	0.0000	0.0000	0.0000	0.0000	0.0000	0.0000	1.0000	0.0000	0.0000	0.0000
0.0000	0.0000	0.0000	0.0000	0.0000	0.0000	1.0000	0.0000	0.0000	0.0000	0.0000	0.0000
0.0000	0.0000	0.0000	0.0000	0.0000	0.0000	0.0000	0.0000	1.0000	0.0000	0.0000	0.0000
0.0000	0.0000	0.0000	0.0000	0.0000	0.0000	1.0000	0.0000	0.0000	0.0000	0.0000	0.0000
0.0000	0.0000	0.0000	0.0000	0.0000	0.0000	1.0000	0.0000	0.0000	0.0000	0.0000	0.0000
0.0000	0.0000	0.0000	0.0000	0.0000	0.0000	0.0000	0.0000	1.0000	0.0000	0.0000	0.0000
0.0000	0.0000	0.0000	0.0000	0.0000	0.0000	0.0000	0.0000	1.0000	0.0000	0.0000	0.0000
0.0000	0.0000	0.0000	0.0000	0.0000	0.0000	0.0000	0.0000	1.0000	0.0000	0.0000	0.0000
0.0000	0.0000	0.0000	0.0000	0.0000	0.0000	0.0000	0.0000	1.0000	0.0000	0.0000	0.0000
0.0000	0.0000	1.0000	0.0000	0.0000	0.0000	0.0000	0.0000	0.0000	0.0000	0.0000	0.0000
0.0000	0.0000	0.0000	0.0000	0.0000	0.0000	1.0000	0.0000	0.0000	0.0000	0.0000	0.0000
