0.0220	0.0000	0.0000	0.0000	0.0000	0.0000	0.0004	0.0000	0.0017	0.0463	0.0000	0.9295
0.0000	0.0000	0.0000	0.0000	0.0000	0.0000	0.0094	0.0005	0.0000	0.0002	0.0000	0.9899
0.0000	0.0000	0.0001	0.0000	0.0000	0.0000	0.0015	0.0005	0.0000	0.0000	0.0000	0.9978
0.0215	0.0000	0.0000	0.0000	0.0000	0.0000	0.0000	0.0000	0.9784	0.0000	0.0000	0.0000
0.0000	0.0855	0.9127	0.0000	0.0000	0.0018	0.0000	0.0000	0.0000	0.0000	0.0000	0.0000
0.7543	0.0000	0.0001	0.0134	0.0008	0.0004	0.0004	0.0026	0.0002	0.0065	0.2212	0.0001
0.0001	0.0000	0.0847	0.0000	0.0000	0.0000	0.6682	0.0049	0.0001	0.0000	0.0000	0.2421
0.0000	0.0000	0.0000	0.0000	0.0000	0.0000	0.0000	0.0000	0.0000	0.0000	0.0000	1.0000
0.0000	0.0000	0.0000	0.0000	0.0000	0.0000	0.0000	0.0000	1.0000	0.0000	0.0000	0.0000
0.0005	0.0000	0.0002	0.0000	0.0000	0.0000	0.0005	0.9988	0.0000	0.0000	0.0000	0.0001
1.0000	0.0000	0.0000	0.0000	0.0000	0.0000	0.0000	0.0000	0.0000	0.0000	0.0000	0.0000
0.0000	0.9976	0.0024	0.0000	0.0000	0.0000	0.0000	0.0000	0.0000	0.0000	0.0000	0.0000
0.0000	0.0000	0.0000	0.0000	0.0000	0.0000	0.0000	0.9999	0.0000	0.0000	0.0000	0.0001
0.0001	0.0000	0.0000	0.0000	0.0000	0.0000	0.0004	0.0386	0.0000	0.0000	0.0000	0.9609
0.9996	0.0000	0.0000	0.0000	0.0000	0.0000	0.0000	0.0000	0.0000	0.0000	0.0004	0.0000
0.0000	0.0000	0.0000	0.0000	0.0000	0.0000	0.0001	0.0000	0.0000	0.0000	0.0000	0.9999
0.0000	0.0000	0.0000	0.0000	0.0000	0.0000	0.0005	0.0000	0.0000	0.0018	0.0000	0.9976
0.0000	0.0000	0.0000	0.0000	0.0000	0.0000	0.0000	0.0000	1.0000	0.0000	0.0000	0.0000
0.0006	0.1031	0.7738	0.0000	0.0001	0.0091	0.0867	0.0265	0.0000	0.0000	0.0000	0.0001
0.0010	0.0337	0.0914	0.0000	0.0002	0.0003	0.0489	0.8239	0.0000	0.0000	0.0000	0.0005
0.0000	0.9998	0.0002	0.0000	0.0000	0.0000	0.0000	0.0000	0.0000	0.0000	0.0000	0.0000
0.0000	0.0000	0.0001	0.0000	0.0000	0.9988	0.0010	0.0000	0.0000	0.0000	0.0000	0.0000
0.9419	0.0000	0.0000	0.0014	0.0000	0.0069	0.0000	0.0000	0.0006	0.0270	0.0221	0.0000
0.0310	0.0000	0.0000	0.0212	0.0000	0.0380	0.0001	0.0000	0.0005	0.8915	0.0176	0.0001
0.0000	0.0044	0.0008	0.0000	0.0000	0.0000	0.0013	0.9936	0.0000	0.0000	0.0000	0.0000
0.0000	0.0000	0.0000	0.0000	0.0000	0.0000	0.0000	0.0000	1.0000	0.0000	0.0000	0.0000
0.0001	0.0000	0.0000	0.5933	0.0000	0.0001	0.0000	0.0000	0.0000	0.0815	0.3250	0.0000
0.0000	0.0000	0.0000	0.0000	0.0000	0.0000	0.0000	1.0000	0.0000	0.0000	0.0000	0.0000
0.0002	0.0000	0.0000	0.0002	0.0000	0.0000	0.0000	0.0000	0.0001	0.9994	0.0000	0.0000
0.6180	0.0000	0.0000	0.0000	0.0000	0.0523	0.0000	0.0000	0.0020	0.3277	0.0001	0.0000
0.0000	0.0000	0.0001	0.0000	0.0000	0.0000	0.0001	0.9998	0.0000	0.0000	0.0000	0.0000
0.0001	0.0000	0.0000	0.0000	0.0000	0.0000	0.0000	0.0000	0.2830	0.7165	0.0000	0.0004
0.0000	0.0000	0.0000	0.0000	0.0000	0.0000	0.0000	0.0000	0.0000	1.0000	0.0000	0.0000
0.0000	0.6943	0.3056	0.0000	0.0000	0.0001	0.0000	0.0000	0.0000	0.0000	0.0000	0.0000
0.0044	0.1244	0.3753	0.0003	0.0010	0.4495	0.0385	0.0054	0.0003	0.0000	0.0001	0.0008
0.0000	0.0000	0.0000	0.0000	0.0000	0.0000	0.0000	1.0000	0.0000	0.0000	0.0000	0.0000
1.0000	0.0000	0.0000	0.0000	0.0000	0.0000	0.0000	0.0000	0.0000	0.0000	0.0000	0.0000
0.0021	0.0097	0.0026	0.2266	0.0022	0.0162	0.0186	0.7137	0.0000	0.0013	0.0002	0.0069
0.0000	0.0000	0.0000	0.0000	0.0000	0.0000	0.0000	0.0000	1.0000	0.0000	0.0000	0.0000
0.0000	0.8028	0.1814	0.0000	0.0000	0.0156	0.0001	0.0000	0.0000	0.0000	0.0000	0.0000
0.0000	0.0000	0.0000	0.0000	0.0000	0.0000	0.0000	1.0000	0.0000	0.0000	0.0000	0.0000
0.0000	0.0000	0.0000	0.0000	0.0000	0.0000	0.0000	0.0000	0.0000	0.0000	1.0000	0.0000
0.9855	0.0000	0.0000	0.0000	0.0000	0.0000	0.0000	0.0000	0.0145	0.0000	0.0000	0.0000
0.0098	0.0000	0.0001	0.0000	0.0000	0.0000	0.3903	0.5440	0.0000	0.0005	0.0000	0.0553
0.0000	0.4710	0.5206	0.0000	0.0000	0.0082	0.0001	0.0000	0.0000	0.0000	0.0000	0.0000
0.0005	0.7483	0.0402	0.0002	0.0000	0.0039	0.1267	0.0802	0.0000	0.0000	0.0000	0.0000
0.0000	0.0000	0.0000	0.0000	0.0000	0.0000	0.0684	0.1192	0.0000	0.0000	0.0000	0.8123
0.0000	0.0000	0.0000	0.9957	0.0031	0.0000	0.0000	0.0000	0.0000	0.0000	0.0012	0.0000
0.0002	0.0011	0.0012	0.0002	0.0000	0.9967	0.0001	0.0003	0.0000	0.0000	0.0000	0.0001
0.9998	0.0000	0.0000	0.0000	0.0000	0.0002	0.0000	0.0000	0.0000	0.0000	0.0000	0.0000
0.0000	0.0000	0.0000	0.0000	1.0000	0.0000	0.0000	0.0000	0.0000	0.0000	0.0000	0.0000
0.0000	0.2838	0.7138	0.0000	0.0000	0.0024	0.0000	0.0000	0.0000	0.0000	0.0000	0.0000
0.0000	0.0000	0.0000	0.0000	0.0000	1.0000	0.0000	0.0000	0.0000	0.0000	0.0000	0.0000
0.0000	0.1607	0.8297	0.0000	0.0000	0.0096	0.0000	0.0000	0.0000	0.0000	0.0000	0.0000
0.0000	0.0000	0.0000	0.0000	0.0000	0.0000	0.0000	0.0000	1.0000	0.0000	0.0000	0.0000
0.0276	0.0000	0.0007	0.0000	0.0000	0.0000	0.0396	0.9321	0.0000	0.0000	0.0000	0.0000
0.0000	0.0000	0.0000	0.0000	0.0000	0.0000	0.0000	0.0000	0.0000	0.0059	0.0000	0.9941
0.0000	0.0000	0.0000	0.0000	0.0000	0.0000	0.0000	0.0000	0.0009	0.8327	0.0000	0.1664
0.1637	0.0000	0.0000	0.0000	0.0000	0.0003	0.0442	0.0000	0.7733	0.0186	0.0000	0.0000
0.0018	0.0000	0.0003	0.0000	0.0000	0.0000	0.0311	0.9663	0.0000	0.0000	0.0000	0.0004
1.0000	0.0000	0.0000	0.0000	0.0000	0.0000	0.0000	0.0000	0.0000	0.0000	0.0000	0.0000
0.0000	0.0000	0.0000	0.0000	0.0000	0.0000	0.0000	0.0000	0.0000	0.0000	0.0000	1.0000
0.0000	0.0000	0.0000	0.0000	0.0000	0.0000	0.0000	0.0000	1.0000	0.0000	0.0000	0.0000
0.0000	0.0000	0.0000	1.0000	0.0000	0.0000	0.0000	0.0000	0.0000	0.0000	0.0000	0.0000
0.0002	0.0601	0.1272	0.0000	0.0000	0.0001	0.0002	0.8122	0.0000	0.0000	0.0000	0.0000
0.0027	0.0000	0.0000	0.0000	0.0000	0.0000	0.0009	0.0000	0.0368	0.9491	0.0000	0.0104
0.0000	0.0000	0.0000	0.0000	0.0000	0.9998	0.0002	0.0000	0.0000	0.0000	0.0000	0.0000
0.0004	0.0000	0.0222	0.0000	0.0000	0.0000	0.5422	0.2009	0.0000	0.0000	0.0000	0.2341
0.0005	0.0000	0.0006	0.0001	0.0000	0.0000	0.4431	0.5548	0.0000	0.0000	0.0000	0.0009
0.0001	0.9250	0.0705	0.0000	0.0000	0.0000	0.0007	0.0036	0.0000	0.0000	0.0000	0.0000
0.0002	0.0000	0.0016	0.0000	0.0001	0.9981	0.0000	0.0000	0.0000	0.0000	0.0000	0.0001
0.9760	0.0000	0.0001	0.0007	0.0001	0.0127	0.0000	0.0002	0.0002	0.0052	0.0048	0.0001
0.8448	0.0000	0.0000	0.0000	0.0000	0.0000	0.0000	0.0000	0.1552	0.0000	0.0000	0.0000
0.0000	0.0000	0.0000	0.0000	0.0000	0.0000	1.0000	0.0000	0.0000	0.0000	0.0000	0.0000
0.0000	0.0000	0.0000	0.0000	0.0000	0.0000	0.0000	0.0000	1.0000	0.0000	0.0000	0.0000
0.0000	0.0000	0.0000	1.0000	0.0000	0.0000	0.0000	0.0000	0.0000	0.0000	0.0000	0.0000
0.0000	0.0035	0.4313	0.0000	0.0000	0.0000	0.0559	0.5093	0.0000	0.0000	0.0000	0.0000
0.0000	0.0000	0.0000	0.0000	0.0000	0.0000	0.0000	0.0000	0.0000	0.0000	1.0000	0.0000
0.9913	0.0000	0.0000	0.0008	0.0000	0.0000	0.0000	0.0000	0.0000	0.0071	0.0007	0.0000
0.0015	0.0000	0.0000	0.0000	0.0000	0.0000	0.0177	0.0000	0.0043	0.0009	0.0000	0.9757
0.0000	0.0000	0.0000	0.0000	0.0000	0.0000	0.0001	0.0000	0.0003	0.9941	0.0000	0.0055
0.0000	0.0000	0.0000	0.0000	0.0000	0.0000	0.0000	0.0000	0.0000	0.0000	0.0000	1.0000
0.0000	0.0000	0.0000	0.0000	0.0000	0.0000	0.0000	0.0000	0.0000	0.0000	0.0000	1.0000
0.0000	0.0000	1.0000	0.0000	0.0000	0.0000	0.0000	0.0000	0.0000	0.0000	0.0000	0.0000
0.0000	0.0000	1.0000	0.0000	0.0000	0.0000	0.0000	0.0000	0.0000	0.0000	0.0000	0.0000
0.0000	0.0000	0.0000	0.0000	0.0000	0.0000	0.0000	0.0000	0.0000	0.0000	0.0000	1.0000
0.0000	0.0000	1.0000	0.0000	0.0000	0.0000	0.0000	0.0000	0.0000	0.0000	0.0000	0.0000
0.0000	0.0000	0.0000	0.0000	0.0000	0.0000	0.0000	0.0000	0.0000	0.0000	0.0000	1.0000
0.0000	0.0000	1.0000	0.0000	0.0000	0.0000	0.0000	0.0000	0.0000	0.0000	0.0000	0.0000
0.0000	0.0000	1.0000	0.0000	0.0000	0.0000	0.0000	0.0000	0.0000	0.0000	0.0000	0.0000
0.0000	0.0000	0.0000	0.0000	0.0000	0.0000	0.0000	0.0000	0.0000	0.0000	0.0000	1.0000
0.0000	0.0000	1.0000	0.0000	0.0000	0.0000	0.0000	0.0000	0.0000	0.0000	0.0000	0.0000
0.0000	0.0000	0.0000	0.0000	0.0000	0.0000	0.0000	0.0000	0.0000	0.0000	0.0000	1.0000
0.0000	0.0000	0.0000	0.0000	0.0000	0.0000	0.0000	0.0000	0.0000	0.0000	0.0000	1.0000
0.0000	0.0000	1.0000	0.0000	0.0000	0.0000	0.0000	0.0000	0.0000	0.0000	0.0000	0.0000
0.0000	0.0000	0.0000	0.0000	0.0000	0.0000	0.0000	0.0000	0.0000	0.0000	0.0000	1.0000
0.0000	0.0000	0.0000	0.0000	0.0000	0.0000	0.0000	0.0000	0.0000	0.0000	0.0000	1.0000
0.0000	0.0000	1.0000	0.0000	0.0000	0.0000	0.0000	0.0000	0.0000	0.0000	0.0000	0.0000
0.0000	0.0000	0.9967	0.0000	0.0000	0.0000	0.0000	0.0033	0.0000	0.0000	0.0000	0.0000
0.0000	0.0000	1.0000	0.0000	0.0000	0.0000	0.0000	0.0000	0.0000	0.0000	0.0000	0.0000
0.0000	0.0000	1.0000	0.0000	0.0000	0.0000	0.0000	0.0000	0.0000	0.0000	0.0000	0.0000
0.0000	0.0000	1.0000	0.0000	0.0000	0.0000	0.0000	0.0000	0.0000	0.0000	0.0000	0.0000
0.0000	0.0000	0.0010	0.0000	0.0000	0.0000	0.9990	0.0000	0.0000	0.0000	0.0000	0.0000
0.0000	0.0000	0.0000	0.0000	0.0000	0.0000	0.0000	0.0000	1.0000	0.0000	0.0000	0.0000
0.0000	0.0000	1.0000	0.0000	0.0000	0.0000	0.0000	0.0000	0.0000	0.0000	0.0000	0.0000
0.0000	0.0000	0.0000	0.0000	0.0000	0.0000	1.0000	0.0000	0.0000	0.0000	0.0000	0.0000
0.0000	0.0000	0.0000	0.0000	0.0000	0.0000	0.0000	0.0000	1.0000	0.0000	0.0000	0.0000
0.0000	0.0000	1.0000	0.0000	0.0000	0.0000	0.0000	0.0000	0.0000	0.0000	0.0000	0.0000
0.0000	0.0000	0.0000	0.0000	0.0000	0.0000	1.0000	0.0000	0.0000	0.0000	0.0000	0.0000
0.0000	0.0000	0.0000	0.0000	0.0000	0.0000	1.0000	0.0000	0.0000	0.0000	0.0000	0.0000
0.0000	0.0000	0.0000	0.0000	0.0000	0.0000	0.0000	0.0000	1.0000	0.0000	0.0000	0.0000
0.0000	0.0000	0.0000	0.0000	0.0000	0.0000	1.0000	0.0000	0.0000	0.0000	0.0000	0.0000
0.0000	0.0000	0.0000	0.0000	0.0000	0.0000	0.0000	0.0000	1.0000	0.0000	0.0000	0.0000
0.0000	0.0000	0.0000	0.0000	0.0000	0.0000	0.0115	0.0000	0.9885	0.0000	0.0000	0.0000
0.0000	0.0000	0.0000	0.0000	0.0000	0.0000	0.0000	0.0000	1.0000	0.0000	0.0000	0.0000
0.0000	0.0000	0.0000	0.0000	0.0000	0.0000	0.0000	0.0000	1.0000	0.0000	0.0000	0.0000
0.0000	0.0000	0.0000	0.0000	0.0000	0.0000	0.0000	0.0000	1.0000	0.0000	0.0000	0.0000
0.0000	0.0000	1.0000	0.0000	0.0000	0.0000	0.0000	0.0000	0.0000	0.0000	0.0000	0.0000
0.0000	0.0000	0.9999	0.0000	0.0000	0.0000	0.0001	0.0000	0.0000	0.0000	0.0000	0.0000
0.0000	0.0000	1.0000	0.0000	0.0000	0.0000	0.0000	0.0000	0.0000	0.0000	0.0000	0.0000
0.0000	0.0000	0.9997	0.0000	0.0000	0.0000	0.0003	0.0000	0.0000	0.0000	0.0000	0.0000
0.0000	0.0000	0.0000	0.0000	0.0000	0.0000	0.0000	0.0000	1.0000	0.0000	0.0000	0.0000
0.0000	0.0000	0.0000	0.0000	0.0000	0.0000	0.0000	0.0000	1.0000	0.0000	0.0000	0.0000
0.0000	0.0000	0.0000	0.0000	0.0000	0.0000	0.0000	0.0000	1.0000	0.0000	0.0000	0.0000
0.0000	0.0000	0.0000	0.0000	0.0000	0.0000	1.0000	0.0000	0.0000	0.0000	0.0000	0.0000
0.0000	0.0000	0.0000	0.0000	0.0000	0.0000	0.0000	0.0000	1.0000	0.0000	0.0000	0.0000
0.0000	0.0000	0.0000	0.0000	0.0000	0.0000	1.0000	0.0000	0.0000	0.0000	0.0000	0.0000
0.0000	0.0000	0.0000	0.0000	0.0000	0.0000	1.0000	0.0000	0.0000	0.0000	0.0000	0.0000
0.0000	0.0000	0.0000	0.0000	0.0000	0.0000	1.0000	0.0000	0.0000	0.0000	0.0000	0.0000
0.0000	0.0000	0.0000	0.0000	0.0000	0.0000	0.0000	0.0000	1.0000	0.0000	0.0000	0.0000
0.0000	0.0000	0.0000	0.0000	0.0000	0.0000	1.0000	0.0000	0.0000	0.0000	0.0000	0.0000
0.0000	0.0000	0.0000	0.0000	0.0000	0.0000	1.0000	0.0000	0.0000	0.0000	0.0000	0.0000
0.0000	0.0000	0.0000	0.0000	0.0000	0.0000	1.0000	0.0000	0.0000	0.0000	0.0000	0.0000
