0.0004	0.0000	0.0004	0.0000	0.0000	0.0000	0.0026	0.0000	0.0001	0.0001	0.0000	0.9963
0.0000	0.0000	0.0000	0.0011	0.0000	0.0000	0.0222	0.0098	0.0000	0.0000	0.0000	0.9670
0.0000	0.0000	0.0001	0.0001	0.0000	0.0000	0.0080	0.0006	0.0000	0.0000	0.0000	0.9912
0.0047	0.0000	0.0000	0.0000	0.0000	0.0000	0.0001	0.0000	0.9950	0.0001	0.0000	0.0000
0.0000	0.0295	0.9676	0.0000	0.0000	0.0027	0.0002	0.0000	0.0000	0.0000	0.0000	0.0000
0.0002	0.0000	0.0000	0.0059	0.0000	0.0000	0.0000	0.1214	0.0000	0.0000	0.8725	0.0000
0.0000	0.0000	0.0113	0.0000	0.0000	0.0000	0.8726	0.0000	0.0001	0.0000	0.0000	0.1160
0.0000	0.0000	0.0000	0.0000	0.0000	0.0000	0.0000	0.0000	0.0000	0.0000	0.0000	1.0000
0.0000	0.0000	0.0000	0.0000	0.0000	0.0000	0.0000	0.0000	1.0000	0.0000	0.0000	0.0000
0.0020	0.0000	0.0009	0.0000	0.0000	0.0000	0.1217	0.8569	0.0000	0.0000	0.0000	0.0186
1.0000	0.0000	0.0000	0.0000	0.0000	0.0000	0.0000	0.0000	0.0000	0.0000	0.0000	0.0000
0.0000	0.9991	0.0009	0.0000	0.0000	0.0000	0.0000	0.0000	0.0000	0.0000	0.0000	0.0000
0.0000	0.0000	0.0000	0.0000	0.0000	0.0000	0.0000	1.0000	0.0000	0.0000	0.0000	0.0000
0.0000	0.0000	0.0008	0.0000	0.0000	0.0000	0.0026	0.0021	0.0000	0.0001	0.0000	0.9945
0.9864	0.0000	0.0000	0.0000	0.0000	0.0000	0.0000	0.0000	0.0001	0.0013	0.0122	0.0000
0.0000	0.0000	0.0000	0.0000	0.0000	0.0000	0.0001	0.0000	0.0001	0.0000	0.0000	0.9998
0.0000	0.0000	0.0000	0.0000	0.0000	0.0000	0.0001	0.0000	0.0003	0.0252	0.0000	0.9745
0.0000	0.0000	0.0000	0.0000	0.0000	0.0000	0.0000	0.0000	1.0000	0.0000	0.0000	0.0000
0.0000	0.0000	0.0188	0.0000	0.0000	0.0128	0.9655	0.0022	0.0000	0.0000	0.0000	0.0006
0.0000	0.0000	0.0011	0.0000	0.0000	0.0000	0.0291	0.9664	0.0000	0.0000	0.0000	0.0033
0.0000	0.9354	0.0004	0.0000	0.0000	0.0000	0.0000	0.0641	0.0000	0.0000	0.0000	0.0000
0.0007	0.0000	0.0001	0.0000	0.0000	0.9859	0.0126	0.0000	0.0002	0.0004	0.0000	0.0000
0.9407	0.0000	0.0005	0.0000	0.0000	0.0128	0.0002	0.0000	0.0000	0.0458	0.0000	0.0000
0.4507	0.0000	0.0008	0.0000	0.0000	0.0406	0.0014	0.0000	0.0000	0.5061	0.0000	0.0003
0.0000	0.0000	0.0001	0.0000	0.0000	0.0000	0.0019	0.9978	0.0000	0.0000	0.0000	0.0002
0.0000	0.0000	0.0000	0.0000	0.0000	0.0000	0.0000	0.0000	1.0000	0.0000	0.0000	0.0000
0.0000	0.0000	0.0000	0.0000	0.0000	0.0000	0.0000	0.0000	0.0000	1.0000	0.0000	0.0000
0.0000	0.0000	0.0021	0.0000	0.0000	0.0000	0.8662	0.1316	0.0000	0.0000	0.0000	0.0001
0.0000	0.0000	0.0000	0.0001	0.0000	0.0000	0.0000	0.0000	0.0000	0.9978	0.0000	0.0021
0.7216	0.0000	0.0004	0.0000	0.0000	0.1408	0.0000	0.0000	0.0142	0.1230	0.0000	0.0000
0.0000	0.0000	0.0000	0.0001	0.0000	0.0000	0.0028	0.9966	0.0000	0.0000	0.0000	0.0005
0.0000	0.0000	0.0000	0.0000	0.0000	0.0000	0.0000	0.0000	0.9311	0.0416	0.0000	0.0272
0.0000	0.0000	0.0000	0.0000	0.0000	0.0000	0.0000	0.0000	0.0001	0.9996	0.0000	0.0003
0.0000	0.9246	0.0753	0.0000	0.0000	0.0000	0.0000	0.0000	0.0000	0.0000	0.0000	0.0000
0.0003	0.0000	0.2844	0.0000	0.0000	0.4383	0.2704	0.0025	0.0001	0.0000	0.0000	0.0040
0.0000	0.0000	0.0000	0.0010	0.0000	0.0000	0.0000	0.9990	0.0000	0.0000	0.0000	0.0000
1.0000	0.0000	0.0000	0.0000	0.0000	0.0000	0.0000	0.0000	0.0000	0.0000	0.0000	0.0000
0.0002	0.0000	0.0013	0.0008	0.0000	0.0000	0.1415	0.8469	0.0000	0.0000	0.0000	0.0093
0.0000	0.0000	0.0000	0.0000	0.0000	0.0000	0.0000	0.0000	1.0000	0.0000	0.0000	0.0000
0.0000	0.6167	0.3830	0.0000	0.0000	0.0002	0.0001	0.0001	0.0000	0.0000	0.0000	0.0000
0.0000	0.0000	0.0000	0.0000	0.0000	0.0000	0.0000	1.0000	0.0000	0.0000	0.0000	0.0000
0.0000	0.0000	0.0000	0.0000	0.0000	0.0000	0.0000	0.0000	0.0000	0.0000	1.0000	0.0000
0.7052	0.0000	0.2241	0.0000	0.0000	0.0534	0.0116	0.0000	0.0044	0.0000	0.0000	0.0012
0.0002	0.0000	0.0001	0.0001	0.0000	0.0000	0.5534	0.1639	0.0000	0.0000	0.0000	0.2824
0.0000	0.3427	0.6501	0.0000	0.0000	0.0070	0.0002	0.0000	0.0000	0.0000	0.0000	0.0000
0.0001	0.0010	0.0355	0.0000	0.0000	0.0011	0.0348	0.9263	0.0000	0.0000	0.0000	0.0012
0.0000	0.0000	0.0003	0.0001	0.0000	0.0000	0.1795	0.1297	0.0000	0.0000	0.0000	0.6904
0.0000	0.0000	0.0000	0.0000	0.9996	0.0000	0.0000	0.0000	0.0000	0.0001	0.0000	0.0004
0.0008	0.0006	0.1147	0.0000	0.0000	0.8572	0.0145	0.0121	0.0000	0.0000	0.0000	0.0002
0.2962	0.0000	0.0000	0.0000	0.0000	0.7037	0.0000	0.0000	0.0000	0.0000	0.0000	0.0000
0.0000	0.0000	0.0000	0.0000	1.0000	0.0000	0.0000	0.0000	0.0000	0.0000	0.0000	0.0000
0.0000	0.2014	0.7950	0.0000	0.0000	0.0035	0.0001	0.0000	0.0000	0.0000	0.0000	0.0000
0.0000	0.0000	0.0001	0.0000	0.0000	0.9999	0.0000	0.0000	0.0000	0.0000	0.0000	0.0000
0.0000	0.0296	0.9248	0.0000	0.0000	0.0453	0.0002	0.0000	0.0000	0.0000	0.0000	0.0000
0.0000	0.0000	0.0000	0.0000	0.0000	0.0000	0.0000	0.0000	1.0000	0.0000	0.0000	0.0000
0.1474	0.0000	0.0003	0.0000	0.0000	0.0000	0.8340	0.0161	0.0000	0.0000	0.0000	0.0022
0.0000	0.0000	0.0000	0.0000	0.0000	0.0000	0.0000	0.0000	0.0000	0.0167	0.0000	0.9832
0.0000	0.0000	0.0000	0.0000	0.0000	0.0000	0.0000	0.0000	0.0009	0.0483	0.0000	0.9508
0.4522	0.0000	0.0000	0.0000	0.0000	0.0000	0.1673	0.0000	0.3801	0.0003	0.0000	0.0000
0.0365	0.0000	0.0002	0.0000	0.0000	0.0000	0.9447	0.0177	0.0000	0.0000	0.0000	0.0008
0.9968	0.0000	0.0000	0.0000	0.0000	0.0000	0.0000	0.0000	0.0000	0.0004	0.0028	0.0000
0.0000	0.0000	0.0000	0.0000	0.0000	0.0000	0.0000	0.0000	0.0000	0.0000	0.0000	1.0000
0.0000	0.0000	0.0000	0.0000	0.0000	0.0000	0.0000	0.0000	1.0000	0.0000	0.0000	0.0000
0.0000	0.0000	0.0000	1.0000	0.0000	0.0000	0.0000	0.0000	0.0000	0.0000	0.0000	0.0000
0.0000	0.0000	0.0000	0.0000	0.0000	0.0000	0.0000	1.0000	0.0000	0.0000	0.0000	0.0000
0.0005	0.0000	0.0000	0.0000	0.0000	0.0000	0.0086	0.0000	0.1582	0.0365	0.0000	0.7961
0.0009	0.0000	0.0002	0.0000	0.0000	0.9679	0.0240	0.0000	0.0049	0.0021	0.0000	0.0000
0.0000	0.0000	0.0085	0.0000	0.0000	0.0000	0.0199	0.0002	0.0000	0.0000	0.0000	0.9715
0.0000	0.0000	0.0008	0.0126	0.0000	0.0000	0.0945	0.0735	0.0000	0.0001	0.0000	0.8186
0.0000	0.0768	0.8767	0.0000	0.0000	0.0000	0.0053	0.0389	0.0000	0.0000	0.0000	0.0023
0.0009	0.0000	0.1919	0.0000	0.0000	0.8047	0.0009	0.0001	0.0000	0.0004	0.0000	0.0011
0.9345	0.0000	0.0014	0.0000	0.0000	0.0311	0.0007	0.0000	0.0000	0.0320	0.0000	0.0002
0.0073	0.0000	0.0000	0.0000	0.0000	0.0000	0.0005	0.0000	0.9922	0.0000	0.0000	0.0000
0.0000	0.0000	0.0000	0.0000	0.0000	0.0000	0.9936	0.0000	0.0063	0.0000	0.0000	0.0000
0.0000	0.0000	0.0000	0.0000	0.0000	0.0000	0.0000	0.0000	1.0000	0.0000	0.0000	0.0000
0.0000	0.0000	0.0000	1.0000	0.0000	0.0000	0.0000	0.0000	0.0000	0.0000	0.0000	0.0000
0.0000	0.0000	0.0005	0.0000	0.0000	0.0000	0.9992	0.0000	0.0000	0.0000	0.0000	0.0003
0.0000	0.0000	0.0000	0.0000	0.0000	0.0000	0.0000	0.0000	0.0000	0.9575	0.0425	0.0000
1.0000	0.0000	0.0000	0.0000	0.0000	0.0000	0.0000	0.0000	0.0000	0.0000	0.0000	0.0000
0.0011	0.0000	0.0000	0.0000	0.0000	0.0000	0.0591	0.0000	0.3117	0.0026	0.0000	0.6256
0.0002	0.0000	0.0000	0.0000	0.0000	0.0000	0.0000	0.0000	0.0008	0.9781	0.0000	0.0209
0.0000	0.0000	0.0000	0.0000	0.0000	0.0000	0.0000	0.0000	0.0000	0.0000	0.0000	1.0000
0.0000	0.0000	0.0000	0.0000	0.0000	0.0000	0.0000	0.0000	0.0000	0.0000	0.0000	1.0000
0.0000	0.0000	1.0000	0.0000	0.0000	0.0000	0.0000	0.0000	0.0000	0.0000	0.0000	0.0000
0.0000	0.0000	1.0000	0.0000	0.0000	0.0000	0.0000	0.0000	0.0000	0.0000	0.0000	0.0000
0.0000	0.0000	0.0000	0.0000	0.0000	0.0000	0.0000	0.0000	0.0000	0.0000	0.0000	1.0000
0.0000	0.0000	1.0000	0.0000	0.0000	0.0000	0.0000	0.0000	0.0000	0.0000	0.0000	0.0000
0.0000	0.0000	0.0000	0.0000	0.0000	0.0000	0.0000	0.0000	0.0000	0.0000	0.0000	1.0000
0.0000	0.0000	1.0000	0.0000	0.0000	0.0000	0.0000	0.0000	0.0000	0.0000	0.0000	0.0000
0.0000	0.0000	1.0000	0.0000	0.0000	0.0000	0.0000	0.0000	0.0000	0.0000	0.0000	0.0000
0.0000	0.0000	0.0000	0.0000	0.0000	0.0000	0.0000	0.0000	0.0000	0.0000	0.0000	1.0000
0.0000	0.0000	1.0000	0.0000	0.0000	0.0000	0.0000	0.0000	0.0000	0.0000	0.0000	0.0000
0.0000	0.0000	0.0140	0.0000	0.0000	0.0000	0.0000	0.0000	0.0000	0.0000	0.0000	0.9860
0.0000	0.0000	0.0000	0.0000	0.0000	0.0000	0.0000	0.0000	0.0000	0.0000	0.0000	1.0000
0.0000	0.0000	1.0000	0.0000	0.0000	0.0000	0.0000	0.0000	0.0000	0.0000	0.0000	0.0000
0.0000	0.0000	0.0354	0.0000	0.0000	0.0000	0.0000	0.0000	0.0000	0.0000	0.0000	0.9646
0.0000	0.0000	0.0000	0.0000	0.0000	0.0000	0.0000	0.0000	0.0000	0.0000	0.0000	1.0000
0.0000	0.0000	0.9999	0.0000	0.0000	0.0000	0.0000	0.0000	0.0000	0.0000	0.0000	0.0001
0.0000	0.0001	0.9995	0.0000	0.0000	0.0000	0.0000	0.0000	0.0000	0.0000	0.0000	0.0004
0.0000	0.0000	0.9998	0.0000	0.0000	0.0000	0.0000	0.0000	0.0000	0.0000	0.0000	0.0002
0.0000	0.0000	1.0000	0.0000	0.0000	0.0000	0.0000	0.0000	0.0000	0.0000	0.0000	0.0000
0.0000	0.0000	1.0000	0.0000	0.0000	0.0000	0.0000	0.0000	0.0000	0.0000	0.0000	0.0000
0.0000	0.0000	0.0004	0.0000	0.0000	0.0000	0.9996	0.0000	0.0000	0.0000	0.0000	0.0000
0.0000	0.0000	0.0000	0.0000	0.0000	0.0000	0.0008	0.0000	0.9992	0.0000	0.0000	0.0000
0.0000	0.0000	1.0000	0.0000	0.0000	0.0000	0.0000	0.0000	0.0000	0.0000	0.0000	0.0000
0.0000	0.0000	0.0000	0.0000	0.0000	0.0000	1.0000	0.0000	0.0000	0.0000	0.0000	0.0000
0.0000	0.0000	0.0000	0.0000	0.0000	0.0000	0.0000	0.0000	1.0000	0.0000	0.0000	0.0000
0.0000	0.0000	1.0000	0.0000	0.0000	0.0000	0.0000	0.0000	0.0000	0.0000	0.0000	0.0000
0.0000	0.0000	0.0000	0.0000	0.0000	0.0000	1.0000	0.0000	0.0000	0.0000	0.0000	0.0000
0.0000	0.0000	0.0002	0.0000	0.0000	0.0000	0.9998	0.0000	0.0000	0.0000	0.0000	0.0000
0.0000	0.0000	0.0000	0.0000	0.0000	0.0000	0.0000	0.0000	1.0000	0.0000	0.0000	0.0000
0.0000	0.0000	0.0000	0.0000	0.0000	0.0000	1.0000	0.0000	0.0000	0.0000	0.0000	0.0000
0.0000	0.0000	0.0000	0.0000	0.0000	0.0000	0.0219	0.0000	0.9781	0.0000	0.0000	0.0000
0.0000	0.0000	0.0000	0.0000	0.0000	0.0000	0.6471	0.0000	0.3529	0.0000	0.0000	0.0000
0.0000	0.0000	0.0000	0.0000	0.0000	0.0000	0.0000	0.0000	1.0000	0.0000	0.0000	0.0000
0.0000	0.0000	0.0000	0.0000	0.0000	0.0000	0.0000	0.0000	1.0000	0.0000	0.0000	0.0000
0.0000	0.0000	0.0000	0.0000	0.0000	0.0000	0.0000	0.0000	1.0000	0.0000	0.0000	0.0000
0.0000	0.0000	1.0000	0.0000	0.0000	0.0000	0.0000	0.0000	0.0000	0.0000	0.0000	0.0000
0.0000	0.0000	0.9592	0.0000	0.0000	0.0001	0.0408	0.0000	0.0000	0.0000	0.0000	0.0000
0.0000	0.0000	1.0000	0.0000	0.0000	0.0000	0.0000	0.0000	0.0000	0.0000	0.0000	0.0000
0.0000	0.0000	0.9426	0.0000	0.0000	0.0000	0.0574	0.0000	0.0000	0.0000	0.0000	0.0000
0.0000	0.0000	0.0000	0.0000	0.0000	0.0000	0.0000	0.0000	1.0000	0.0000	0.0000	0.0000
0.0000	0.0000	0.0000	0.0000	0.0000	0.0000	0.0000	0.0000	1.0000	0.0000	0.0000	0.0000
0.0000	0.0000	0.0000	0.0000	0.0000	0.0000	0.0000	0.0000	1.0000	0.0000	0.0000	0.0000
0.0000	0.0000	0.0000	0.0000	0.0000	0.0000	1.0000	0.0000	0.0000	0.0000	0.0000	0.0000
0.0000	0.0000	0.0000	0.0000	0.0000	0.0000	0.0000	0.0000	1.0000	0.0000	0.0000	0.0000
0.0000	0.0000	0.0000	0.0000	0.0000	0.0000	1.0000	0.0000	0.0000	0.0000	0.0000	0.0000
0.0000	0.0000	0.0000	0.0000	0.0000	0.0000	1.0000	0.0000	0.0000	0.0000	0.0000	0.0000
0.0000	0.0000	0.0259	0.0000	0.0000	0.0000	0.9741	0.0000	0.0000	0.0000	0.0000	0.0000
0.0000	0.0000	0.0000	0.0000	0.0000	0.0000	0.0000	0.0000	1.0000	0.0000	0.0000	0.0000
0.0000	0.0000	0.0000	0.0000	0.0000	0.0000	1.0000	0.0000	0.0000	0.0000	0.0000	0.0000
0.0000	0.0000	0.0001	0.0000	0.0000	0.0000	0.9999	0.0000	0.0000	0.0000	0.0000	0.0000
0.0000	0.0000	0.0003	0.0000	0.0000	0.0001	0.9997	0.0000	0.0000	0.0000	0.0000	0.0000
