0.0000	0.0000	0.0000	0.0000	0.0000	0.0000	0.0000	0.0000	0.0000	0.0000	0.0000	1.0000
0.0000	0.0000	0.0000	0.0000	0.0000	0.0000	0.9952	0.0000	0.0000	0.0000	0.0000	0.0048
0.0000	0.8203	0.1268	0.0000	0.0000	0.0006	0.0003	0.0520	0.0000	0.0000	0.0000	0.0000
0.0000	0.0000	0.0000	0.0000	0.0000	0.0000	0.0001	0.0000	0.0000	0.0000	0.0001	0.9998
0.0000	0.0000	0.0000	0.0000	0.0000	0.0000	0.0003	0.9997	0.0000	0.0000	0.0000	0.0000
0.0002	0.0000	0.0000	0.0000	0.0000	0.0001	0.0000	0.0000	0.9991	0.0007	0.0000	0.0000
0.0019	0.0000	0.0000	0.0000	0.0000	0.0000	0.0000	0.0000	0.0002	0.9979	0.0000	0.0000
0.0000	0.0000	0.0000	0.0000	0.0000	0.0000	0.0002	0.0000	0.0000	0.0000	0.9813	0.0185
0.0000	0.0057	0.0074	0.0000	0.0000	0.9864	0.0006	0.0000	0.0000	0.0000	0.0000	0.0000
0.0000	0.0000	0.0007	0.0000	0.0000	0.0000	0.6960	0.0002	0.0000	0.0000	0.0001	0.3030
0.0000	0.0000	0.0000	0.0000	0.0000	0.0000	0.0002	0.0000	0.0000	0.8264	0.0000	0.1734
0.0000	0.0000	0.0000	0.0000	0.0000	0.0000	0.0011	0.0000	0.0000	0.8804	0.0000	0.1185
0.0000	0.0000	0.0000	0.0000	0.0000	0.0000	0.0000	0.0000	1.0000	0.0000	0.0000	0.0000
0.0362	0.0000	0.0003	0.0000	0.0000	0.0024	0.9076	0.0000	0.0503	0.0025	0.0001	0.0006
0.0008	0.0000	0.0803	0.0000	0.0000	0.0000	0.2757	0.0368	0.0000	0.0000	0.0000	0.6063
0.9995	0.0000	0.0000	0.0000	0.0000	0.0000	0.0000	0.0000	0.0003	0.0002	0.0000	0.0000
0.0000	0.0015	0.8894	0.0000	0.0001	0.0225	0.0853	0.0000	0.0000	0.0000	0.0001	0.0010
0.0595	0.0000	0.0253	0.0000	0.0000	0.3089	0.4584	0.1475	0.0000	0.0000	0.0001	0.0003
0.0304	0.0000	0.0000	0.0000	0.0000	0.0005	0.0001	0.0000	0.5091	0.0132	0.4467	0.0000
0.0001	0.0000	0.0000	0.0000	0.0000	0.0000	0.0000	0.0000	0.8796	0.0374	0.0829	0.0000
0.0000	0.0000	0.0000	0.0000	0.0000	0.0000	0.0000	0.0000	0.0000	0.0000	0.0000	1.0000
0.0000	0.0000	0.0000	0.0000	0.0000	0.0000	0.0000	0.0000	0.0000	0.0011	0.0000	0.9989
0.0000	0.0000	0.0000	0.0000	0.0013	0.0000	0.0000	0.0000	0.0000	0.0204	0.9782	0.0000
0.0000	0.0000	0.0000	0.0000	0.0000	0.0000	0.0000	0.0000	0.0000	0.9059	0.0001	0.0941
0.0000	0.0000	0.0010	0.0000	0.0000	0.0000	0.8586	0.0001	0.0000	0.0000	0.0000	0.1403
0.0000	0.0000	0.0000	0.0000	0.0000	0.0000	0.0169	0.0000	0.0000	0.0295	0.0000	0.9535
0.0000	0.0000	0.0000	0.0000	0.0000	0.0000	0.0000	0.0000	0.0000	1.0000	0.0000	0.0000
0.0000	0.0000	0.3866	0.0000	0.0000	0.0000	0.4920	0.0000	0.0000	0.0000	0.0000	0.1215
0.0000	0.0000	0.0740	0.0000	0.0000	0.0000	0.4878	0.4215	0.0000	0.0000	0.0000	0.0168
0.0107	0.0000	0.6147	0.0000	0.0000	0.1874	0.1833	0.0001	0.0002	0.0000	0.0001	0.0034
0.0001	0.0000	0.0000	0.0000	0.0000	0.0025	0.0000	0.0000	0.9973	0.0001	0.0000	0.0000
0.0000	0.0000	0.0021	0.0000	0.0000	0.0000	0.0751	0.0000	0.0000	0.0000	0.0000	0.9227
1.0000	0.0000	0.0000	0.0000	0.0000	0.0000	0.0000	0.0000	0.0000	0.0000	0.0000	0.0000
0.0014	0.0000	0.0096	0.0006	0.0003	0.0002	0.1541	0.0097	0.0003	0.0025	0.0744	0.7470
0.0000	0.0000	0.0000	0.0000	0.0000	0.0000	0.0000	0.0000	0.9998	0.0002	0.0000	0.0000
0.0000	0.0000	0.0000	0.0000	0.0000	0.0000	0.0000	0.0000	0.0000	0.9987	0.0000	0.0013
0.0031	0.1739	0.3120	0.0001	0.0004	0.1828	0.0489	0.2751	0.0000	0.0000	0.0012	0.0025
1.0000	0.0000	0.0000	0.0000	0.0000	0.0000	0.0000	0.0000	0.0000	0.0000	0.0000	0.0000
1.0000	0.0000	0.0000	0.0000	0.0000	0.0000	0.0000	0.0000	0.0000	0.0000	0.0000	0.0000
0.0000	0.0000	0.0000	0.0000	0.0000	0.0000	0.0000	0.0000	1.0000	0.0000	0.0000	0.0000
0.0000	0.0000	0.0000	0.0000	0.0000	0.0000	0.0000	0.0000	0.0000	1.0000	0.0000	0.0000
0.0000	0.4949	0.5006	0.0000	0.0000	0.0029	0.0007	0.0008	0.0000	0.0000	0.0000	0.0000
0.0000	0.0000	0.0001	0.0000	0.0001	0.0000	0.0003	0.0000	0.0001	0.0874	0.0120	0.9001
0.0041	0.0000	0.0002	0.0001	0.0002	0.0001	0.0718	0.0000	0.1545	0.4520	0.1805	0.1364
0.0000	0.0000	0.0000	0.0000	0.0000	0.0000	0.0000	0.0000	0.0000	0.0000	1.0000	0.0000
0.0000	0.4853	0.4852	0.0000	0.0000	0.0022	0.0012	0.0257	0.0000	0.0000	0.0000	0.0003
0.0789	0.0061	0.2905	0.0000	0.0000	0.5817	0.0150	0.0246	0.0001	0.0000	0.0013	0.0016
0.0000	0.0000	0.0000	0.0001	0.0000	0.0000	0.6720	0.1626	0.0000	0.0000	0.0002	0.1651
1.0000	0.0000	0.0000	0.0000	0.0000	0.0000	0.0000	0.0000	0.0000	0.0000	0.0000	0.0000
0.0001	0.0000	0.0000	0.0000	0.0000	0.0000	0.0000	0.0000	0.9978	0.0021	0.0000	0.0000
0.0000	0.0000	0.0088	0.0000	0.0000	0.0000	0.8928	0.0065	0.0000	0.0000	0.0000	0.0919
0.0000	0.0000	0.0013	0.0000	0.0000	0.0000	0.9163	0.0000	0.0000	0.0000	0.0000	0.0824
0.0000	0.6692	0.3253	0.0000	0.0000	0.0049	0.0004	0.0002	0.0000	0.0000	0.0000	0.0000
0.0000	0.0000	0.0000	0.0000	0.0000	0.0000	0.0000	0.0000	0.0000	0.0006	0.0000	0.9994
0.0000	0.0000	0.0000	0.0000	0.0000	0.0000	0.0000	0.0000	1.0000	0.0000	0.0000	0.0000
0.0000	0.0000	0.0000	0.0000	0.0000	0.0000	0.0000	0.0000	1.0000	0.0000	0.0000	0.0000
0.0000	0.0000	0.0000	0.0000	0.0000	0.0000	0.0000	0.0000	0.0000	1.0000	0.0000	0.0000
0.0000	0.0000	0.0000	0.0000	0.9997	0.0000	0.0000	0.0000	0.0000	0.0003	0.0000	0.0000
0.0000	0.0000	0.0000	0.0000	0.0000	0.0000	0.0051	0.0000	0.6254	0.3695	0.0000	0.0000
0.0603	0.0000	0.0000	0.0000	0.0000	0.0002	0.0000	0.0000	0.7694	0.0596	0.1103	0.0000
0.0002	0.0000	0.0000	0.0000	0.0000	0.0000	0.0000	0.0000	0.9915	0.0071	0.0012	0.0000
0.0000	0.0000	0.0000	0.0000	0.0000	0.0000	0.0000	0.0000	1.0000	0.0000	0.0000	0.0000
0.0000	0.0000	0.0000	0.0000	0.0000	0.0001	0.0000	0.0000	0.9999	0.0000	0.0000	0.0000
0.0000	0.0000	0.0000	0.0000	0.0000	0.0000	0.0000	0.0000	0.0000	0.0002	0.9998	0.0000
0.0000	0.0000	0.8023	0.0000	0.0001	0.0000	0.0155	0.0005	0.0000	0.0000	0.0003	0.1813
0.0000	0.9862	0.0106	0.0000	0.0000	0.0002	0.0000	0.0030	0.0000	0.0000	0.0000	0.0000
0.0000	0.0000	0.0061	0.0000	0.0000	0.0000	0.0003	0.0000	0.0000	0.0000	0.0000	0.9936
0.0000	0.0000	0.0121	0.0000	0.0000	0.0000	0.0020	0.0000	0.0000	0.0000	0.0001	0.9858
0.9996	0.0000	0.0000	0.0000	0.0000	0.0000	0.0000	0.0000	0.0003	0.0000	0.0000	0.0000
0.0000	0.0000	0.0115	0.0000	0.0000	0.0000	0.1109	0.0000	0.0001	0.0079	0.0000	0.8695
0.0004	0.0000	0.9251	0.0000	0.0000	0.0001	0.0094	0.0110	0.0000	0.0000	0.0000	0.0539
0.9312	0.0000	0.0000	0.0000	0.0000	0.0588	0.0006	0.0000	0.0093	0.0001	0.0000	0.0000
0.0000	0.0000	0.0020	0.0000	0.0000	0.0000	0.0000	0.9825	0.0000	0.0000	0.0000	0.0155
0.0000	0.0000	0.0000	0.0000	0.0000	0.0000	0.0000	0.0009	0.0000	0.0000	0.0000	0.9991
0.0000	0.0000	0.0000	0.0000	0.0004	0.0000	0.0000	0.0000	0.0000	0.9859	0.0023	0.0114
0.0000	0.6566	0.2967	0.0000	0.0000	0.0002	0.0004	0.0460	0.0000	0.0000	0.0000	0.0000
0.0000	0.0000	0.0000	0.0000	0.0000	0.0000	0.0002	0.0000	0.0000	0.0000	0.0000	0.9998
0.0000	0.0000	0.7071	0.0000	0.0000	0.0000	0.2183	0.0000	0.0000	0.0000	0.0000	0.0746
0.0000	0.0000	0.0000	0.0000	0.0000	0.0000	0.0000	0.0000	0.0000	0.0000	0.0000	1.0000
0.0000	0.0000	0.0000	0.0000	0.0000	0.0000	0.0000	0.0000	0.0000	0.0000	1.0000	0.0000
0.0000	0.0000	0.0005	0.0000	0.0000	0.9990	0.0005	0.0000	0.0000	0.0000	0.0000	0.0000
0.0000	0.0000	1.0000	0.0000	0.0000	0.0000	0.0000	0.0000	0.0000	0.0000	0.0000	0.0000
0.0000	0.0000	1.0000	0.0000	0.0000	0.0000	0.0000	0.0000	0.0000	0.0000	0.0000	0.0000
0.0000	0.0000	0.0000	0.0000	0.0000	0.0000	0.0000	0.0000	0.0000	0.0000	0.0000	1.0000
0.0000	0.0000	0.0000	0.0000	0.0000	0.0000	0.0000	0.0000	0.0000	0.0000	0.0000	1.0000
0.0000	0.0000	1.0000	0.0000	0.0000	0.0000	0.0000	0.0000	0.0000	0.0000	0.0000	0.0000
0.0000	0.0000	0.0000	0.0000	0.0000	0.0000	0.0000	0.0000	0.0000	0.0000	0.0000	1.0000
0.0000	0.0000	0.0000	0.0000	0.0000	0.0000	0.0000	0.0000	0.0000	0.0000	0.0000	1.0000
0.0000	0.0000	0.0000	0.0000	0.0000	0.0000	0.0000	0.0000	0.0000	0.0000	0.0000	1.0000
0.0000	0.0000	1.0000	0.0000	0.0000	0.0000	0.0000	0.0000	0.0000	0.0000	0.0000	0.0000
0.0000	0.0000	0.0005	0.0000	0.0000	0.0000	0.0000	0.0000	0.0000	0.0000	0.0000	0.9995
0.0000	0.0000	0.0002	0.0000	0.0000	0.0000	0.0000	0.0000	0.0000	0.0000	0.0000	0.9998
0.0000	0.0000	1.0000	0.0000	0.0000	0.0000	0.0000	0.0000	0.0000	0.0000	0.0000	0.0000
0.0000	0.0000	1.0000	0.0000	0.0000	0.0000	0.0000	0.0000	0.0000	0.0000	0.0000	0.0000
0.0000	0.0000	0.0000	0.0000	0.0000	0.0000	0.0000	0.0000	0.0000	0.0000	0.0000	1.0000
0.0000	0.0000	0.0000	0.0000	0.0000	0.0000	0.0000	0.0000	0.0000	0.0000	0.0000	1.0000
0.0000	0.0000	1.0000	0.0000	0.0000	0.0000	0.0000	0.0000	0.0000	0.0000	0.0000	0.0000
0.0000	0.0000	1.0000	0.0000	0.0000	0.0000	0.0000	0.0000	0.0000	0.0000	0.0000	0.0000
0.0000	0.0000	1.0000	0.0000	0.0000	0.0000	0.0000	0.0000	0.0000	0.0000	0.0000	0.0000
0.0000	0.0000	0.9755	0.0000	0.0000	0.0000	0.0000	0.0000	0.0000	0.0000	0.0000	0.0245
0.0000	0.0000	0.9999	0.0000	0.0000	0.0000	0.0000	0.0000	0.0000	0.0000	0.0000	0.0001
0.0000	0.0000	0.0000	0.0000	0.0000	0.0000	0.0000	0.0000	0.0000	0.0000	0.0000	1.0000
0.0000	0.0000	1.0000	0.0000	0.0000	0.0000	0.0000	0.0000	0.0000	0.0000	0.0000	0.0000
0.0000	0.0000	0.0000	0.0000	0.0000	0.0000	1.0000	0.0000	0.0000	0.0000	0.0000	0.0000
0.0000	0.0000	0.0000	0.0000	0.0000	0.0000	0.0000	0.0000	1.0000	0.0000	0.0000	0.0000
0.0000	0.0000	0.0001	0.0000	0.0000	0.0000	0.9999	0.0000	0.0000	0.0000	0.0000	0.0000
0.0000	0.0000	0.0000	0.0000	0.0000	0.0000	1.0000	0.0000	0.0000	0.0000	0.0000	0.0000
0.0000	0.0000	0.0000	0.0000	0.0000	0.0000	0.0000	0.0000	1.0000	0.0000	0.0000	0.0000
0.0000	0.0000	0.0000	0.0000	0.0000	0.0000	1.0000	0.0000	0.0000	0.0000	0.0000	0.0000
0.0000	0.0000	0.0000	0.0000	0.0000	0.0000	0.0000	0.0000	1.0000	0.0000	0.0000	0.0000
0.0000	0.0000	0.0000	0.0000	0.0000	0.0000	0.0000	0.0000	1.0000	0.0000	0.0000	0.0000
0.0000	0.0000	0.0000	0.0000	0.0000	0.0000	1.0000	0.0000	0.0000	0.0000	0.0000	0.0000
0.0000	0.0000	0.0000	0.0000	0.0000	0.0000	0.0000	0.0000	1.0000	0.0000	0.0000	0.0000
0.0000	0.0000	0.0000	0.0000	0.0000	0.0000	1.0000	0.0000	0.0000	0.0000	0.0000	0.0000
0.0000	0.0000	0.0000	0.0000	0.0000	0.0000	0.0000	0.0000	1.0000	0.0000	0.0000	0.0000
0.0000	0.0000	0.0000	0.0000	0.0000	0.0000	1.0000	0.0000	0.0000	0.0000	0.0000	0.0000
0.0000	0.0000	0.0029	0.0000	0.0000	0.0000	0.9971	0.0000	0.0000	0.0000	0.0000	0.0000
0.0000	0.0000	0.0000	0.0000	0.0000	0.0000	0.0000	0.0000	1.0000	0.0000	0.0000	0.0000
0.0000	0.0000	0.0000	0.0000	0.0000	0.0000	1.0000	0.0000	0.0000	0.0000	0.0000	0.0000
0.0000	0.0000	1.0000	0.0000	0.0000	0.0000	0.0000	0.0000	0.0000	0.0000	0.0000	0.0000
0.0000	0.0000	1.0000	0.0000	0.0000	0.0000	0.0000	0.0000	0.0000	0.0000	0.0000	0.0000
0.0000	0.0000	0.0000	0.0000	0.0000	0.0000	1.0000	0.0000	0.0000	0.0000	0.0000	0.0000
0.0000	0.0000	0.0000	0.0000	0.0000	0.0000	0.0000	0.0000	1.0000	0.0000	0.0000	0.0000
0.0000	0.0000	0.0000	0.0000	0.0000	0.0000	0.0000	0.0000	1.0000	0.0000	0.0000	0.0000
0.0000	0.0000	0.0000	0.0000	0.0000	0.0000	0.0000	0.0000	1.0000	0.0000	0.0000	0.0000
0.0000	0.0000	0.0807	0.0000	0.0000	0.0000	0.9193	0.0000	0.0000	0.0000	0.0000	0.0000
0.0000	0.0000	1.0000	0.0000	0.0000	0.0000	0.0000	0.0000	0.0000	0.0000	0.0000	0.0000
0.0000	0.0000	0.0000	0.0000	0.0000	0.0000	1.0000	0.0000	0.0000	0.0000	0.0000	0.0000
0.0000	0.0000	0.0000	0.0000	0.0000	0.0000	0.0000	0.0000	1.0000	0.0000	0.0000	0.0000
0.0000	0.0000	0.9997	0.0000	0.0000	0.0000	0.0003	0.0000	0.0000	0.0000	0.0000	0.0000
0.0000	0.0000	0.0000	0.0000	0.0000	0.0000	0.0000	0.0000	1.0000	0.0000	0.0000	0.0000
0.0000	0.0000	0.9990	0.0000	0.0000	0.0000	0.0010	0.0000	0.0000	0.0000	0.0000	0.0000
0.0000	0.0000	0.0000	0.0000	0.0000	0.0000	1.0000	0.0000	0.0000	0.0000	0.0000	0.0000
