0.0000	0.0059	0.0040	0.0000	0.0000	0.0000	0.0257	0.9642	0.0000	0.0000	0.0000	0.0002
0.0000	0.0000	0.0000	0.0000	0.0000	0.0000	1.0000	0.0000	0.0000	0.0000	0.0000	0.0000
0.0434	0.0000	0.0000	0.0089	0.0022	0.0008	0.0002	0.0000	0.0278	0.8828	0.0332	0.0007
0.0000	0.0000	0.9990	0.0000	0.0006	0.0000	0.0000	0.0000	0.0000	0.0000	0.0000	0.0004
0.0000	0.0000	0.0000	0.0000	0.0000	0.0000	1.0000	0.0000	0.0000	0.0000	0.0000	0.0000
0.0000	0.0000	0.0001	0.0000	0.0000	0.0000	0.4190	0.0052	0.0001	0.0001	0.0000	0.5755
0.9985	0.0011	0.0000	0.0000	0.0000	0.0000	0.0001	0.0003	0.0000	0.0000	0.0000	0.0000
1.0000	0.0000	0.0000	0.0000	0.0000	0.0000	0.0000	0.0000	0.0000	0.0000	0.0000	0.0000
0.0007	0.0000	0.0011	0.0002	0.0000	0.0000	0.3273	0.5674	0.0002	0.0006	0.0000	0.1025
0.0002	0.0000	0.0024	0.0000	0.0000	0.0000	0.6281	0.1415	0.0003	0.0003	0.0000	0.2272
0.0900	0.0000	0.0000	0.0123	0.0003	0.0003	0.0000	0.0000	0.0093	0.8867	0.0009	0.0001
0.5836	0.0000	0.0000	0.0003	0.0000	0.0000	0.0934	0.0008	0.0735	0.0009	0.2474	0.0000
0.0000	0.4881	0.4493	0.0000	0.0000	0.0616	0.0006	0.0003	0.0000	0.0000	0.0000	0.0000
0.0000	0.0000	0.0004	0.0000	0.0000	0.0000	0.9913	0.0076	0.0000	0.0000	0.0000	0.0008
0.0000	0.0000	0.0000	0.0000	0.0000	0.0000	0.0000	0.0000	1.0000	0.0000	0.0000	0.0000
0.0024	0.0000	0.0098	0.0000	0.0000	0.0000	0.5132	0.4597	0.0001	0.0001	0.0000	0.0147
0.0000	0.0000	0.0000	0.0000	1.0000	0.0000	0.0000	0.0000	0.0000	0.0000	0.0000	0.0000
0.0000	0.8774	0.1215	0.0000	0.0000	0.0001	0.0008	0.0001	0.0000	0.0000	0.0000	0.0000
0.0038	0.0001	0.0012	0.0000	0.0000	0.9949	0.0000	0.0000	0.0000	0.0000	0.0000	0.0000
0.0001	0.0004	0.0010	0.0000	0.0000	0.0000	0.0333	0.9651	0.0000	0.0000	0.0000	0.0001
0.9924	0.0000	0.0000	0.0002	0.0000	0.0001	0.0001	0.0000	0.0030	0.0002	0.0041	0.0000
0.0000	0.0000	0.0000	0.0000	0.0000	0.0000	0.0000	0.0000	0.0000	0.0001	0.0000	0.9999
0.0002	0.0000	0.0000	0.0000	0.0000	0.0000	0.0000	0.0000	0.9998	0.0000	0.0000	0.0000
0.0001	0.0009	0.0009	0.0000	0.0000	0.0000	0.0263	0.9716	0.0000	0.0000	0.0000	0.0002
0.0000	0.0000	0.0000	0.0000	0.0000	0.0000	0.0000	0.0000	0.0001	0.9727	0.0000	0.0272
0.0002	0.0000	0.0091	0.0000	0.0000	0.0000	0.2619	0.5131	0.0001	0.0002	0.0000	0.2154
0.0002	0.0003	0.2709	0.0000	0.0002	0.0003	0.2787	0.1075	0.0001	0.0001	0.0000	0.3417
0.0045	0.3028	0.5336	0.0000	0.0000	0.0142	0.0653	0.0782	0.0000	0.0000	0.0000	0.0015
0.1720	0.0000	0.0000	0.0000	0.0000	0.8280	0.0000	0.0000	0.0000	0.0000	0.0000	0.0000
0.0000	0.0000	0.0000	0.0006	0.0000	0.0000	0.0000	0.9992	0.0000	0.0000	0.0000	0.0001
0.9999	0.0000	0.0000	0.0000	0.0000	0.0000	0.0000	0.0001	0.0000	0.0000	0.0000	0.0000
0.0430	0.0001	0.0194	0.0346	0.0077	0.0113	0.1304	0.4696	0.0042	0.0537	0.0079	0.2182
0.0000	0.6978	0.2834	0.0000	0.0000	0.0177	0.0007	0.0005	0.0000	0.0000	0.0000	0.0000
0.0000	0.0000	0.0000	0.0000	0.9997	0.0000	0.0000	0.0000	0.0000	0.0003	0.0000	0.0000
0.0000	0.0039	0.0084	0.0000	0.0000	0.0000	0.8808	0.1068	0.0000	0.0000	0.0000	0.0001
0.0000	0.0001	0.0006	0.0000	0.0000	0.0000	0.9714	0.0279	0.0000	0.0000	0.0000	0.0000
0.0000	0.0000	0.0000	0.0000	0.0000	0.0000	0.0000	0.0000	0.0000	0.9998	0.0000	0.0002
0.0002	0.0001	0.0001	0.0000	0.0000	0.9996	0.0000	0.0000	0.0000	0.0000	0.0000	0.0000
1.0000	0.0000	0.0000	0.0000	0.0000	0.0000	0.0000	0.0000	0.0000	0.0000	0.0000	0.0000
0.0004	0.0002	0.0008	0.0055	0.0000	0.0003	0.0013	0.9886	0.0000	0.0000	0.0000	0.0029
0.0000	0.0000	0.0000	0.0000	0.0000	0.0000	0.0000	0.0000	1.0000	0.0000	0.0000	0.0000
0.0000	0.0000	0.0000	0.0000	0.0000	0.0000	0.0000	0.0000	0.0000	0.0000	1.0000	0.0000
0.0004	0.0000	0.0135	0.0000	0.0000	0.0000	0.1198	0.0000	0.1260	0.0076	0.0000	0.7326
0.0000	0.0000	0.0402	0.0000	0.0000	0.0000	0.8922	0.0000	0.0035	0.0000	0.0000	0.0640
0.0001	0.0000	0.0035	0.0000	0.0000	0.0000	0.5286	0.3548	0.0000	0.0000	0.0000	0.1130
0.0028	0.0000	0.0001	0.0001	0.0000	0.0000	0.3209	0.6641	0.0001	0.0002	0.0000	0.0117
0.0020	0.0000	0.0002	0.0041	0.0091	0.0044	0.0003	0.0003	0.0022	0.8875	0.0002	0.0898
0.0001	0.7661	0.2117	0.0000	0.0000	0.0147	0.0016	0.0058	0.0000	0.0000	0.0000	0.0000
0.0020	0.0006	0.0919	0.0000	0.0001	0.9028	0.0006	0.0007	0.0000	0.0000	0.0000	0.0013
0.0000	0.0000	0.0004	0.0000	0.0000	0.0000	0.0798	0.8960	0.0000	0.0000	0.0000	0.0238
1.0000	0.0000	0.0000	0.0000	0.0000	0.0000	0.0000	0.0000	0.0000	0.0000	0.0000	0.0000
0.0000	0.0000	0.0000	0.0000	0.0000	0.0000	0.0000	0.9999	0.0000	0.0000	0.0000	0.0000
0.1001	0.0000	0.0000	0.0000	0.0000	0.0000	0.0023	0.0000	0.8960	0.0017	0.0000	0.0000
0.0018	0.0000	0.0000	0.0161	0.0097	0.0004	0.0000	0.0000	0.0012	0.9663	0.0025	0.0020
0.0000	0.5064	0.4344	0.0000	0.0000	0.0583	0.0006	0.0003	0.0000	0.0000	0.0000	0.0000
0.0000	0.0002	0.0006	0.0000	0.0000	0.9992	0.0000	0.0000	0.0000	0.0000	0.0000	0.0000
0.0000	0.0000	0.0000	0.0000	0.0000	0.0000	0.8868	0.1131	0.0000	0.0000	0.0000	0.0000
0.0000	0.0000	0.0000	0.0000	0.0000	0.0000	0.0000	0.0000	1.0000	0.0000	0.0000	0.0000
0.0073	0.0000	0.0028	0.0000	0.0000	0.0000	0.9830	0.0064	0.0002	0.0000	0.0000	0.0003
0.2501	0.0000	0.0000	0.0001	0.0000	0.0000	0.0008	0.0000	0.2955	0.4534	0.0000	0.0000
0.0001	0.0000	0.0000	0.0000	0.0000	0.0000	0.0000	0.0000	0.9999	0.0000	0.0000	0.0000
0.0001	0.0000	0.0000	0.0000	0.0000	0.0000	0.0000	0.0000	0.9999	0.0000	0.0000	0.0000
0.0000	0.0000	0.0000	1.0000	0.0000	0.0000	0.0000	0.0000	0.0000	0.0000	0.0000	0.0000
0.0000	0.0043	0.9237	0.0000	0.0000	0.0007	0.0397	0.0050	0.0000	0.0000	0.0000	0.0266
0.0000	0.0000	0.0000	0.0000	0.0000	0.0000	0.0041	0.0000	0.0032	0.2802	0.0000	0.7125
0.0014	0.0000	0.0002	0.0000	0.0002	0.9981	0.0000	0.0000	0.0000	0.0001	0.0000	0.0000
0.0000	0.0000	0.2760	0.0000	0.0000	0.0000	0.4299	0.0047	0.0000	0.0000	0.0000	0.2894
0.0000	0.0000	0.0028	0.0000	0.0000	0.0000	0.0009	0.9803	0.0000	0.0000	0.0000	0.0161
0.0000	0.0000	0.0000	0.0000	0.0000	0.0000	0.0001	0.0000	0.0039	0.9114	0.0000	0.0846
0.9942	0.0000	0.0001	0.0001	0.0000	0.0027	0.0004	0.0000	0.0017	0.0009	0.0000	0.0000
0.0000	0.0005	0.2740	0.0000	0.0000	0.0000	0.0137	0.6178	0.0000	0.0000	0.0000	0.0939
0.0000	0.0000	0.0000	0.0000	0.9926	0.0000	0.0000	0.0000	0.0000	0.0074	0.0000	0.0000
0.0000	0.0000	0.0000	0.0000	0.0000	0.0000	0.0000	0.0000	0.0001	0.9999	0.0000	0.0000
0.0002	0.0000	0.0000	0.0096	0.0150	0.0000	0.0000	0.0000	0.0000	0.0496	0.9257	0.0000
0.0000	0.1560	0.8374	0.0000	0.0000	0.0001	0.0061	0.0002	0.0000	0.0000	0.0000	0.0001
0.0000	0.0000	0.0000	0.0000	0.0000	0.0000	0.0000	1.0000	0.0000	0.0000	0.0000	0.0000
0.0000	0.0000	0.0000	0.0000	0.0000	0.0000	0.0088	0.9889	0.0000	0.0000	0.0000	0.0023
0.9674	0.0000	0.0000	0.0289	0.0000	0.0000	0.0000	0.0000	0.0002	0.0034	0.0000	0.0000
0.0000	0.0000	0.0000	0.0000	0.0000	0.0000	0.0000	0.0000	1.0000	0.0000	0.0000	0.0000
0.0000	0.0000	0.0000	0.0000	0.0000	0.0000	0.0000	0.0000	0.0000	0.0014	0.0000	0.9986
0.0000	0.0000	0.0036	0.0000	0.0000	0.0000	0.9935	0.0011	0.0000	0.0000	0.0000	0.0018
0.0000	0.0000	0.0000	0.0000	0.0000	0.0000	0.0000	0.0000	0.0000	0.0032	0.0000	0.9968
0.0000	0.0000	1.0000	0.0000	0.0000	0.0000	0.0000	0.0000	0.0000	0.0000	0.0000	0.0000
0.0000	0.0000	0.0000	0.0000	0.0000	0.0000	0.0000	0.0000	0.0000	0.0000	0.0000	1.0000
0.0000	0.0000	0.0000	0.0000	0.0000	0.0000	0.0000	0.0000	0.0000	0.0000	0.0000	1.0000
0.0000	0.0000	1.0000	0.0000	0.0000	0.0000	0.0000	0.0000	0.0000	0.0000	0.0000	0.0000
0.0000	0.0000	1.0000	0.0000	0.0000	0.0000	0.0000	0.0000	0.0000	0.0000	0.0000	0.0000
0.0000	0.0000	0.0000	0.0000	0.0000	0.0000	0.0000	0.0000	0.0000	0.0000	0.0000	1.0000
0.0000	0.0000	1.0000	0.0000	0.0000	0.0000	0.0000	0.0000	0.0000	0.0000	0.0000	0.0000
0.0000	0.0000	0.0000	0.0000	0.0000	0.0000	0.0000	0.0000	0.0000	0.0000	0.0000	1.0000
0.0000	0.0000	0.0000	0.0000	0.0000	0.0000	0.0000	0.0000	0.0000	0.0000	0.0000	1.0000
0.0000	0.0000	1.0000	0.0000	0.0000	0.0000	0.0000	0.0000	0.0000	0.0000	0.0000	0.0000
0.0000	0.0000	0.0000	0.0000	0.0000	0.0000	0.0000	0.0000	0.0000	0.0000	0.0000	1.0000
0.0000	0.0000	0.0000	0.0000	0.0000	0.0000	0.0000	0.0000	0.0000	0.0000	0.0000	1.0000
0.0000	0.0000	1.0000	0.0000	0.0000	0.0000	0.0000	0.0000	0.0000	0.0000	0.0000	0.0000
0.0000	0.0000	0.0000	0.0000	0.0000	0.0000	0.0000	0.0000	0.0000	0.0000	0.0000	1.0000
0.0000	0.0000	0.0000	0.0000	0.0000	0.0000	0.0000	0.0000	0.0000	0.0000	0.0000	1.0000
0.0000	0.0000	0.0000	0.0000	0.0000	0.0000	0.0000	0.0000	0.0000	0.0000	0.0000	1.0000
0.0000	0.0000	1.0000	0.0000	0.0000	0.0000	0.0000	0.0000	0.0000	0.0000	0.0000	0.0000
0.0000	0.0000	0.0000	0.0000	0.0000	0.0000	0.0000	0.0000	0.0000	0.0000	0.0000	1.0000
0.0000	0.0000	1.0000	0.0000	0.0000	0.0000	0.0000	0.0000	0.0000	0.0000	0.0000	0.0000
0.0000	0.0000	0.0000	0.0000	0.0000	0.0000	0.0000	0.0000	1.0000	0.0000	0.0000	0.0000
0.0000	0.0000	1.0000	0.0000	0.0000	0.0000	0.0000	0.0000	0.0000	0.0000	0.0000	0.0000
0.0000	0.0000	0.0000	0.0000	0.0000	0.0000	1.0000	0.0000	0.0000	0.0000	0.0000	0.0000
0.0000	0.0000	0.0000	0.0000	0.0000	0.0000	0.0000	0.0000	1.0000	0.0000	0.0000	0.0000
0.0000	0.0000	0.0000	0.0000	0.0000	0.0000	0.0000	0.0000	1.0000	0.0000	0.0000	0.0000
0.0000	0.0000	1.0000	0.0000	0.0000	0.0000	0.0000	0.0000	0.0000	0.0000	0.0000	0.0000
0.0000	0.0000	0.0021	0.0000	0.0000	0.0000	0.9979	0.0000	0.0000	0.0000	0.0000	0.0000
0.0000	0.0000	0.0000	0.0000	0.0000	0.0000	1.0000	0.0000	0.0000	0.0000	0.0000	0.0000
0.0000	0.0000	0.0000	0.0000	0.0000	0.0000	0.0000	0.0000	1.0000	0.0000	0.0000	0.0000
0.0000	0.0000	1.0000	0.0000	0.0000	0.0000	0.0000	0.0000	0.0000	0.0000	0.0000	0.0000
0.0000	0.0002	0.8714	0.0000	0.0000	0.0000	0.1285	0.0000	0.0000	0.0000	0.0000	0.0000
0.0000	0.0000	0.0000	0.0000	0.0000	0.0000	0.0007	0.0000	0.9993	0.0000	0.0000	0.0000
0.0000	0.0000	0.0000	0.0000	0.0000	0.0000	0.0511	0.0000	0.9489	0.0000	0.0000	0.0000
0.0000	0.0000	1.0000	0.0000	0.0000	0.0000	0.0000	0.0000	0.0000	0.0000	0.0000	0.0000
0.0000	0.0000	0.0000	0.0000	0.0000	0.0000	1.0000	0.0000	0.0000	0.0000	0.0000	0.0000
0.0000	0.0000	0.0000	0.0000	0.0000	0.0000	0.0000	0.0000	1.0000	0.0000	0.0000	0.0000
0.0000	0.0000	0.0000	0.0000	0.0000	0.0000	0.0000	0.0000	1.0000	0.0000	0.0000	0.0000
0.0000	0.0000	0.0000	0.0000	0.0000	0.0000	1.0000	0.0000	0.0000	0.0000	0.0000	0.0000
0.0000	0.0000	0.0000	0.0000	0.0000	0.0000	0.0000	0.0000	1.0000	0.0000	0.0000	0.0000
0.0000	0.0000	0.0000	0.0000	0.0000	0.0000	0.0000	0.0000	1.0000	0.0000	0.0000	0.0000
0.0000	0.0000	0.0000	0.0000	0.0000	0.0000	1.0000	0.0000	0.0000	0.0000	0.0000	0.0000
0.0000	0.0000	0.0000	0.0000	0.0000	0.0000	1.0000	0.0000	0.0000	0.0000	0.0000	0.0000
0.0000	0.0000	0.0000	0.0000	0.0000	0.0000	0.0000	0.0000	1.0000	0.0000	0.0000	0.0000
0.0000	0.0000	0.0000	0.0000	0.0000	0.0000	1.0000	0.0000	0.0000	0.0000	0.0000	0.0000
0.0000	0.0000	0.0000	0.0000	0.0000	0.0000	0.0000	0.0000	1.0000	0.0000	0.0000	0.0000
0.0000	0.0002	0.9973	0.0000	0.0000	0.0000	0.0025	0.0000	0.0000	0.0000	0.0000	0.0000
0.0000	0.0000	1.0000	0.0000	0.0000	0.0000	0.0000	0.0000	0.0000	0.0000	0.0000	0.0000
0.0000	0.0000	0.0000	0.0000	0.0000	0.0000	1.0000	0.0000	0.0000	0.0000	0.0000	0.0000
0.0000	0.0000	0.0000	0.0000	0.0000	0.0000	1.0000	0.0000	0.0000	0.0000	0.0000	0.0000
0.0000	0.0000	0.0000	0.0000	0.0000	0.0000	0.0000	0.0000	1.0000	0.0000	0.0000	0.0000
0.0000	0.0001	0.9164	0.0000	0.0000	0.0000	0.0835	0.0000	0.0000	0.0000	0.0000	0.0000
0.0000	0.0000	0.0000	0.0000	0.0000	0.0000	1.0000	0.0000	0.0000	0.0000	0.0000	0.0000
