0.0007	0.0000	0.0000	0.0000	0.0000	0.0000	0.0006	0.0011	0.0000	0.0086	0.0015	0.9875
0.0000	0.0005	0.0011	0.0000	0.0000	0.0000	0.0025	0.9958	0.0000	0.0000	0.0000	0.0001
0.0025	0.0000	0.0000	0.0007	0.0002	0.0002	0.0003	0.0000	0.0020	0.9890	0.0013	0.0040
0.0000	0.0000	0.0000	0.0000	0.0000	0.0000	0.0000	0.0000	0.0000	0.0000	1.0000	0.0000
0.0000	0.0000	0.0000	0.0000	0.0000	0.0000	0.0000	1.0000	0.0000	0.0000	0.0000	0.0000
0.0000	0.0000	0.0000	0.0000	0.0000	0.0000	0.0000	0.0000	1.0000	0.0000	0.0000	0.0000
0.0000	0.0000	0.0000	0.0000	0.0000	0.0000	0.0000	0.0000	0.0000	1.0000	0.0000	0.0000
0.0006	0.0165	0.0016	0.0002	0.0005	0.9804	0.0002	0.0000	0.0000	0.0000	0.0000	0.0000
0.9852	0.0000	0.0000	0.0000	0.0000	0.0000	0.0000	0.0000	0.0007	0.0001	0.0140	0.0000
0.0000	0.0000	0.0000	0.0000	0.0000	0.0000	0.0004	0.0000	0.0000	0.0000	0.0000	0.9996
0.0000	0.0000	0.0000	0.0000	0.0000	0.0019	0.0000	0.0000	0.9981	0.0000	0.0000	0.0000
0.0000	0.0000	0.0000	0.0000	0.0000	0.0001	0.0000	0.0000	0.9999	0.0000	0.0000	0.0000
0.0001	0.0003	0.0237	0.0000	0.0000	0.0001	0.6081	0.3609	0.0000	0.0000	0.0002	0.0067
0.0001	0.0267	0.3811	0.0000	0.0002	0.0027	0.3195	0.2466	0.0000	0.0000	0.0003	0.0229
0.0000	0.0000	0.0000	0.0000	0.0000	0.0000	0.0000	0.0000	0.0000	0.5266	0.0003	0.4731
0.0000	0.0000	0.0000	0.0000	0.0000	0.0000	0.0000	0.0001	0.0000	0.0185	0.0007	0.9806
0.0000	0.0000	0.0000	0.0000	0.0000	0.0000	0.0000	0.0000	0.0000	1.0000	0.0000	0.0000
0.0000	0.0000	0.0000	0.0000	0.0000	0.9999	0.0000	0.0000	0.0000	0.0000	0.0000	0.0000
0.9931	0.0000	0.0000	0.0000	0.0000	0.0066	0.0000	0.0000	0.0002	0.0000	0.0000	0.0000
0.0000	0.0000	0.0000	0.0000	0.0000	0.0000	0.0000	0.0000	1.0000	0.0000	0.0000	0.0000
0.0000	0.0000	0.0000	0.8252	0.0000	0.0009	0.0000	0.0000	0.0047	0.1692	0.0000	0.0000
0.0000	0.0000	0.0000	0.0000	0.0000	1.0000	0.0000	0.0000	0.0000	0.0000	0.0000	0.0000
0.0000	0.0000	0.0003	0.0000	0.0000	0.0000	0.0146	0.9850	0.0000	0.0000	0.0000	0.0000
0.9955	0.0000	0.0000	0.0000	0.0000	0.0000	0.0000	0.0000	0.0045	0.0000	0.0000	0.0000
0.0000	0.0000	0.0000	1.0000	0.0000	0.0000	0.0000	0.0000	0.0000	0.0000	0.0000	0.0000
0.0820	0.0000	0.0000	0.0020	0.0000	0.0000	0.0000	0.0000	0.0000	0.0193	0.8966	0.0000
0.0000	0.6703	0.3260	0.0000	0.0000	0.0023	0.0013	0.0002	0.0000	0.0000	0.0000	0.0000
0.0019	0.1322	0.3016	0.0001	0.0041	0.3511	0.1533	0.0334	0.0001	0.0007	0.0004	0.0211
0.0000	0.0000	0.0000	0.0000	0.0000	0.0000	0.0000	1.0000	0.0000	0.0000	0.0000	0.0000
0.9999	0.0000	0.0000	0.0000	0.0000	0.0000	0.0000	0.0000	0.0000	0.0000	0.0000	0.0000
0.0000	0.0001	0.0066	0.0000	0.0000	0.0000	0.0040	0.9515	0.0000	0.0000	0.0003	0.0375
0.0000	0.0000	0.0000	0.0416	0.0000	0.0000	0.0000	0.0000	0.1398	0.4682	0.0000	0.3505
0.0000	0.0000	0.0000	0.0138	0.0000	0.0000	0.0000	0.0000	0.0003	0.9785	0.0001	0.0074
0.0002	0.0000	0.0000	0.0303	0.0000	0.0000	0.0000	0.0000	0.0003	0.9223	0.0045	0.0423
0.0000	0.0457	0.9326	0.0000	0.0000	0.0001	0.0209	0.0007	0.0000	0.0000	0.0000	0.0000
0.0000	0.2664	0.7256	0.0000	0.0000	0.0028	0.0046	0.0005	0.0000	0.0000	0.0000	0.0001
0.0000	0.0007	0.0230	0.0000	0.0000	0.0000	0.0185	0.9541	0.0000	0.0000	0.0001	0.0037
0.0002	0.0000	0.0001	0.0000	0.0000	0.0000	0.0021	0.0165	0.0000	0.0015	0.0087	0.9710
0.0014	0.3349	0.1657	0.0000	0.0012	0.0710	0.1562	0.2652	0.0000	0.0001	0.0003	0.0040
0.0000	0.0000	0.0001	0.0000	0.0000	0.0000	0.0046	0.0047	0.0000	0.0010	0.0003	0.9892
0.0032	0.0000	0.0000	0.0000	0.0000	0.9968	0.0000	0.0000	0.0000	0.0000	0.0000	0.0000
1.0000	0.0000	0.0000	0.0000	0.0000	0.0000	0.0000	0.0000	0.0000	0.0000	0.0000	0.0000
0.0000	0.0000	0.0001	0.0000	0.0000	0.0000	0.0174	0.0093	0.0000	0.0004	0.0000	0.9728
0.0000	0.0000	0.0000	0.0000	0.0000	0.0000	0.0002	0.9990	0.0000	0.0000	0.0000	0.0008
0.0000	0.0000	0.0056	0.0000	0.0000	0.0000	0.6947	0.2981	0.0000	0.0000	0.0000	0.0015
0.0221	0.0000	0.0000	0.0000	0.0000	0.0000	0.0000	0.0000	0.0000	0.0001	0.9774	0.0004
0.0000	0.0000	0.0000	0.0000	0.0000	0.0000	0.9857	0.0142	0.0000	0.0000	0.0000	0.0000
0.0000	0.0000	0.0000	0.0000	0.0000	0.0000	0.0000	0.0000	1.0000	0.0000	0.0000	0.0000
0.0193	0.4318	0.1801	0.0001	0.0017	0.3207	0.0378	0.0067	0.0000	0.0001	0.0004	0.0014
0.0034	0.0000	0.0001	0.0000	0.0000	0.0002	0.9947	0.0012	0.0001	0.0001	0.0000	0.0001
0.0159	0.0000	0.0001	0.0000	0.0000	0.0006	0.9816	0.0013	0.0001	0.0002	0.0000	0.0002
0.0000	0.0000	0.0000	0.0000	0.0000	0.0000	0.0000	0.0000	0.0000	1.0000	0.0000	0.0000
0.0000	0.9708	0.0285	0.0000	0.0000	0.0006	0.0000	0.0000	0.0000	0.0000	0.0000	0.0000
0.0000	0.3533	0.5627	0.0000	0.0002	0.0576	0.0253	0.0006	0.0000	0.0000	0.0000	0.0002
0.0000	0.5449	0.2978	0.0000	0.0002	0.1458	0.0110	0.0002	0.0000	0.0000	0.0000	0.0000
0.0000	0.0000	0.0000	0.0000	0.0000	0.0000	0.0005	0.0000	0.0000	0.0000	0.0000	0.9994
0.0000	0.0000	0.0000	0.0000	0.0000	0.0000	0.0329	0.0000	0.0001	0.0000	0.0000	0.9670
0.0000	0.0000	0.0000	0.0000	0.0000	0.0000	0.0000	0.0000	0.9999	0.0000	0.0000	0.0000
0.0000	0.0000	0.0000	0.0000	0.0000	0.0001	0.0000	0.0000	0.9999	0.0000	0.0000	0.0000
0.0000	0.0109	0.9586	0.0000	0.0000	0.0003	0.0283	0.0007	0.0000	0.0000	0.0000	0.0012
0.0000	0.9356	0.0622	0.0000	0.0000	0.0018	0.0003	0.0001	0.0000	0.0000	0.0000	0.0000
0.0000	0.0025	0.7513	0.0000	0.0000	0.0002	0.2176	0.0062	0.0000	0.0000	0.0001	0.0221
0.0000	0.0000	0.0009	0.0000	0.0000	0.0000	0.0357	0.0021	0.0000	0.0015	0.0000	0.9598
0.0000	0.0000	0.0000	0.0000	0.0000	0.0000	0.0002	0.0000	0.6344	0.3646	0.0000	0.0008
0.0000	0.7749	0.1376	0.0000	0.0001	0.0846	0.0027	0.0001	0.0000	0.0000	0.0000	0.0000
0.0001	0.0008	0.0005	0.0000	0.0006	0.0005	0.0002	0.9873	0.0000	0.0007	0.0043	0.0050
0.5633	0.0000	0.0000	0.0000	0.0000	0.0000	0.0003	0.0000	0.4363	0.0001	0.0000	0.0000
0.0004	0.0000	0.0000	0.0000	0.0000	0.0000	0.0000	0.0000	0.9995	0.0000	0.0000	0.0000
0.0000	0.7761	0.2114	0.0000	0.0000	0.0114	0.0006	0.0003	0.0000	0.0000	0.0000	0.0001
0.0000	0.0000	0.0000	0.0000	0.0000	0.0000	0.0000	0.0000	0.0000	0.0000	0.0000	1.0000
0.0000	0.0000	0.0162	0.0000	0.0000	0.0000	0.0014	0.0117	0.0000	0.0000	0.0001	0.9706
0.0000	0.0000	0.0000	0.0000	0.0000	0.0000	0.0000	0.0000	0.0000	0.9998	0.0000	0.0002
0.0000	0.0000	0.0000	0.0000	0.0000	0.0000	0.0000	0.0000	0.0000	1.0000	0.0000	0.0000
0.0006	0.0000	0.0000	0.0000	0.0000	0.9956	0.0000	0.0000	0.0034	0.0004	0.0000	0.0000
0.0000	0.0000	0.0000	0.0000	0.0000	0.0000	0.0000	0.0000	0.0000	0.0000	0.0000	1.0000
0.0000	0.0000	0.0000	0.0000	0.0000	0.0000	0.0030	0.0009	0.0000	0.0000	0.0002	0.9959
0.0035	0.0000	0.0000	0.9959	0.0000	0.0000	0.0000	0.0000	0.0004	0.0000	0.0001	0.0000
0.0000	0.0000	0.0005	0.0000	0.0000	0.0000	0.0096	0.8102	0.0000	0.0003	0.0001	0.1792
0.0002	0.0000	0.0000	0.0001	0.0000	0.0000	0.0000	0.0000	0.0001	0.8547	0.0041	0.1409
0.0000	0.3012	0.6686	0.0000	0.0000	0.0005	0.0127	0.0170	0.0000	0.0000	0.0000	0.0001
0.0000	0.1214	0.0248	0.0000	0.0003	0.8532	0.0003	0.0000	0.0000	0.0000	0.0000	0.0000
0.0000	0.0000	0.0144	0.0000	0.0000	0.0000	0.2720	0.7111	0.0000	0.0000	0.0000	0.0024
0.0000	0.0000	0.0005	0.0000	0.0000	0.0000	0.0263	0.9154	0.0000	0.0000	0.0000	0.0578
0.0000	0.0000	0.0000	0.0000	0.0000	0.0000	0.0000	0.0000	0.0000	0.0000	0.0000	1.0000
0.0000	0.0000	0.0000	0.0000	0.0000	0.0000	0.0000	0.0000	0.0000	0.0000	0.0000	1.0000
0.0000	0.0000	1.0000	0.0000	0.0000	0.0000	0.0000	0.0000	0.0000	0.0000	0.0000	0.0000
0.0000	0.0000	1.0000	0.0000	0.0000	0.0000	0.0000	0.0000	0.0000	0.0000	0.0000	0.0000
0.0000	0.0000	1.0000	0.0000	0.0000	0.0000	0.0000	0.0000	0.0000	0.0000	0.0000	0.0000
0.0000	0.0000	1.0000	0.0000	0.0000	0.0000	0.0000	0.0000	0.0000	0.0000	0.0000	0.0000
0.0000	0.0000	1.0000	0.0000	0.0000	0.0000	0.0000	0.0000	0.0000	0.0000	0.0000	0.0000
0.0000	0.0000	1.0000	0.0000	0.0000	0.0000	0.0000	0.0000	0.0000	0.0000	0.0000	0.0000
0.0000	0.0000	0.0000	0.0000	0.0000	0.0000	0.0000	0.0000	0.0000	0.0000	0.0000	1.0000
0.0000	0.0000	0.0000	0.0000	0.0000	0.0000	0.0000	0.0000	0.0000	0.0000	0.0000	1.0000
0.0000	0.0000	1.0000	0.0000	0.0000	0.0000	0.0000	0.0000	0.0000	0.0000	0.0000	0.0000
0.0000	0.0000	1.0000	0.0000	0.0000	0.0000	0.0000	0.0000	0.0000	0.0000	0.0000	0.0000
0.0000	0.0000	0.0000	0.0000	0.0000	0.0000	0.0000	0.0000	0.0000	0.0000	0.0000	1.0000
0.0000	0.0000	0.0000	0.0000	0.0000	0.0000	0.0000	0.0000	0.0000	0.0000	0.0000	1.0000
0.0000	0.0000	1.0000	0.0000	0.0000	0.0000	0.0000	0.0000	0.0000	0.0000	0.0000	0.0000
0.0000	0.0000	0.0086	0.0000	0.0000	0.0000	0.0000	0.0000	0.0000	0.0000	0.0000	0.9914
0.0000	0.0000	0.0000	0.0000	0.0000	0.0000	0.0000	0.0000	0.0000	0.0000	0.0000	1.0000
0.0000	0.0000	0.0000	0.0000	0.0000	0.0000	0.0000	0.0000	0.0000	0.0000	0.0000	1.0000
0.0000	0.0000	0.0000	0.0000	0.0000	0.0000	0.0000	0.0000	0.0000	0.0000	0.0000	1.0000
0.0000	0.0000	1.0000	0.0000	0.0000	0.0000	0.0000	0.0000	0.0000	0.0000	0.0000	0.0000
0.0000	0.0000	1.0000	0.0000	0.0000	0.0000	0.0000	0.0000	0.0000	0.0000	0.0000	0.0000
0.0000	0.0000	0.0000	0.0000	0.0000	0.0000	0.0000	0.0000	1.0000	0.0000	0.0000	0.0000
0.0000	0.0000	0.0000	0.0000	0.0000	0.0000	1.0000	0.0000	0.0000	0.0000	0.0000	0.0000
0.0000	0.0000	0.0000	0.0000	0.0000	0.0000	0.9998	0.0000	0.0002	0.0000	0.0000	0.0000
0.0000	0.0000	0.0000	0.0000	0.0000	0.0000	0.0000	0.0000	1.0000	0.0000	0.0000	0.0000
0.0000	0.0000	0.0000	0.0000	0.0000	0.0000	0.0000	0.0000	1.0000	0.0000	0.0000	0.0000
0.0000	0.0000	0.0000	0.0000	0.0000	0.0000	0.0000	0.0000	1.0000	0.0000	0.0000	0.0000
0.0000	0.0000	0.9995	0.0000	0.0000	0.0000	0.0005	0.0000	0.0000	0.0000	0.0000	0.0000
0.0000	0.0000	0.0000	0.0000	0.0000	0.0000	0.0000	0.0000	1.0000	0.0000	0.0000	0.0000
0.0000	0.0000	0.9877	0.0000	0.0000	0.0000	0.0123	0.0000	0.0000	0.0000	0.0000	0.0000
0.0000	0.0000	1.0000	0.0000	0.0000	0.0000	0.0000	0.0000	0.0000	0.0000	0.0000	0.0000
0.0000	0.0000	0.0000	0.0000	0.0000	0.0000	1.0000	0.0000	0.0000	0.0000	0.0000	0.0000
0.0000	0.0000	0.0000	0.0000	0.0000	0.0000	0.0000	0.0000	1.0000	0.0000	0.0000	0.0000
0.0000	0.0000	0.0000	0.0000	0.0000	0.0000	1.0000	0.0000	0.0000	0.0000	0.0000	0.0000
0.0000	0.0000	0.0000	0.0000	0.0000	0.0000	0.0000	0.0000	1.0000	0.0000	0.0000	0.0000
0.0000	0.0000	0.0000	0.0000	0.0000	0.0000	0.0000	0.0000	1.0000	0.0000	0.0000	0.0000
0.0000	0.0000	0.0000	0.0000	0.0000	0.0000	1.0000	0.0000	0.0000	0.0000	0.0000	0.0000
0.0000	0.0000	0.0000	0.0000	0.0000	0.0000	0.0000	0.0000	1.0000	0.0000	0.0000	0.0000
0.0000	0.0000	1.0000	0.0000	0.0000	0.0000	0.0000	0.0000	0.0000	0.0000	0.0000	0.0000
0.0000	0.0000	0.3772	0.0000	0.0000	0.0000	0.6228	0.0000	0.0000	0.0000	0.0000	0.0000
0.0000	0.0000	0.0000	0.0000	0.0000	0.0000	1.0000	0.0000	0.0000	0.0000	0.0000	0.0000
0.0000	0.0000	0.0000	0.0000	0.0000	0.0000	0.0000	0.0000	1.0000	0.0000	0.0000	0.0000
0.0000	0.0000	0.4173	0.0000	0.0000	0.0000	0.5827	0.0000	0.0000	0.0000	0.0000	0.0000
0.0000	0.0000	1.0000	0.0000	0.0000	0.0000	0.0000	0.0000	0.0000	0.0000	0.0000	0.0000
0.0000	0.0000	0.0000	0.0000	0.0000	0.0000	1.0000	0.0000	0.0000	0.0000	0.0000	0.0000
0.0000	0.0000	0.0000	0.0000	0.0000	0.0000	0.9999	0.0000	0.0001	0.0000	0.0000	0.0000
0.0000	0.0000	0.0000	0.0000	0.0000	0.0000	0.0000	0.0000	1.0000	0.0000	0.0000	0.0000
0.0000	0.0000	0.0000	0.0000	0.0000	0.0000	1.0000	0.0000	0.0000	0.0000	0.0000	0.0000
0.0000	0.0000	0.0000	0.0000	0.0000	0.0000	0.0000	0.0000	1.0000	0.0000	0.0000	0.0000
0.0000	0.0000	0.0000	0.0000	0.0000	0.0000	0.0000	0.0000	1.0000	0.0000	0.0000	0.0000
