0.0023	0.0000	0.0000	0.0000	0.0000	0.0000	0.0000	0.0000	0.0001	0.8914	0.0000	0.1060
0.0156	0.0000	0.0000	0.0000	0.0000	0.0000	0.0012	0.0000	0.0210	0.9252	0.0000	0.0370
1.0000	0.0000	0.0000	0.0000	0.0000	0.0000	0.0000	0.0000	0.0000	0.0000	0.0000	0.0000
0.0000	0.0000	0.0002	0.0000	0.0000	0.0000	0.0567	0.0001	0.0002	0.0020	0.0000	0.9407
0.0000	0.0004	0.1404	0.0000	0.0000	0.0002	0.7624	0.0162	0.0000	0.0000	0.0000	0.0803
0.9658	0.0000	0.0000	0.0013	0.0000	0.0001	0.0000	0.0000	0.0004	0.0322	0.0002	0.0000
0.9696	0.0000	0.0000	0.0222	0.0005	0.0021	0.0000	0.0000	0.0001	0.0029	0.0026	0.0000
0.0000	0.5371	0.4432	0.0000	0.0001	0.0192	0.0003	0.0000	0.0000	0.0000	0.0000	0.0000
0.0000	0.0537	0.0112	0.0000	0.0000	0.9351	0.0000	0.0000	0.0000	0.0000	0.0000	0.0000
0.0000	0.0000	0.0000	0.0000	0.0000	0.0000	0.9999	0.0000	0.0000	0.0000	0.0000	0.0001
0.0000	0.0000	0.0000	0.0000	0.0000	0.0000	0.0000	0.0000	1.0000	0.0000	0.0000	0.0000
0.0000	0.0000	0.0000	0.0000	0.0000	0.0000	0.0000	0.0000	1.0000	0.0000	0.0000	0.0000
0.0000	0.0000	0.0000	0.0000	0.0000	0.0000	0.0000	0.0000	0.0000	0.9997	0.0000	0.0002
0.0000	0.0000	0.0000	0.0000	0.9999	0.0000	0.0000	0.0000	0.0000	0.0000	0.0001	0.0000
0.0000	0.8486	0.1509	0.0000	0.0000	0.0004	0.0000	0.0000	0.0000	0.0000	0.0000	0.0000
0.0015	0.0069	0.0043	0.0000	0.0001	0.9871	0.0001	0.0000	0.0000	0.0000	0.0000	0.0000
0.0057	0.0000	0.0000	0.0000	0.0000	0.0040	0.7665	0.2237	0.0000	0.0000	0.0000	0.0000
0.9991	0.0000	0.0000	0.0000	0.0000	0.0000	0.0000	0.0000	0.0006	0.0001	0.0001	0.0000
0.9675	0.0000	0.0000	0.0005	0.0000	0.0000	0.0000	0.0000	0.0023	0.0011	0.0286	0.0000
0.0000	0.0000	0.0000	0.0000	0.0000	0.0000	0.0340	0.0000	0.0000	0.0004	0.0000	0.9656
0.0001	0.0006	0.0072	0.0000	0.0000	0.0043	0.9723	0.0154	0.0000	0.0000	0.0000	0.0001
0.0002	0.0000	0.0001	0.0000	0.0000	0.0001	0.0591	0.9400	0.0000	0.0001	0.0000	0.0004
0.0000	0.0000	0.0000	0.0000	0.0000	0.0000	0.0000	0.0000	0.0000	0.9999	0.0000	0.0001
0.9846	0.0000	0.0000	0.0001	0.0000	0.0149	0.0000	0.0000	0.0002	0.0001	0.0000	0.0000
0.0005	0.0000	0.0003	0.0000	0.0000	0.0007	0.9052	0.0052	0.0015	0.0138	0.0000	0.0728
0.0000	0.0000	0.0002	0.0000	0.0000	0.0000	0.9730	0.0265	0.0000	0.0000	0.0000	0.0002
0.0004	0.0000	0.0000	0.0103	0.0000	0.0001	0.0000	0.0000	0.0008	0.9861	0.0016	0.0007
0.0000	0.0000	0.0000	0.0000	0.0000	0.0000	0.0000	0.0000	0.0000	0.0000	1.0000	0.0000
0.0000	0.0000	0.0000	0.0000	0.0000	0.0000	0.0001	0.0000	0.0000	0.0092	0.0000	0.9907
0.0002	0.0000	0.0000	0.0000	0.0000	0.0000	0.0000	0.0000	0.9998	0.0000	0.0000	0.0000
0.0000	0.0000	0.0000	0.9999	0.0000	0.0000	0.0000	0.0000	0.0000	0.0000	0.0000	0.0000
0.0000	0.0000	0.0165	0.0000	0.0000	0.0000	0.9793	0.0036	0.0000	0.0000	0.0000	0.0005
0.0000	0.0000	0.0000	0.0000	0.0000	0.0000	0.0000	0.0000	0.0000	1.0000	0.0000	0.0000
0.7878	0.0000	0.0000	0.0709	0.0000	0.0000	0.0000	0.0000	0.0000	0.1412	0.0001	0.0000
0.0000	0.6386	0.3585	0.0000	0.0000	0.0025	0.0003	0.0001	0.0000	0.0000	0.0000	0.0000
1.0000	0.0000	0.0000	0.0000	0.0000	0.0000	0.0000	0.0000	0.0000	0.0000	0.0000	0.0000
0.0014	0.0000	0.0000	0.0011	0.0000	0.0001	0.0003	0.0001	0.0004	0.9737	0.0004	0.0226
0.0000	0.5515	0.3644	0.0000	0.0001	0.0802	0.0036	0.0002	0.0000	0.0000	0.0000	0.0000
0.0000	0.0000	0.0000	0.0000	0.0000	0.0000	0.0000	0.0000	0.0000	0.0000	1.0000	0.0000
0.0000	0.0000	0.0000	0.0000	0.0000	0.0000	0.0000	0.0000	0.9998	0.0001	0.0000	0.0000
0.0239	0.1108	0.0328	0.0002	0.0001	0.3812	0.0544	0.3934	0.0000	0.0004	0.0001	0.0026
0.0001	0.0000	0.0003	0.0000	0.0000	0.0000	0.1109	0.0803	0.0001	0.0133	0.0000	0.7951
0.0041	0.0010	0.0004	0.0001	0.0000	0.9943	0.0000	0.0001	0.0000	0.0000	0.0000	0.0000
0.0001	0.0000	0.0006	0.0000	0.0000	0.0000	0.0133	0.0003	0.0003	0.0063	0.0000	0.9791
0.0000	0.0000	0.0002	0.0000	0.0000	0.0000	0.8766	0.0013	0.0000	0.0000	0.0000	0.1218
0.0001	0.0000	0.0001	0.0000	0.0000	0.0000	0.5748	0.4246	0.0000	0.0000	0.0000	0.0003
0.0026	0.0000	0.0000	0.0110	0.0000	0.0001	0.0000	0.0000	0.0005	0.9767	0.0071	0.0019
0.0000	0.0000	0.0000	0.0000	1.0000	0.0000	0.0000	0.0000	0.0000	0.0000	0.0000	0.0000
0.0000	0.0043	0.0010	0.0000	0.0000	0.9947	0.0000	0.0000	0.0000	0.0000	0.0000	0.0000
0.0000	0.5102	0.4475	0.0000	0.0001	0.0419	0.0004	0.0000	0.0000	0.0000	0.0000	0.0000
0.0016	0.0000	0.0000	0.0000	0.0000	0.0000	0.8043	0.1936	0.0000	0.0004	0.0000	0.0000
0.0000	0.0000	0.0001	0.0000	0.0000	0.0000	0.0048	0.0001	0.0000	0.0004	0.0000	0.9945
0.0598	0.0000	0.0012	0.0000	0.0000	0.0001	0.8548	0.0833	0.0005	0.0003	0.0000	0.0001
0.0000	0.2629	0.7142	0.0000	0.0002	0.0196	0.0028	0.0001	0.0000	0.0000	0.0000	0.0000
0.0003	0.2633	0.2383	0.0000	0.0003	0.4958	0.0020	0.0001	0.0000	0.0000	0.0000	0.0000
0.0122	0.0003	0.0035	0.0000	0.0000	0.0031	0.6526	0.3273	0.0002	0.0004	0.0001	0.0003
0.0002	0.1257	0.2157	0.0000	0.0000	0.0223	0.4068	0.2286	0.0000	0.0000	0.0000	0.0007
0.0000	0.0000	0.0000	0.0000	0.0000	0.0000	0.0000	0.0000	0.0000	1.0000	0.0000	0.0000
0.0002	0.0000	0.0000	0.0000	0.0000	0.0000	0.0060	0.0000	0.1421	0.8481	0.0000	0.0036
0.0000	0.9160	0.0783	0.0000	0.0000	0.0055	0.0001	0.0002	0.0000	0.0000	0.0000	0.0000
0.0030	0.0000	0.0000	0.0002	0.0000	0.9962	0.0004	0.0000	0.0001	0.0000	0.0000	0.0000
0.9991	0.0000	0.0000	0.0000	0.0000	0.0007	0.0000	0.0000	0.0002	0.0000	0.0000	0.0000
0.0004	0.0000	0.0046	0.0000	0.0000	0.0011	0.9801	0.0015	0.0016	0.0005	0.0000	0.0100
0.0000	0.0000	0.0000	0.0000	0.0000	0.0000	0.0327	0.0000	0.9673	0.0000	0.0000	0.0000
0.0001	0.0001	0.0003	0.0000	0.0000	0.0000	0.0032	0.9931	0.0000	0.0000	0.0000	0.0033
0.0008	0.0000	0.0000	0.0000	0.0000	0.0001	0.1452	0.0000	0.8159	0.0354	0.0000	0.0025
0.0027	0.2334	0.4790	0.0000	0.0001	0.0243	0.2588	0.0016	0.0000	0.0000	0.0000	0.0000
0.0611	0.0009	0.0009	0.0001	0.0000	0.9367	0.0002	0.0000	0.0000	0.0000	0.0000	0.0000
0.9992	0.0000	0.0000	0.0000	0.0000	0.0000	0.0000	0.0000	0.0008	0.0001	0.0000	0.0000
0.0002	0.0000	0.0000	0.0000	0.0000	0.0000	0.0000	0.0000	0.9997	0.0002	0.0000	0.0000
0.0000	0.0000	0.0000	0.9970	0.0000	0.0000	0.0000	0.0000	0.0000	0.0030	0.0000	0.0000
0.0000	0.0000	0.0000	0.0000	0.0000	0.0000	0.0000	0.0004	0.0000	0.0053	0.0000	0.9942
0.0000	0.0000	0.0000	0.0000	0.0000	0.0000	0.0000	0.0002	0.0000	0.7869	0.0000	0.2129
0.0001	0.0000	0.0000	0.0000	0.0000	0.0000	0.0155	0.3867	0.0000	0.0504	0.0000	0.5473
0.9417	0.0000	0.0000	0.0115	0.0000	0.0000	0.0000	0.0000	0.0001	0.0406	0.0061	0.0000
1.0000	0.0000	0.0000	0.0000	0.0000	0.0000	0.0000	0.0000	0.0000	0.0000	0.0000	0.0000
0.0002	0.0000	0.0000	0.0000	0.0000	0.0000	0.9856	0.0002	0.0025	0.0041	0.0000	0.0073
0.0042	0.0000	0.0010	0.0004	0.0000	0.0010	0.0842	0.0016	0.0069	0.3412	0.0004	0.5590
0.0620	0.0000	0.0000	0.7744	0.0001	0.0210	0.0000	0.0000	0.0013	0.1263	0.0149	0.0001
0.0000	0.0000	0.0000	0.0000	0.0000	0.0000	0.9993	0.0001	0.0001	0.0000	0.0000	0.0005
0.0000	0.0000	0.0000	0.0000	0.0000	0.0000	0.0000	0.0000	0.0000	0.0000	0.0000	1.0000
0.0000	0.0000	1.0000	0.0000	0.0000	0.0000	0.0000	0.0000	0.0000	0.0000	0.0000	0.0000
0.0000	0.0000	1.0000	0.0000	0.0000	0.0000	0.0000	0.0000	0.0000	0.0000	0.0000	0.0000
0.0000	0.0000	0.0000	0.0000	0.0000	0.0000	0.0000	0.0000	0.0000	0.0000	0.0000	1.0000
0.0000	0.0000	0.0000	0.0000	0.0000	0.0000	0.0000	0.0000	0.0000	0.0000	0.0000	1.0000
0.0000	0.0000	1.0000	0.0000	0.0000	0.0000	0.0000	0.0000	0.0000	0.0000	0.0000	0.0000
0.0000	0.0000	0.0000	0.0000	0.0000	0.0000	0.0000	0.0000	0.0000	0.0000	0.0000	1.0000
0.0000	0.0000	1.0000	0.0000	0.0000	0.0000	0.0000	0.0000	0.0000	0.0000	0.0000	0.0000
0.0000	0.0000	1.0000	0.0000	0.0000	0.0000	0.0000	0.0000	0.0000	0.0000	0.0000	0.0000
0.0000	0.0000	0.0000	0.0000	0.0000	0.0000	0.0000	0.0000	0.0000	0.0000	0.0000	1.0000
0.0000	0.0000	0.0000	0.0000	0.0000	0.0000	0.0000	0.0000	0.0000	0.0000	0.0000	1.0000
0.0000	0.0000	1.0000	0.0000	0.0000	0.0000	0.0000	0.0000	0.0000	0.0000	0.0000	0.0000
0.0000	0.0000	1.0000	0.0000	0.0000	0.0000	0.0000	0.0000	0.0000	0.0000	0.0000	0.0000
0.0000	0.0000	0.0000	0.0000	0.0000	0.0000	0.0000	0.0000	0.0000	0.0000	0.0000	1.0000
0.0000	0.0000	1.0000	0.0000	0.0000	0.0000	0.0000	0.0000	0.0000	0.0000	0.0000	0.0000
0.0000	0.0000	1.0000	0.0000	0.0000	0.0000	0.0000	0.0000	0.0000	0.0000	0.0000	0.0000
0.0000	0.0000	0.0000	0.0000	0.0000	0.0000	0.0000	0.0000	0.0000	0.0000	0.0000	1.0000
0.0000	0.0000	1.0000	0.0000	0.0000	0.0000	0.0000	0.0000	0.0000	0.0000	0.0000	0.0000
0.0000	0.0000	1.0000	0.0000	0.0000	0.0000	0.0000	0.0000	0.0000	0.0000	0.0000	0.0000
0.0000	0.0000	1.0000	0.0000	0.0000	0.0000	0.0000	0.0000	0.0000	0.0000	0.0000	0.0000
0.0000	0.0000	1.0000	0.0000	0.0000	0.0000	0.0000	0.0000	0.0000	0.0000	0.0000	0.0000
0.0000	0.0000	1.0000	0.0000	0.0000	0.0000	0.0000	0.0000	0.0000	0.0000	0.0000	0.0000
0.0000	0.0000	0.0000	0.0000	0.0000	0.0000	0.0000	0.0000	0.0000	0.0000	0.0000	1.0000
0.0000	0.0000	1.0000	0.0000	0.0000	0.0000	0.0000	0.0000	0.0000	0.0000	0.0000	0.0000
0.0000	0.0000	0.0000	0.0000	0.0000	0.0000	0.0000	0.0000	1.0000	0.0000	0.0000	0.0000
0.0000	0.0000	0.0000	0.0000	0.0000	0.0000	0.0000	0.0000	1.0000	0.0000	0.0000	0.0000
0.0000	0.0000	0.0000	0.0000	0.0000	0.0000	0.9942	0.0000	0.0058	0.0000	0.0000	0.0000
0.0000	0.0000	0.0000	0.0000	0.0000	0.0000	0.0000	0.0000	1.0000	0.0000	0.0000	0.0000
0.0000	0.0000	0.0000	0.0000	0.0000	0.0000	0.0000	0.0000	1.0000	0.0000	0.0000	0.0000
0.0000	0.0000	0.0000	0.0000	0.0000	0.0000	0.0000	0.0000	1.0000	0.0000	0.0000	0.0000
0.0000	0.0000	0.0000	0.0000	0.0000	0.0000	0.0000	0.0000	1.0000	0.0000	0.0000	0.0000
0.0000	0.0000	0.9390	0.0000	0.0000	0.0000	0.0610	0.0000	0.0000	0.0000	0.0000	0.0000
0.0000	0.0000	0.0363	0.0000	0.0000	0.0000	0.9636	0.0000	0.0000	0.0000	0.0000	0.0000
0.0000	0.0000	0.0000	0.0000	0.0000	0.0000	0.0000	0.0000	1.0000	0.0000	0.0000	0.0000
0.0000	0.0000	1.0000	0.0000	0.0000	0.0000	0.0000	0.0000	0.0000	0.0000	0.0000	0.0000
0.0000	0.0000	0.0000	0.0000	0.0000	0.0000	1.0000	0.0000	0.0000	0.0000	0.0000	0.0000
0.0000	0.0000	0.0000	0.0000	0.0000	0.0000	0.0000	0.0000	1.0000	0.0000	0.0000	0.0000
0.0000	0.0000	0.0000	0.0000	0.0000	0.0000	0.0000	0.0000	1.0000	0.0000	0.0000	0.0000
0.0000	0.0000	0.0000	0.0000	0.0000	0.0000	0.0000	0.0000	1.0000	0.0000	0.0000	0.0000
0.0000	0.0000	0.0000	0.0000	0.0000	0.0000	0.0000	0.0000	1.0000	0.0000	0.0000	0.0000
0.0000	0.0000	0.0000	0.0000	0.0000	0.0000	0.0000	0.0000	1.0000	0.0000	0.0000	0.0000
0.0000	0.0000	0.9979	0.0000	0.0000	0.0000	0.0020	0.0000	0.0000	0.0000	0.0000	0.0000
0.0000	0.0000	0.0000	0.0000	0.0000	0.0000	0.0000	0.0000	1.0000	0.0000	0.0000	0.0000
0.0000	0.0000	0.0002	0.0000	0.0000	0.0000	0.9998	0.0000	0.0000	0.0000	0.0000	0.0000
0.0000	0.0000	0.0036	0.0000	0.0000	0.0000	0.9964	0.0000	0.0000	0.0000	0.0000	0.0000
0.0000	0.0000	0.0566	0.0000	0.0000	0.0000	0.9434	0.0000	0.0000	0.0000	0.0000	0.0000
0.0000	0.0000	0.0000	0.0000	0.0000	0.0000	1.0000	0.0000	0.0000	0.0000	0.0000	0.0000
0.0000	0.0000	0.0000	0.0000	0.0000	0.0000	1.0000	0.0000	0.0000	0.0000	0.0000	0.0000
0.0000	0.0000	0.0000	0.0000	0.0000	0.0000	1.0000	0.0000	0.0000	0.0000	0.0000	0.0000
0.0000	0.0000	0.0000	0.0000	0.0000	0.0000	0.0000	0.0000	1.0000	0.0000	0.0000	0.0000
0.0000	0.0000	0.0000	0.0000	0.0000	0.0000	0.0000	0.0000	1.0000	0.0000	0.0000	0.0000
0.0000	0.0019	0.9981	0.0000	0.0000	0.0001	0.0000	0.0000	0.0000	0.0000	0.0000	0.0000
0.0000	0.0000	0.0000	0.0000	0.0000	0.0000	1.0000	0.0000	0.0000	0.0000	0.0000	0.0000
