0.1143	0.0000	0.0000	0.0000	0.0000	0.0000	0.0004	0.0000	0.0065	0.0396	0.0000	0.8390
0.1318	0.0000	0.0000	0.0000	0.0000	0.0000	0.0010	0.0000	0.1211	0.0108	0.0000	0.7352
1.0000	0.0000	0.0000	0.0000	0.0000	0.0000	0.0000	0.0000	0.0000	0.0000	0.0000	0.0000
0.0000	0.0000	0.0000	0.0000	0.0000	0.0000	0.0027	0.0000	0.0000	0.0000	0.0000	0.9972
0.0000	0.0000	0.0072	0.0000	0.0000	0.0001	0.2184	0.0032	0.0000	0.0000	0.0000	0.7711
0.1593	0.0000	0.0000	0.0002	0.0000	0.0000	0.0000	0.0000	0.0004	0.8399	0.0001	0.0000
0.9926	0.0000	0.0000	0.0000	0.0000	0.0008	0.0000	0.0000	0.0000	0.0048	0.0017	0.0000
0.0000	0.1459	0.8355	0.0000	0.0000	0.0154	0.0030	0.0002	0.0000	0.0000	0.0000	0.0001
0.0000	0.0002	0.0005	0.0000	0.0000	0.9992	0.0000	0.0000	0.0000	0.0000	0.0000	0.0000
0.0000	0.0000	0.0000	0.0000	0.0000	0.0000	1.0000	0.0000	0.0000	0.0000	0.0000	0.0000
0.0000	0.0000	0.0000	0.0000	0.0000	0.0000	0.0000	0.0000	1.0000	0.0000	0.0000	0.0000
0.0000	0.0000	0.0000	0.0000	0.0000	0.0000	0.0000	0.0000	1.0000	0.0000	0.0000	0.0000
0.0000	0.0000	0.0000	0.0000	0.0000	0.0000	0.0000	0.0000	0.0000	1.0000	0.0000	0.0000
0.0000	0.0000	0.0000	0.0000	1.0000	0.0000	0.0000	0.0000	0.0000	0.0000	0.0000	0.0000
0.0000	0.9970	0.0029	0.0000	0.0000	0.0000	0.0001	0.0000	0.0000	0.0000	0.0000	0.0000
0.0081	0.0000	0.0009	0.0000	0.0000	0.9897	0.0000	0.0000	0.0000	0.0000	0.0004	0.0007
0.0000	0.0000	0.0000	0.0000	0.0000	0.0001	0.8498	0.1500	0.0000	0.0000	0.0000	0.0000
0.9998	0.0000	0.0000	0.0000	0.0000	0.0000	0.0000	0.0000	0.0002	0.0000	0.0000	0.0000
0.9884	0.0000	0.0000	0.0000	0.0000	0.0000	0.0000	0.0000	0.0001	0.0002	0.0113	0.0000
0.0000	0.0000	0.0000	0.0000	0.0000	0.0000	0.0000	0.0000	0.0000	0.0000	0.0000	1.0000
0.0000	0.0004	0.0049	0.0000	0.0000	0.0005	0.9706	0.0231	0.0000	0.0000	0.0000	0.0005
0.0000	0.0000	0.0000	0.0000	0.0000	0.0000	0.1748	0.8250	0.0000	0.0000	0.0000	0.0001
0.0000	0.0000	0.0000	0.0000	0.0000	0.0000	0.0000	0.0000	0.0000	1.0000	0.0000	0.0000
0.9732	0.0000	0.0000	0.0000	0.0000	0.0013	0.0000	0.0000	0.0017	0.0234	0.0003	0.0000
0.0001	0.0000	0.0000	0.0001	0.0000	0.0003	0.5411	0.0001	0.0054	0.0298	0.0000	0.4230
0.0000	0.0000	0.0000	0.0000	0.0000	0.0000	1.0000	0.0000	0.0000	0.0000	0.0000	0.0000
0.0000	0.0000	0.0000	0.0002	0.0000	0.0000	0.0000	0.0000	0.0011	0.9987	0.0000	0.0000
0.0000	0.0000	0.0000	0.0000	0.0000	0.0000	0.0000	0.0000	0.0000	0.0000	1.0000	0.0000
0.0000	0.0000	0.0000	0.0000	0.0000	0.0000	0.0001	0.0000	0.0000	0.0327	0.0000	0.9672
0.0000	0.0000	0.0000	0.0000	0.0000	0.0000	0.0000	0.0000	1.0000	0.0000	0.0000	0.0000
0.0000	0.0000	0.0000	0.6272	0.0000	0.0000	0.0000	0.0000	0.0000	0.3645	0.0082	0.0000
0.0000	0.0000	0.0001	0.0000	0.0000	0.0000	0.9968	0.0011	0.0000	0.0000	0.0000	0.0020
0.0000	0.0000	0.0000	0.0000	0.0000	0.0000	0.0000	0.0000	0.0000	1.0000	0.0000	0.0000
0.0017	0.0000	0.0000	0.0001	0.0000	0.0000	0.0000	0.0005	0.0000	0.7822	0.2155	0.0000
0.0000	0.5939	0.3997	0.0000	0.0000	0.0015	0.0044	0.0005	0.0000	0.0000	0.0000	0.0000
1.0000	0.0000	0.0000	0.0000	0.0000	0.0000	0.0000	0.0000	0.0000	0.0000	0.0000	0.0000
0.0001	0.0000	0.0000	0.0001	0.0000	0.0000	0.0008	0.0000	0.0005	0.9434	0.0000	0.0551
0.0001	0.4010	0.4013	0.0000	0.0001	0.0915	0.1010	0.0047	0.0000	0.0000	0.0000	0.0002
0.0000	0.0000	0.0000	0.0000	0.0000	0.0000	0.0000	0.0000	0.0000	0.0000	1.0000	0.0000
0.0000	0.0000	0.0000	0.0000	0.0000	0.0000	0.0000	0.0000	1.0000	0.0000	0.0000	0.0000
0.0025	0.0067	0.0044	0.0011	0.0000	0.0771	0.2230	0.6819	0.0000	0.0008	0.0000	0.0023
0.0000	0.0000	0.0000	0.0000	0.0000	0.0000	0.2713	0.0005	0.0003	0.0039	0.0000	0.7239
0.0004	0.0000	0.0001	0.0000	0.0000	0.9995	0.0000	0.0000	0.0000	0.0000	0.0000	0.0000
0.0001	0.0000	0.0000	0.0000	0.0000	0.0000	0.0009	0.0000	0.0001	0.0001	0.0000	0.9988
0.0000	0.0000	0.0000	0.0000	0.0000	0.0000	0.9751	0.0000	0.0000	0.0000	0.0000	0.0249
0.0000	0.0000	0.0000	0.0000	0.0000	0.0000	0.7422	0.2574	0.0000	0.0000	0.0000	0.0004
0.0000	0.0000	0.0000	0.0003	0.0000	0.0000	0.0000	0.0000	0.0000	0.9994	0.0001	0.0001
0.0000	0.0000	0.0000	0.0000	1.0000	0.0000	0.0000	0.0000	0.0000	0.0000	0.0000	0.0000
0.0000	0.0000	0.0000	0.0000	0.0000	1.0000	0.0000	0.0000	0.0000	0.0000	0.0000	0.0000
0.0000	0.0498	0.9012	0.0000	0.0000	0.0474	0.0013	0.0001	0.0000	0.0000	0.0000	0.0001
0.0000	0.0000	0.0000	0.0000	0.0000	0.0000	0.8269	0.1731	0.0000	0.0000	0.0000	0.0000
0.0000	0.0000	0.0000	0.0000	0.0000	0.0000	0.0013	0.0000	0.0000	0.0027	0.0000	0.9960
0.0050	0.0000	0.0000	0.0000	0.0000	0.0000	0.9924	0.0015	0.0005	0.0005	0.0000	0.0000
0.0010	0.0029	0.9213	0.0000	0.0001	0.0413	0.0139	0.0028	0.0000	0.0000	0.0000	0.0167
0.0016	0.0084	0.3508	0.0000	0.0002	0.6279	0.0057	0.0024	0.0000	0.0000	0.0000	0.0029
0.0074	0.0000	0.0004	0.0005	0.0000	0.0026	0.4465	0.5140	0.0005	0.0242	0.0001	0.0039
0.0000	0.0041	0.0338	0.0000	0.0000	0.0041	0.6027	0.3507	0.0000	0.0000	0.0000	0.0045
0.0000	0.0000	0.0000	0.0000	0.0000	0.0000	0.0000	0.0000	0.0000	1.0000	0.0000	0.0000
0.0000	0.0000	0.0000	0.0000	0.0000	0.0000	0.1498	0.0000	0.5749	0.0001	0.0000	0.2751
0.0000	0.9890	0.0102	0.0000	0.0000	0.0002	0.0005	0.0001	0.0000	0.0000	0.0000	0.0000
0.0008	0.0000	0.0000	0.0017	0.0000	0.9936	0.0003	0.0000	0.0002	0.0034	0.0000	0.0000
0.9998	0.0000	0.0000	0.0000	0.0000	0.0000	0.0000	0.0000	0.0002	0.0000	0.0000	0.0000
0.0000	0.0000	0.0000	0.0000	0.0000	0.0000	0.9983	0.0000	0.0009	0.0001	0.0000	0.0006
0.0000	0.0000	0.0000	0.0000	0.0000	0.0000	0.3865	0.0000	0.6135	0.0000	0.0000	0.0000
0.0000	0.0000	0.0001	0.0000	0.0000	0.0000	0.3334	0.6597	0.0000	0.0001	0.0000	0.0067
0.0000	0.0000	0.0000	0.0000	0.0000	0.0000	0.0063	0.0000	0.8799	0.1088	0.0000	0.0049
0.0000	0.2577	0.3280	0.0000	0.0000	0.0001	0.4141	0.0000	0.0000	0.0000	0.0000	0.0000
0.5084	0.0000	0.0000	0.0000	0.0000	0.4876	0.0000	0.0000	0.0006	0.0032	0.0002	0.0001
0.9947	0.0000	0.0000	0.0000	0.0000	0.0000	0.0000	0.0000	0.0050	0.0002	0.0000	0.0000
0.0001	0.0000	0.0000	0.0000	0.0000	0.0000	0.0000	0.0000	0.9999	0.0000	0.0000	0.0000
0.0000	0.0000	0.0000	0.0060	0.0000	0.0000	0.0000	0.0000	0.0000	0.9940	0.0000	0.0000
0.0007	0.0000	0.0000	0.0000	0.0000	0.0001	0.0000	0.0274	0.0000	0.0105	0.0004	0.9609
0.0000	0.0000	0.0000	0.0000	0.0000	0.0000	0.0000	0.0007	0.0000	0.1099	0.0000	0.8894
0.0000	0.0000	0.0000	0.0000	0.0000	0.0000	0.0018	0.0048	0.0000	0.0005	0.0000	0.9928
0.8935	0.0000	0.0000	0.0000	0.0000	0.0000	0.0000	0.0000	0.0060	0.1002	0.0001	0.0002
1.0000	0.0000	0.0000	0.0000	0.0000	0.0000	0.0000	0.0000	0.0000	0.0000	0.0000	0.0000
0.0000	0.0000	0.0000	0.0000	0.0000	0.0000	0.8122	0.0000	0.0045	0.0126	0.0000	0.1707
0.0001	0.0000	0.0000	0.0000	0.0000	0.0000	0.0012	0.0000	0.0002	0.0048	0.0000	0.9937
0.0008	0.0000	0.0000	0.0112	0.0000	0.0001	0.0001	0.0000	0.0031	0.9845	0.0001	0.0001
0.0000	0.0000	0.0000	0.0000	0.0000	0.0000	0.9353	0.0000	0.0010	0.0000	0.0000	0.0637
0.0000	0.0000	0.0000	0.0000	0.0000	0.0000	0.0000	0.0000	0.0000	0.0000	0.0000	1.0000
0.0000	0.0000	1.0000	0.0000	0.0000	0.0000	0.0000	0.0000	0.0000	0.0000	0.0000	0.0000
0.0000	0.0000	1.0000	0.0000	0.0000	0.0000	0.0000	0.0000	0.0000	0.0000	0.0000	0.0000
0.0000	0.0000	0.0000	0.0000	0.0000	0.0000	0.0000	0.0000	0.0000	0.0000	0.0000	1.0000
0.0000	0.0000	0.0000	0.0000	0.0000	0.0000	0.0000	0.0000	0.0000	0.0000	0.0000	1.0000
0.0000	0.0000	1.0000	0.0000	0.0000	0.0000	0.0000	0.0000	0.0000	0.0000	0.0000	0.0000
0.0000	0.0000	0.0000	0.0000	0.0000	0.0000	0.0000	0.0000	0.0000	0.0000	0.0000	1.0000
0.0000	0.0000	1.0000	0.0000	0.0000	0.0000	0.0000	0.0000	0.0000	0.0000	0.0000	0.0000
0.0000	0.0000	1.0000	0.0000	0.0000	0.0000	0.0000	0.0000	0.0000	0.0000	0.0000	0.0000
0.0000	0.0000	0.0000	0.0000	0.0000	0.0000	0.0000	0.0000	0.0000	0.0000	0.0000	1.0000
0.0000	0.0000	0.0000	0.0000	0.0000	0.0000	0.0000	0.0000	0.0000	0.0000	0.0000	1.0000
0.0000	0.0000	1.0000	0.0000	0.0000	0.0000	0.0000	0.0000	0.0000	0.0000	0.0000	0.0000
0.0000	0.0000	1.0000	0.0000	0.0000	0.0000	0.0000	0.0000	0.0000	0.0000	0.0000	0.0000
0.0000	0.0000	0.0000	0.0000	0.0000	0.0000	0.0000	0.0000	0.0000	0.0000	0.0000	1.0000
0.0000	0.0000	1.0000	0.0000	0.0000	0.0000	0.0000	0.0000	0.0000	0.0000	0.0000	0.0000
0.0000	0.0000	1.0000	0.0000	0.0000	0.0000	0.0000	0.0000	0.0000	0.0000	0.0000	0.0000
0.0000	0.0000	0.0000	0.0000	0.0000	0.0000	0.0000	0.0000	0.0000	0.0000	0.0000	1.0000
0.0000	0.0000	1.0000	0.0000	0.0000	0.0000	0.0000	0.0000	0.0000	0.0000	0.0000	0.0000
0.0000	0.0000	1.0000	0.0000	0.0000	0.0000	0.0000	0.0000	0.0000	0.0000	0.0000	0.0000
0.0000	0.0000	1.0000	0.0000	0.0000	0.0000	0.0000	0.0000	0.0000	0.0000	0.0000	0.0000
0.0000	0.0000	1.0000	0.0000	0.0000	0.0000	0.0000	0.0000	0.0000	0.0000	0.0000	0.0000
0.0000	0.0000	1.0000	0.0000	0.0000	0.0000	0.0000	0.0000	0.0000	0.0000	0.0000	0.0000
0.0000	0.0000	0.0000	0.0000	0.0000	0.0000	0.0000	0.0000	0.0000	0.0000	0.0000	1.0000
0.0000	0.0000	1.0000	0.0000	0.0000	0.0000	0.0000	0.0000	0.0000	0.0000	0.0000	0.0000
0.0000	0.0000	0.0000	0.0000	0.0000	0.0000	0.0000	0.0000	1.0000	0.0000	0.0000	0.0000
0.0000	0.0000	0.0000	0.0000	0.0000	0.0000	0.0000	0.0000	1.0000	0.0000	0.0000	0.0000
0.0000	0.0000	0.0000	0.0000	0.0000	0.0000	1.0000	0.0000	0.0000	0.0000	0.0000	0.0000
0.0000	0.0000	0.0000	0.0000	0.0000	0.0000	0.0000	0.0000	1.0000	0.0000	0.0000	0.0000
0.0000	0.0000	0.0000	0.0000	0.0000	0.0000	0.0000	0.0000	1.0000	0.0000	0.0000	0.0000
0.0000	0.0000	0.0000	0.0000	0.0000	0.0000	0.0000	0.0000	1.0000	0.0000	0.0000	0.0000
0.0000	0.0000	0.0000	0.0000	0.0000	0.0000	0.0000	0.0000	1.0000	0.0000	0.0000	0.0000
0.0000	0.0000	0.0114	0.0000	0.0000	0.0000	0.9886	0.0000	0.0000	0.0000	0.0000	0.0000
0.0000	0.0000	0.0000	0.0000	0.0000	0.0000	1.0000	0.0000	0.0000	0.0000	0.0000	0.0000
0.0000	0.0000	0.0000	0.0000	0.0000	0.0000	0.0000	0.0000	1.0000	0.0000	0.0000	0.0000
0.0000	0.0000	1.0000	0.0000	0.0000	0.0000	0.0000	0.0000	0.0000	0.0000	0.0000	0.0000
0.0000	0.0000	0.0000	0.0000	0.0000	0.0000	1.0000	0.0000	0.0000	0.0000	0.0000	0.0000
0.0000	0.0000	0.0000	0.0000	0.0000	0.0000	0.0000	0.0000	1.0000	0.0000	0.0000	0.0000
0.0000	0.0000	0.0000	0.0000	0.0000	0.0000	0.0000	0.0000	1.0000	0.0000	0.0000	0.0000
0.0000	0.0000	0.0000	0.0000	0.0000	0.0000	0.0000	0.0000	1.0000	0.0000	0.0000	0.0000
0.0000	0.0000	0.0000	0.0000	0.0000	0.0000	0.0000	0.0000	1.0000	0.0000	0.0000	0.0000
0.0000	0.0000	0.0000	0.0000	0.0000	0.0000	0.0000	0.0000	1.0000	0.0000	0.0000	0.0000
0.0000	0.0000	1.0000	0.0000	0.0000	0.0000	0.0000	0.0000	0.0000	0.0000	0.0000	0.0000
0.0000	0.0000	0.0000	0.0000	0.0000	0.0000	0.0000	0.0000	1.0000	0.0000	0.0000	0.0000
0.0000	0.0000	0.0000	0.0000	0.0000	0.0000	1.0000	0.0000	0.0000	0.0000	0.0000	0.0000
0.0000	0.0000	0.0000	0.0000	0.0000	0.0000	1.0000	0.0000	0.0000	0.0000	0.0000	0.0000
0.0000	0.0000	0.0000	0.0000	0.0000	0.0000	1.0000	0.0000	0.0000	0.0000	0.0000	0.0000
0.0000	0.0000	0.0000	0.0000	0.0000	0.0000	1.0000	0.0000	0.0000	0.0000	0.0000	0.0000
0.0000	0.0000	0.0000	0.0000	0.0000	0.0000	1.0000	0.0000	0.0000	0.0000	0.0000	0.0000
0.0000	0.0000	0.0000	0.0000	0.0000	0.0000	1.0000	0.0000	0.0000	0.0000	0.0000	0.0000
0.0000	0.0000	0.0000	0.0000	0.0000	0.0000	0.0000	0.0000	1.0000	0.0000	0.0000	0.0000
0.0000	0.0000	0.0000	0.0000	0.0000	0.0000	0.0000	0.0000	1.0000	0.0000	0.0000	0.0000
0.0000	0.0000	1.0000	0.0000	0.0000	0.0000	0.0000	0.0000	0.0000	0.0000	0.0000	0.0000
0.0000	0.0000	0.0000	0.0000	0.0000	0.0000	1.0000	0.0000	0.0000	0.0000	0.0000	0.0000
