0.0012	0.0000	0.0000	0.0000	0.0000	0.0000	0.0004	0.0000	0.0000	0.0003	0.0000	0.9980
0.0000	0.0000	0.0000	0.0000	0.0000	0.0000	0.0000	0.0000	0.2185	0.7815	0.0000	0.0000
0.0002	0.0126	0.8948	0.0000	0.0000	0.0020	0.0025	0.0873	0.0000	0.0000	0.0000	0.0006
0.0000	0.0000	0.0006	0.0000	0.0000	0.0000	0.0876	0.0001	0.0000	0.0000	0.0000	0.9118
0.3534	0.0000	0.0000	0.0000	0.0000	0.0051	0.0000	0.0000	0.6415	0.0000	0.0000	0.0000
0.0000	0.0001	0.1108	0.0000	0.0000	0.0000	0.0798	0.7343	0.0000	0.0000	0.0000	0.0749
0.0000	0.0000	0.0000	0.0000	0.0000	0.0000	1.0000	0.0000	0.0000	0.0000	0.0000	0.0000
0.0177	0.0000	0.0000	0.0000	0.0000	0.0000	0.0001	0.0000	0.0000	0.0000	0.9820	0.0001
0.0000	0.0000	0.0001	0.0000	0.0000	0.9999	0.0000	0.0000	0.0000	0.0000	0.0000	0.0000
0.0000	0.0000	0.0085	0.0000	0.0000	0.0000	0.7832	0.0000	0.0000	0.0000	0.0000	0.2083
0.0000	0.0000	0.2654	0.0000	0.0000	0.0000	0.6135	0.0000	0.0000	0.0000	0.0000	0.1210
0.0000	0.0000	0.0000	0.0000	0.0000	0.0000	0.0000	0.0000	1.0000	0.0000	0.0000	0.0000
0.0000	0.0000	0.0000	0.0000	1.0000	0.0000	0.0000	0.0000	0.0000	0.0000	0.0000	0.0000
0.0000	0.0000	1.0000	0.0000	0.0000	0.0000	0.0000	0.0000	0.0000	0.0000	0.0000	0.0000
0.9997	0.0000	0.0000	0.0000	0.0000	0.0000	0.0000	0.0000	0.0000	0.0000	0.0003	0.0000
0.0000	0.0000	0.0000	0.0000	0.0000	0.0001	0.0000	0.0000	0.9999	0.0000	0.0000	0.0000
0.0000	0.0000	0.0000	0.0000	0.0000	0.0002	0.0000	0.0000	0.9998	0.0000	0.0000	0.0000
0.0000	0.0000	0.0000	0.0000	0.0000	0.0000	0.0000	0.0000	0.0000	0.9973	0.0000	0.0027
0.0000	0.0000	0.0000	0.0000	0.0000	0.0000	0.0414	0.9511	0.0000	0.0000	0.0000	0.0074
1.0000	0.0000	0.0000	0.0000	0.0000	0.0000	0.0000	0.0000	0.0000	0.0000	0.0000	0.0000
0.0000	0.0000	0.0002	0.0000	0.0000	0.0000	0.0339	0.0000	0.0000	0.0000	0.0000	0.9659
0.9948	0.0000	0.0003	0.0000	0.0000	0.0000	0.0000	0.0000	0.0006	0.0001	0.0000	0.0041
0.0000	0.0000	0.0000	0.0000	0.0000	0.0000	0.0000	1.0000	0.0000	0.0000	0.0000	0.0000
0.0000	0.0000	0.0000	0.0033	0.0060	0.0000	0.0181	0.0000	0.0009	0.8173	0.0000	0.1545
0.0518	0.0000	0.0000	0.0000	0.0000	0.9090	0.0000	0.0000	0.0393	0.0000	0.0000	0.0000
0.0000	0.0000	0.0000	0.0000	0.0000	0.0000	0.0000	0.0000	0.0000	0.0000	1.0000	0.0000
0.0000	0.9522	0.0474	0.0000	0.0000	0.0000	0.0000	0.0002	0.0000	0.0000	0.0000	0.0002
0.0000	0.0000	0.3545	0.0000	0.0000	0.6454	0.0000	0.0000	0.0000	0.0000	0.0000	0.0000
0.0000	0.0000	0.0000	0.0000	0.0000	1.0000	0.0000	0.0000	0.0000	0.0000	0.0000	0.0000
0.0000	0.0000	0.0000	0.0000	0.0000	0.0000	0.9064	0.0936	0.0000	0.0000	0.0000	0.0000
1.0000	0.0000	0.0000	0.0000	0.0000	0.0000	0.0000	0.0000	0.0000	0.0000	0.0000	0.0000
1.0000	0.0000	0.0000	0.0000	0.0000	0.0000	0.0000	0.0000	0.0000	0.0000	0.0000	0.0000
0.0001	0.0000	0.0000	0.0000	0.0000	0.0000	0.0000	0.0000	0.9997	0.0001	0.0000	0.0000
0.7674	0.0000	0.0000	0.0000	0.0000	0.0000	0.0001	0.0000	0.0869	0.1422	0.0034	0.0000
0.0000	0.3188	0.6711	0.0000	0.0000	0.0100	0.0000	0.0000	0.0000	0.0000	0.0000	0.0000
0.0000	0.9990	0.0010	0.0000	0.0000	0.0000	0.0000	0.0000	0.0000	0.0000	0.0000	0.0000
0.0000	0.9461	0.0009	0.0000	0.0000	0.0000	0.0000	0.0530	0.0000	0.0000	0.0000	0.0000
1.0000	0.0000	0.0000	0.0000	0.0000	0.0000	0.0000	0.0000	0.0000	0.0000	0.0000	0.0000
1.0000	0.0000	0.0000	0.0000	0.0000	0.0000	0.0000	0.0000	0.0000	0.0000	0.0000	0.0000
0.0000	0.0183	0.0097	0.0020	0.0033	0.0001	0.8500	0.0948	0.0000	0.0191	0.0001	0.0026
0.0000	0.0000	0.0000	0.0002	0.0004	0.0000	0.0081	0.0000	0.0009	0.9902	0.0000	0.0002
0.0000	0.4617	0.5318	0.0000	0.0000	0.0061	0.0004	0.0000	0.0000	0.0000	0.0000	0.0000
0.0000	0.0000	0.0000	0.0000	0.0000	0.0000	0.0000	1.0000	0.0000	0.0000	0.0000	0.0000
0.0000	0.0014	0.0020	0.0007	0.0036	0.0000	0.9861	0.0012	0.0000	0.0048	0.0000	0.0001
0.0000	0.0000	0.0000	0.0000	0.0000	0.0000	0.0000	0.0000	0.0000	0.0000	1.0000	0.0000
0.0000	0.6376	0.1521	0.0000	0.0003	0.0005	0.1505	0.0588	0.0000	0.0000	0.0000	0.0002
0.0001	0.8671	0.0704	0.0005	0.0026	0.0014	0.0376	0.0180	0.0000	0.0015	0.0000	0.0008
0.9998	0.0000	0.0000	0.0000	0.0000	0.0000	0.0000	0.0000	0.0000	0.0000	0.0002	0.0000
0.0000	0.0000	0.0006	0.0000	0.0000	0.0000	0.9423	0.0012	0.0000	0.0000	0.0000	0.0560
0.0000	0.0000	0.0000	0.0000	0.0000	0.0000	0.0000	0.0000	0.9795	0.0205	0.0000	0.0000
0.0001	0.1215	0.0124	0.0000	0.0000	0.0009	0.0027	0.8622	0.0000	0.0000	0.0000	0.0001
0.0000	0.0000	0.0002	0.0000	0.0000	0.0000	0.8902	0.0000	0.0000	0.0000	0.0000	0.1096
0.0173	0.0000	0.0000	0.0000	0.0000	0.0000	0.0202	0.0005	0.0012	0.9211	0.0004	0.0392
0.0000	0.0000	0.0000	0.0000	0.0000	0.0000	0.0000	0.0000	0.0000	0.0000	1.0000	0.0000
0.4334	0.0004	0.2851	0.0000	0.0000	0.2095	0.0014	0.0354	0.0000	0.0000	0.0000	0.0348
0.1339	0.4783	0.0845	0.0000	0.0000	0.0114	0.0004	0.2903	0.0000	0.0000	0.0000	0.0011
0.0043	0.0000	0.0000	0.0000	0.0000	0.0000	0.0000	0.0000	0.9956	0.0001	0.0000	0.0000
0.0000	0.0731	0.9007	0.0000	0.0000	0.0261	0.0000	0.0000	0.0000	0.0000	0.0000	0.0000
0.0000	0.0000	0.0002	0.0000	0.0000	0.0000	0.0354	0.9643	0.0000	0.0000	0.0000	0.0002
0.0000	0.0000	0.0000	0.0000	0.9997	0.0000	0.0000	0.0000	0.0000	0.0003	0.0000	0.0000
0.0000	0.0000	0.0000	0.0000	0.0000	1.0000	0.0000	0.0000	0.0000	0.0000	0.0000	0.0000
0.0000	0.0000	0.0000	0.0000	0.0000	0.0000	0.0077	0.9923	0.0000	0.0000	0.0000	0.0000
0.0000	0.0024	0.0000	0.0000	0.0000	0.0000	0.0000	0.9976	0.0000	0.0000	0.0000	0.0000
0.0000	0.0000	1.0000	0.0000	0.0000	0.0000	0.0000	0.0000	0.0000	0.0000	0.0000	0.0000
0.0000	0.0000	0.0000	0.0000	0.0000	0.0000	0.0000	0.0000	0.0000	0.0000	0.0000	1.0000
0.0000	0.0000	0.9852	0.0000	0.0000	0.0001	0.0076	0.0001	0.0000	0.0000	0.0000	0.0070
0.0000	0.0000	0.0000	0.0000	0.0000	0.0000	0.0000	0.0000	0.0000	1.0000	0.0000	0.0000
0.0000	0.0000	0.0000	0.0000	0.0000	1.0000	0.0000	0.0000	0.0000	0.0000	0.0000	0.0000
0.0000	0.0000	0.0085	0.0000	0.0000	0.0000	0.0999	0.0213	0.0000	0.0000	0.0000	0.8702
0.0000	0.0000	0.0035	0.0000	0.0001	0.0000	0.5264	0.0027	0.0000	0.0002	0.0000	0.4671
0.0000	0.0000	0.0000	0.0000	0.0000	0.0000	0.0000	0.0000	1.0000	0.0000	0.0000	0.0000
0.0000	0.0000	0.0012	0.0000	0.0000	0.0000	0.0165	0.6300	0.0000	0.0000	0.0000	0.3522
0.0024	0.0000	0.0000	0.0000	0.0000	0.0000	0.0003	0.0000	0.0000	0.0004	0.0000	0.9969
0.0001	0.0000	0.0038	0.0000	0.0000	0.0000	0.0103	0.0001	0.0000	0.0002	0.0000	0.9855
0.0000	0.0000	0.0000	0.0000	0.0000	0.0000	0.9347	0.0000	0.0000	0.0000	0.0000	0.0653
0.0789	0.0000	0.0000	0.0000	0.0000	0.0000	0.0001	0.0000	0.9195	0.0015	0.0000	0.0000
0.0000	0.0000	0.0151	0.0000	0.0000	0.0000	0.4366	0.5428	0.0000	0.0000	0.0000	0.0054
0.0000	0.0000	0.0000	0.0000	0.0000	0.0000	0.0000	0.0000	0.0005	0.9995	0.0000	0.0000
0.0000	0.0000	0.0000	0.0000	0.0000	0.0000	0.0000	0.0000	0.0000	1.0000	0.0000	0.0000
0.0000	0.0000	0.9999	0.0000	0.0000	0.0001	0.0000	0.0000	0.0000	0.0000	0.0000	0.0000
0.0175	0.0000	0.0000	0.0000	0.0000	0.9807	0.0000	0.0000	0.0019	0.0000	0.0000	0.0000
0.0000	0.0000	0.9982	0.0000	0.0000	0.0001	0.0009	0.0000	0.0000	0.0000	0.0000	0.0007
0.0000	0.0000	0.0000	0.0000	0.0000	0.0000	0.0001	0.9999	0.0000	0.0000	0.0000	0.0000
0.1573	0.0000	0.0000	0.0889	0.0000	0.0000	0.0002	0.0000	0.5121	0.2314	0.0102	0.0000
0.0001	0.0000	0.0007	0.0000	0.0000	0.0002	0.9391	0.0000	0.0011	0.0004	0.0000	0.0584
0.0020	0.0000	0.0000	0.2873	0.0003	0.0000	0.0025	0.0000	0.0133	0.6898	0.0047	0.0002
0.0000	0.0000	0.0000	0.0000	0.0000	0.0000	0.0000	0.0000	0.0000	1.0000	0.0000	0.0000
0.0000	0.0000	0.0000	0.0000	0.0000	0.0000	0.0000	0.0000	0.0000	0.0000	0.0000	1.0000
0.0000	0.0000	0.6051	0.0000	0.0000	0.0000	0.0000	0.0000	0.0000	0.0000	0.0000	0.3948
0.0000	0.0000	1.0000	0.0000	0.0000	0.0000	0.0000	0.0000	0.0000	0.0000	0.0000	0.0000
0.0000	0.0000	1.0000	0.0000	0.0000	0.0000	0.0000	0.0000	0.0000	0.0000	0.0000	0.0000
0.0000	0.0000	1.0000	0.0000	0.0000	0.0000	0.0000	0.0000	0.0000	0.0000	0.0000	0.0000
0.0000	0.0000	0.0000	0.0000	0.0000	0.0000	0.0000	0.0000	0.0000	0.0000	0.0000	1.0000
0.0000	0.0000	1.0000	0.0000	0.0000	0.0000	0.0000	0.0000	0.0000	0.0000	0.0000	0.0000
0.0000	0.0000	1.0000	0.0000	0.0000	0.0000	0.0000	0.0000	0.0000	0.0000	0.0000	0.0000
0.0000	0.0000	0.0000	0.0000	0.0000	0.0000	0.0000	0.0000	0.0000	0.0000	0.0000	1.0000
0.0000	0.0000	0.0000	0.0000	0.0000	0.0000	0.0000	0.0000	0.0000	0.0000	0.0000	1.0000
0.0000	0.0000	1.0000	0.0000	0.0000	0.0000	0.0000	0.0000	0.0000	0.0000	0.0000	0.0000
0.0000	0.0000	0.0000	0.0000	0.0000	0.0000	0.0000	0.0000	0.0000	0.0000	0.0000	1.0000
0.0000	0.0000	1.0000	0.0000	0.0000	0.0000	0.0000	0.0000	0.0000	0.0000	0.0000	0.0000
0.0000	0.0000	0.0000	0.0000	0.0000	0.0000	0.0000	0.0000	0.0000	0.0000	0.0000	1.0000
0.0000	0.0000	0.0000	0.0000	0.0000	0.0000	0.0000	0.0000	0.0000	0.0000	0.0000	1.0000
0.0000	0.0000	1.0000	0.0000	0.0000	0.0000	0.0000	0.0000	0.0000	0.0000	0.0000	0.0000
0.0000	0.0000	1.0000	0.0000	0.0000	0.0000	0.0000	0.0000	0.0000	0.0000	0.0000	0.0000
0.0000	0.0000	1.0000	0.0000	0.0000	0.0000	0.0000	0.0000	0.0000	0.0000	0.0000	0.0000
0.0000	0.0000	0.0000	0.0000	0.0000	0.0000	0.0000	0.0000	0.0000	0.0000	0.0000	1.0000
0.0000	0.0000	0.0000	0.0000	0.0000	0.0000	0.0000	0.0000	0.0000	0.0000	0.0000	1.0000
0.0000	0.0000	1.0000	0.0000	0.0000	0.0000	0.0000	0.0000	0.0000	0.0000	0.0000	0.0000
0.0000	0.0000	1.0000	0.0000	0.0000	0.0000	0.0000	0.0000	0.0000	0.0000	0.0000	0.0000
0.0000	0.0000	1.0000	0.0000	0.0000	0.0000	0.0000	0.0000	0.0000	0.0000	0.0000	0.0000
0.0000	0.0000	0.0000	0.0000	0.0000	0.0000	0.9862	0.0000	0.0138	0.0000	0.0000	0.0000
0.0000	0.0000	0.0000	0.0000	0.0000	0.0000	0.0000	0.0000	1.0000	0.0000	0.0000	0.0000
0.0000	0.0000	0.0000	0.0000	0.0000	0.0000	1.0000	0.0000	0.0000	0.0000	0.0000	0.0000
0.0000	0.0000	0.0000	0.0000	0.0000	0.0000	0.0000	0.0000	1.0000	0.0000	0.0000	0.0000
0.0000	0.0000	0.0000	0.0000	0.0000	0.0000	1.0000	0.0000	0.0000	0.0000	0.0000	0.0000
0.0000	0.0000	0.0000	0.0000	0.0000	0.0000	0.0000	0.0000	1.0000	0.0000	0.0000	0.0000
0.0000	0.0000	0.0000	0.0000	0.0000	0.0000	1.0000	0.0000	0.0000	0.0000	0.0000	0.0000
0.0000	0.0000	0.0000	0.0000	0.0000	0.0000	0.0000	0.0000	1.0000	0.0000	0.0000	0.0000
0.0000	0.0000	1.0000	0.0000	0.0000	0.0000	0.0000	0.0000	0.0000	0.0000	0.0000	0.0000
0.0000	0.0000	0.9134	0.0000	0.0000	0.0000	0.0866	0.0000	0.0000	0.0000	0.0000	0.0000
0.0000	0.0000	0.0000	0.0000	0.0000	0.0000	1.0000	0.0000	0.0000	0.0000	0.0000	0.0000
0.0000	0.0000	0.0000	0.0000	0.0000	0.0000	0.0000	0.0000	1.0000	0.0000	0.0000	0.0000
0.0000	0.0000	0.0000	0.0000	0.0000	0.0000	1.0000	0.0000	0.0000	0.0000	0.0000	0.0000
0.0000	0.0000	0.0000	0.0000	0.0000	0.0000	0.0000	0.0000	1.0000	0.0000	0.0000	0.0000
0.0000	0.0000	0.0000	0.0000	0.0000	0.0000	0.0000	0.0000	1.0000	0.0000	0.0000	0.0000
0.0000	0.0000	0.0000	0.0000	0.0000	0.0000	1.0000	0.0000	0.0000	0.0000	0.0000	0.0000
0.0000	0.0000	0.0000	0.0000	0.0000	0.0000	0.0000	0.0000	1.0000	0.0000	0.0000	0.0000
0.0000	0.0000	0.0000	0.0000	0.0000	0.0000	0.0000	0.0000	1.0000	0.0000	0.0000	0.0000
0.0000	0.0000	1.0000	0.0000	0.0000	0.0000	0.0000	0.0000	0.0000	0.0000	0.0000	0.0000
0.0000	0.0000	0.0000	0.0000	0.0000	0.0000	1.0000	0.0000	0.0000	0.0000	0.0000	0.0000
0.0000	0.0000	0.0000	0.0000	0.0000	0.0000	0.0000	0.0000	1.0000	0.0000	0.0000	0.0000
0.0000	0.0000	0.0000	0.0000	0.0000	0.0000	1.0000	0.0000	0.0000	0.0000	0.0000	0.0000
0.0000	0.0000	0.0000	0.0000	0.0000	0.0000	1.0000	0.0000	0.0000	0.0000	0.0000	0.0000
