0.0012	0.0000	0.0001	0.0000	0.0000	0.0000	0.0042	0.0079	0.0087	0.8490	0.0015	0.1275
0.0000	0.0000	0.0000	0.0000	0.0000	0.0000	0.0000	0.0000	0.1423	0.6577	0.0000	0.2000
0.0001	0.2433	0.0373	0.0000	0.0000	0.0289	0.0016	0.6886	0.0000	0.0000	0.0000	0.0002
0.0000	0.0000	0.0002	0.0000	0.0000	0.0000	0.0061	0.0101	0.0000	0.0007	0.0000	0.9829
0.8162	0.0000	0.0000	0.0000	0.0000	0.0002	0.0000	0.0000	0.1835	0.0000	0.0000	0.0000
0.0000	0.0000	0.0018	0.0000	0.0000	0.0000	0.0024	0.9584	0.0000	0.0000	0.0000	0.0373
0.0000	0.0000	0.0000	0.0000	0.0000	0.0000	0.9149	0.0001	0.0000	0.0000	0.0000	0.0850
0.2826	0.0000	0.0000	0.0001	0.0000	0.0000	0.0000	0.0000	0.0497	0.3264	0.3411	0.0000
0.0000	0.1467	0.0014	0.0000	0.0000	0.8519	0.0000	0.0000	0.0000	0.0000	0.0000	0.0000
0.0000	0.0000	0.0015	0.0000	0.0000	0.0000	0.1711	0.0038	0.0000	0.0000	0.0000	0.8235
0.0000	0.0000	0.0557	0.0000	0.0000	0.0000	0.0468	0.0017	0.0000	0.0000	0.0000	0.8958
0.0000	0.0000	0.0000	0.0000	0.0000	0.0000	0.0000	0.0000	1.0000	0.0000	0.0000	0.0000
0.0000	0.0000	0.0000	0.0001	0.9997	0.0000	0.0000	0.0000	0.0000	0.0001	0.0000	0.0000
0.0000	0.0000	0.9998	0.0000	0.0000	0.0000	0.0001	0.0000	0.0000	0.0000	0.0000	0.0002
0.9948	0.0000	0.0000	0.0000	0.0000	0.0000	0.0000	0.0000	0.0002	0.0000	0.0050	0.0000
0.0000	0.0000	0.0000	0.0000	0.0000	0.0000	0.0000	0.0000	1.0000	0.0000	0.0000	0.0000
0.0000	0.0000	0.0000	0.0000	0.0000	0.0000	0.0000	0.0000	1.0000	0.0000	0.0000	0.0000
0.0000	0.0000	0.0000	0.0000	0.0000	0.0000	0.0000	0.0000	0.0000	0.9083	0.0001	0.0917
0.0003	0.0000	0.0003	0.0000	0.0000	0.0000	0.0783	0.9097	0.0001	0.0029	0.0000	0.0083
0.9633	0.0000	0.0000	0.0122	0.0000	0.0237	0.0000	0.0000	0.0000	0.0001	0.0007	0.0000
0.0007	0.0000	0.0029	0.0000	0.0000	0.0000	0.3661	0.0994	0.0178	0.1345	0.0000	0.3784
0.9029	0.0000	0.0000	0.0748	0.0000	0.0029	0.0000	0.0000	0.0013	0.0004	0.0176	0.0000
0.0000	0.0000	0.0000	0.0000	0.0000	0.0000	0.0001	0.1698	0.0000	0.0000	0.0000	0.8300
0.0001	0.0000	0.0000	0.0001	0.0000	0.0000	0.0000	0.0000	0.0656	0.9164	0.0130	0.0048
0.6276	0.0000	0.0000	0.0012	0.0000	0.0006	0.0000	0.0000	0.3601	0.0007	0.0099	0.0000
0.0000	0.0000	0.0000	0.0000	0.0000	0.0000	0.0000	0.0000	0.0000	0.0000	1.0000	0.0000
0.0003	0.7872	0.1129	0.0007	0.0105	0.0503	0.0001	0.0326	0.0000	0.0001	0.0000	0.0053
0.0000	0.0115	0.0032	0.0000	0.0000	0.9853	0.0000	0.0000	0.0000	0.0000	0.0000	0.0000
0.4312	0.0000	0.0000	0.0000	0.0000	0.5684	0.0000	0.0000	0.0003	0.0000	0.0000	0.0000
0.0000	0.0000	0.0000	0.0000	0.0000	0.0000	0.0081	0.8811	0.0000	0.0000	0.0000	0.1108
0.9998	0.0000	0.0000	0.0000	0.0000	0.0002	0.0000	0.0000	0.0000	0.0000	0.0000	0.0000
1.0000	0.0000	0.0000	0.0000	0.0000	0.0000	0.0000	0.0000	0.0000	0.0000	0.0000	0.0000
0.0001	0.0000	0.0000	0.0000	0.0000	0.0000	0.0000	0.0000	0.9999	0.0000	0.0000	0.0000
0.0154	0.0000	0.0000	0.0000	0.0000	0.0000	0.0000	0.0000	0.9754	0.0079	0.0013	0.0000
0.0000	0.9389	0.0102	0.0000	0.0000	0.0508	0.0000	0.0001	0.0000	0.0000	0.0000	0.0000
0.0000	0.9947	0.0017	0.0000	0.0000	0.0036	0.0000	0.0001	0.0000	0.0000	0.0000	0.0000
0.0001	0.5054	0.0082	0.0001	0.0013	0.0051	0.0001	0.4772	0.0000	0.0000	0.0000	0.0024
0.9987	0.0000	0.0000	0.0000	0.0000	0.0013	0.0000	0.0000	0.0000	0.0000	0.0000	0.0000
0.9995	0.0000	0.0000	0.0000	0.0000	0.0005	0.0000	0.0000	0.0000	0.0000	0.0000	0.0000
0.0101	0.0002	0.0004	0.0079	0.0035	0.0029	0.0001	0.9453	0.0000	0.0263	0.0000	0.0033
0.0048	0.0000	0.0000	0.0011	0.0000	0.0000	0.0001	0.0115	0.0003	0.9795	0.0003	0.0024
0.0000	0.8949	0.0155	0.0000	0.0000	0.0893	0.0000	0.0003	0.0000	0.0000	0.0000	0.0000
0.0000	0.0000	0.0000	0.0000	0.0000	0.0000	0.0000	0.9998	0.0000	0.0000	0.0000	0.0002
0.0061	0.0000	0.0008	0.0005	0.0001	0.0047	0.0112	0.9641	0.0001	0.0088	0.0000	0.0035
0.0000	0.0000	0.0000	0.0000	0.0000	0.0000	0.0000	0.0000	0.0000	0.0000	1.0000	0.0000
0.0003	0.0159	0.0059	0.0002	0.0024	0.0021	0.0004	0.9645	0.0000	0.0006	0.0000	0.0076
0.0252	0.0116	0.0065	0.0665	0.0677	0.0256	0.0003	0.7110	0.0000	0.0631	0.0000	0.0225
0.9278	0.0000	0.0000	0.0001	0.0000	0.0000	0.0000	0.0002	0.0001	0.0473	0.0244	0.0000
0.0000	0.0000	0.0011	0.0000	0.0000	0.0000	0.7211	0.0915	0.0000	0.0000	0.0000	0.1862
0.0000	0.0000	0.0000	0.0000	0.0000	0.0000	0.0000	0.0000	0.7987	0.1923	0.0000	0.0090
0.0004	0.0143	0.0037	0.0000	0.0002	0.0040	0.0004	0.9751	0.0000	0.0001	0.0000	0.0017
0.0000	0.0000	0.0000	0.0000	0.0000	0.0000	0.9954	0.0008	0.0002	0.0000	0.0000	0.0036
0.0053	0.0000	0.0000	0.0002	0.0000	0.0000	0.0006	0.0105	0.0025	0.9649	0.0007	0.0152
0.0000	0.0000	0.0000	0.0000	0.0000	0.0000	0.0000	0.0000	0.0000	0.0000	1.0000	0.0000
0.0271	0.0089	0.0035	0.0004	0.0001	0.8367	0.0002	0.1230	0.0000	0.0001	0.0000	0.0001
0.0479	0.1622	0.0099	0.0037	0.0014	0.5937	0.0001	0.1804	0.0000	0.0003	0.0000	0.0004
0.0077	0.0000	0.0000	0.0000	0.0000	0.0000	0.0000	0.0000	0.9923	0.0000	0.0000	0.0000
0.0000	0.9249	0.0168	0.0000	0.0000	0.0582	0.0000	0.0001	0.0000	0.0000	0.0000	0.0000
0.0000	0.0000	0.0003	0.0000	0.0000	0.0000	0.0096	0.9896	0.0000	0.0000	0.0000	0.0006
0.0000	0.0000	0.0000	0.0006	0.9965	0.0000	0.0000	0.0000	0.0000	0.0022	0.0000	0.0007
0.0000	0.0638	0.0011	0.0000	0.0000	0.9351	0.0000	0.0000	0.0000	0.0000	0.0000	0.0000
0.0000	0.0000	0.0000	0.0000	0.0000	0.0000	0.0705	0.9294	0.0000	0.0000	0.0000	0.0001
0.0000	0.0000	0.0000	0.0000	0.0000	0.0000	0.0000	0.9998	0.0000	0.0000	0.0000	0.0002
0.0000	0.0000	1.0000	0.0000	0.0000	0.0000	0.0000	0.0000	0.0000	0.0000	0.0000	0.0000
0.0000	0.0000	0.0000	0.0000	0.0000	0.0000	0.0033	0.0000	0.0007	0.0000	0.0000	0.9960
0.0000	0.0218	0.9012	0.0000	0.0001	0.0046	0.0121	0.0466	0.0000	0.0000	0.0000	0.0135
0.0000	0.0000	0.0000	0.0000	0.0000	0.0000	0.0000	0.0000	0.0000	0.9985	0.0014	0.0001
0.0040	0.0000	0.0000	0.0000	0.0000	0.9959	0.0000	0.0001	0.0000	0.0000	0.0000	0.0000
0.0000	0.0000	0.0930	0.0000	0.0002	0.0000	0.0142	0.1259	0.0000	0.0006	0.0000	0.7662
0.0004	0.0000	0.0068	0.0002	0.0006	0.0001	0.0144	0.5940	0.0002	0.0778	0.0000	0.3055
0.0000	0.0000	0.0000	0.0000	0.0000	0.0000	0.0000	0.0000	0.9997	0.0003	0.0000	0.0000
0.1948	0.0000	0.0000	0.0355	0.0005	0.0001	0.0000	0.2203	0.0000	0.5480	0.0004	0.0003
0.0036	0.0000	0.0000	0.0000	0.0000	0.0000	0.0000	0.0000	0.8706	0.1243	0.0014	0.0000
0.0107	0.0000	0.0004	0.0005	0.0000	0.0001	0.0037	0.0160	0.0099	0.9124	0.0002	0.0462
0.0212	0.0000	0.0000	0.0000	0.0000	0.0000	0.0020	0.0001	0.1224	0.7145	0.1396	0.0002
0.0000	0.0000	0.0000	0.0000	0.0000	0.0000	0.0000	0.0000	1.0000	0.0000	0.0000	0.0000
0.0000	0.0000	0.0008	0.0000	0.0000	0.0000	0.0114	0.9877	0.0000	0.0000	0.0000	0.0001
0.0000	0.0000	0.0000	0.0000	0.0000	0.0000	0.0000	0.0000	0.0022	0.9866	0.0111	0.0000
0.0001	0.0000	0.0000	0.0001	0.0000	0.0000	0.0000	0.0000	0.0000	0.0032	0.9966	0.0000
0.0000	0.0051	0.9864	0.0000	0.0000	0.0063	0.0021	0.0001	0.0000	0.0000	0.0000	0.0000
0.7878	0.0000	0.0000	0.0000	0.0000	0.2061	0.0004	0.0000	0.0057	0.0000	0.0000	0.0000
0.0000	0.0000	0.4396	0.0000	0.0000	0.0013	0.5591	0.0000	0.0000	0.0000	0.0000	0.0000
0.0003	0.0000	0.0000	0.0000	0.0000	0.0000	0.0029	0.9968	0.0000	0.0000	0.0000	0.0000
0.9687	0.0000	0.0000	0.0060	0.0000	0.0000	0.0000	0.0000	0.0003	0.0027	0.0222	0.0000
0.0111	0.0000	0.0023	0.0001	0.0000	0.0004	0.4071	0.0810	0.0811	0.3148	0.0001	0.1020
0.2165	0.0000	0.0000	0.5871	0.0001	0.0007	0.0000	0.0001	0.0009	0.0982	0.0964	0.0000
0.0000	0.0000	0.0000	0.0000	0.0000	0.0000	0.0000	0.0000	0.0000	0.9998	0.0002	0.0001
0.0000	0.0000	0.0000	0.0000	0.0000	0.0000	0.0000	0.0000	0.0000	0.0000	0.0000	1.0000
0.0000	0.0000	0.0144	0.0000	0.0000	0.0000	0.0000	0.0000	0.0000	0.0000	0.0000	0.9856
0.0000	0.0000	1.0000	0.0000	0.0000	0.0000	0.0000	0.0000	0.0000	0.0000	0.0000	0.0000
0.0000	0.0000	1.0000	0.0000	0.0000	0.0000	0.0000	0.0000	0.0000	0.0000	0.0000	0.0000
0.0000	0.0000	1.0000	0.0000	0.0000	0.0000	0.0000	0.0000	0.0000	0.0000	0.0000	0.0000
0.0000	0.0000	0.0000	0.0000	0.0000	0.0000	0.0000	0.0000	0.0000	0.0000	0.0000	1.0000
0.0000	0.0000	0.9982	0.0000	0.0000	0.0000	0.0000	0.0000	0.0000	0.0000	0.0000	0.0018
0.0000	0.0000	1.0000	0.0000	0.0000	0.0000	0.0000	0.0000	0.0000	0.0000	0.0000	0.0000
0.0000	0.0000	0.0000	0.0000	0.0000	0.0000	0.0000	0.0000	0.0000	0.0000	0.0000	1.0000
0.0000	0.0000	0.0000	0.0000	0.0000	0.0000	0.0000	0.0000	0.0000	0.0000	0.0000	1.0000
0.0000	0.0000	1.0000	0.0000	0.0000	0.0000	0.0000	0.0000	0.0000	0.0000	0.0000	0.0000
0.0000	0.0000	0.0000	0.0000	0.0000	0.0000	0.0000	0.0000	0.0000	0.0000	0.0000	1.0000
0.0000	0.0000	1.0000	0.0000	0.0000	0.0000	0.0000	0.0000	0.0000	0.0000	0.0000	0.0000
0.0000	0.0000	0.0000	0.0000	0.0000	0.0000	0.0000	0.0000	0.0000	0.0000	0.0000	1.0000
0.0000	0.0000	0.0000	0.0000	0.0000	0.0000	0.0000	0.0000	0.0000	0.0000	0.0000	1.0000
0.0000	0.0000	1.0000	0.0000	0.0000	0.0000	0.0000	0.0000	0.0000	0.0000	0.0000	0.0000
0.0000	0.0000	1.0000	0.0000	0.0000	0.0000	0.0000	0.0000	0.0000	0.0000	0.0000	0.0000
0.0000	0.0000	1.0000	0.0000	0.0000	0.0000	0.0000	0.0000	0.0000	0.0000	0.0000	0.0000
0.0000	0.0000	0.0000	0.0000	0.0000	0.0000	0.0000	0.0000	0.0000	0.0000	0.0000	1.0000
0.0000	0.0000	0.0000	0.0000	0.0000	0.0000	0.0000	0.0000	0.0000	0.0000	0.0000	1.0000
0.0000	0.0000	0.9964	0.0000	0.0000	0.0000	0.0000	0.0000	0.0000	0.0000	0.0000	0.0036
0.0000	0.0000	1.0000	0.0000	0.0000	0.0000	0.0000	0.0000	0.0000	0.0000	0.0000	0.0000
0.0000	0.0000	1.0000	0.0000	0.0000	0.0000	0.0000	0.0000	0.0000	0.0000	0.0000	0.0000
0.0000	0.0000	0.0000	0.0000	0.0000	0.0000	0.9998	0.0000	0.0002	0.0000	0.0000	0.0000
0.0000	0.0000	0.0000	0.0000	0.0000	0.0000	0.0000	0.0000	1.0000	0.0000	0.0000	0.0000
0.0000	0.0000	0.0004	0.0000	0.0000	0.0064	0.9932	0.0000	0.0000	0.0000	0.0000	0.0000
0.0000	0.0000	0.0000	0.0000	0.0000	0.0000	0.0000	0.0000	1.0000	0.0000	0.0000	0.0000
0.0000	0.0000	0.0000	0.0000	0.0000	0.0000	0.3214	0.0000	0.6786	0.0000	0.0000	0.0000
0.0000	0.0000	0.0000	0.0000	0.0000	0.0000	0.0000	0.0000	1.0000	0.0000	0.0000	0.0000
0.0000	0.0000	0.0000	0.0000	0.0000	0.0000	1.0000	0.0000	0.0000	0.0000	0.0000	0.0000
0.0000	0.0000	0.0000	0.0000	0.0000	0.0000	0.0000	0.0000	1.0000	0.0000	0.0000	0.0000
0.0000	0.0000	0.9905	0.0000	0.0000	0.0009	0.0086	0.0000	0.0000	0.0000	0.0000	0.0000
0.0000	0.0000	0.9988	0.0000	0.0000	0.0000	0.0012	0.0000	0.0000	0.0000	0.0000	0.0000
0.0000	0.0000	0.0000	0.0000	0.0000	0.0000	1.0000	0.0000	0.0000	0.0000	0.0000	0.0000
0.0000	0.0000	0.0000	0.0000	0.0000	0.0000	0.0000	0.0000	1.0000	0.0000	0.0000	0.0000
0.0000	0.0000	0.0006	0.0000	0.0000	0.0000	0.9994	0.0000	0.0000	0.0000	0.0000	0.0000
0.0000	0.0000	0.0000	0.0000	0.0000	0.0000	0.0000	0.0000	1.0000	0.0000	0.0000	0.0000
0.0000	0.0000	0.0000	0.0000	0.0000	0.0000	0.0000	0.0000	1.0000	0.0000	0.0000	0.0000
0.0000	0.0000	0.0000	0.0000	0.0000	0.0000	1.0000	0.0000	0.0000	0.0000	0.0000	0.0000
0.0000	0.0000	0.0000	0.0000	0.0000	0.0000	0.0000	0.0000	1.0000	0.0000	0.0000	0.0000
0.0000	0.0000	0.0000	0.0000	0.0000	0.0000	0.0000	0.0000	1.0000	0.0000	0.0000	0.0000
0.0000	0.0000	1.0000	0.0000	0.0000	0.0000	0.0000	0.0000	0.0000	0.0000	0.0000	0.0000
0.0000	0.0000	0.0000	0.0000	0.0000	0.0000	1.0000	0.0000	0.0000	0.0000	0.0000	0.0000
0.0000	0.0000	0.0000	0.0000	0.0000	0.0000	0.0000	0.0000	1.0000	0.0000	0.0000	0.0000
0.0000	0.0000	0.0000	0.0000	0.0000	0.0000	1.0000	0.0000	0.0000	0.0000	0.0000	0.0000
0.0000	0.0000	0.0000	0.0000	0.0000	0.0010	0.9990	0.0000	0.0000	0.0000	0.0000	0.0000
