0.0074	0.0000	0.0000	0.0000	0.0000	0.0000	0.0000	0.0000	0.0017	0.8674	0.0359	0.0876
0.0000	0.0000	0.0000	0.0000	0.0000	0.0000	0.0000	0.0000	0.9999	0.0001	0.0000	0.0000
0.0006	0.3064	0.4716	0.0000	0.0002	0.0095	0.0025	0.1979	0.0000	0.0000	0.0001	0.0114
0.0000	0.0000	0.0000	0.0000	0.0000	0.0000	0.0000	0.0000	0.0000	0.0000	0.0000	1.0000
0.0338	0.0000	0.0000	0.0000	0.0000	0.0000	0.0000	0.0000	0.9662	0.0000	0.0000	0.0000
0.0000	0.0000	0.0030	0.0000	0.0000	0.0000	0.0007	0.0228	0.0000	0.0000	0.0000	0.9734
0.0000	0.0000	0.0000	0.0000	0.0000	0.0000	1.0000	0.0000	0.0000	0.0000	0.0000	0.0000
0.0600	0.0000	0.0000	0.0000	0.0000	0.0000	0.0000	0.0003	0.0000	0.0004	0.9394	0.0000
0.0000	0.0023	0.0011	0.0000	0.0000	0.9966	0.0000	0.0000	0.0000	0.0000	0.0000	0.0000
0.0000	0.0000	0.0000	0.0000	0.0000	0.0000	0.0011	0.0000	0.0000	0.0000	0.0000	0.9989
0.0000	0.0000	0.0085	0.0000	0.0000	0.0000	0.0024	0.0000	0.0000	0.0000	0.0000	0.9891
0.0000	0.0000	0.0000	0.0000	0.0000	0.0000	0.0000	0.0000	1.0000	0.0000	0.0000	0.0000
0.0000	0.0000	0.0000	0.0000	1.0000	0.0000	0.0000	0.0000	0.0000	0.0000	0.0000	0.0000
0.0000	0.0000	1.0000	0.0000	0.0000	0.0000	0.0000	0.0000	0.0000	0.0000	0.0000	0.0000
0.9984	0.0000	0.0000	0.0000	0.0000	0.0000	0.0000	0.0000	0.0000	0.0000	0.0016	0.0000
0.0000	0.0000	0.0000	0.0000	0.0000	0.0000	0.0000	0.0000	1.0000	0.0000	0.0000	0.0000
0.0000	0.0000	0.0000	0.0000	0.0000	0.0000	0.0000	0.0000	1.0000	0.0000	0.0000	0.0000
0.0000	0.0000	0.0000	0.0000	0.0000	0.0000	0.0000	0.0000	0.0000	0.6622	0.0079	0.3300
0.0002	0.0000	0.0001	0.0000	0.0000	0.0000	0.0117	0.1556	0.0000	0.0003	0.0006	0.8315
0.9998	0.0000	0.0000	0.0000	0.0000	0.0000	0.0000	0.0000	0.0000	0.0000	0.0002	0.0000
0.0000	0.0000	0.0002	0.0000	0.0000	0.0000	0.0018	0.0001	0.0000	0.0000	0.0000	0.9979
0.3165	0.0000	0.0000	0.0106	0.0000	0.0000	0.0000	0.0000	0.6326	0.0401	0.0003	0.0000
0.0000	0.0000	0.0000	0.0000	0.0000	0.0000	0.0000	1.0000	0.0000	0.0000	0.0000	0.0000
0.0002	0.0000	0.0000	0.0330	0.0000	0.0000	0.0000	0.0000	0.0438	0.8611	0.0003	0.0616
0.0028	0.0000	0.0000	0.0000	0.0000	0.0000	0.0000	0.0000	0.9970	0.0002	0.0000	0.0000
0.0000	0.0000	0.0000	0.0000	0.0000	0.0000	0.0000	0.0000	0.0000	0.0000	1.0000	0.0000
0.0000	0.8685	0.1289	0.0000	0.0003	0.0011	0.0000	0.0002	0.0000	0.0000	0.0001	0.0009
0.0000	0.0054	0.3524	0.0000	0.0000	0.6422	0.0000	0.0000	0.0000	0.0000	0.0000	0.0000
0.0033	0.0000	0.0000	0.0000	0.0000	0.9967	0.0000	0.0000	0.0000	0.0000	0.0000	0.0000
0.0000	0.0000	0.0000	0.0000	0.0000	0.0000	0.0156	0.9844	0.0000	0.0000	0.0000	0.0000
1.0000	0.0000	0.0000	0.0000	0.0000	0.0000	0.0000	0.0000	0.0000	0.0000	0.0000	0.0000
1.0000	0.0000	0.0000	0.0000	0.0000	0.0000	0.0000	0.0000	0.0000	0.0000	0.0000	0.0000
0.0000	0.0000	0.0000	0.0000	0.0000	0.0000	0.0000	0.0000	1.0000	0.0000	0.0000	0.0000
0.0028	0.0000	0.0000	0.0000	0.0000	0.0000	0.0000	0.0000	0.1574	0.8398	0.0000	0.0000
0.0000	0.6508	0.2851	0.0000	0.0000	0.0641	0.0000	0.0000	0.0000	0.0000	0.0000	0.0000
0.0000	0.9837	0.0139	0.0000	0.0000	0.0024	0.0000	0.0000	0.0000	0.0000	0.0000	0.0000
0.0000	0.9698	0.0071	0.0000	0.0006	0.0027	0.0000	0.0194	0.0000	0.0000	0.0001	0.0003
1.0000	0.0000	0.0000	0.0000	0.0000	0.0000	0.0000	0.0000	0.0000	0.0000	0.0000	0.0000
1.0000	0.0000	0.0000	0.0000	0.0000	0.0000	0.0000	0.0000	0.0000	0.0000	0.0000	0.0000
0.0182	0.0500	0.0147	0.0057	0.0179	0.0325	0.0046	0.4829	0.0001	0.0436	0.2183	0.1115
0.0025	0.0000	0.0000	0.0063	0.0004	0.0028	0.0015	0.0011	0.0085	0.8958	0.0054	0.0757
0.0000	0.7384	0.2225	0.0000	0.0000	0.0390	0.0000	0.0000	0.0000	0.0000	0.0000	0.0000
0.0000	0.0000	0.0000	0.0000	0.0000	0.0000	0.0000	1.0000	0.0000	0.0000	0.0000	0.0000
0.0135	0.0523	0.0440	0.0059	0.0082	0.0216	0.1061	0.6180	0.0001	0.0058	0.0200	0.1046
0.0000	0.0000	0.0000	0.0000	0.0000	0.0000	0.0000	0.0000	0.0000	0.0000	1.0000	0.0000
0.0000	0.9366	0.0481	0.0000	0.0003	0.0030	0.0003	0.0111	0.0000	0.0000	0.0000	0.0004
0.0005	0.9459	0.0096	0.0001	0.0037	0.0067	0.0001	0.0269	0.0000	0.0002	0.0051	0.0012
0.9999	0.0000	0.0000	0.0000	0.0000	0.0000	0.0000	0.0000	0.0000	0.0001	0.0000	0.0000
0.0002	0.0000	0.0000	0.0000	0.0000	0.0000	0.5421	0.0107	0.0000	0.0000	0.0000	0.4470
0.0000	0.0000	0.0000	0.0000	0.0000	0.0000	0.0000	0.0000	1.0000	0.0000	0.0000	0.0000
0.0016	0.1002	0.0117	0.0000	0.0011	0.0035	0.0007	0.8643	0.0000	0.0006	0.0039	0.0125
0.0000	0.0000	0.0000	0.0000	0.0000	0.0000	0.3782	0.0122	0.0000	0.0000	0.0000	0.6096
0.0002	0.0000	0.0000	0.0000	0.0000	0.0000	0.0000	0.0000	0.0001	0.9924	0.0018	0.0054
0.0000	0.0000	0.0000	0.0000	0.0000	0.0000	0.0000	0.0000	0.0000	0.0000	1.0000	0.0000
0.1951	0.0106	0.0262	0.0004	0.0004	0.5163	0.0007	0.1698	0.0003	0.0277	0.0272	0.0254
0.1760	0.0071	0.0037	0.0004	0.0032	0.0049	0.0000	0.1301	0.0000	0.0546	0.6103	0.0096
0.0000	0.0000	0.0000	0.0000	0.0000	0.0000	0.0000	0.0000	1.0000	0.0000	0.0000	0.0000
0.0000	0.4102	0.5236	0.0000	0.0000	0.0662	0.0000	0.0000	0.0000	0.0000	0.0000	0.0000
0.0001	0.0000	0.0027	0.0000	0.0000	0.0000	0.0232	0.8418	0.0000	0.0000	0.0000	0.1322
0.0000	0.0000	0.0000	0.0000	1.0000	0.0000	0.0000	0.0000	0.0000	0.0000	0.0000	0.0000
0.0000	0.0002	0.0005	0.0000	0.0000	0.9993	0.0000	0.0000	0.0000	0.0000	0.0000	0.0000
0.0048	0.0000	0.0000	0.0000	0.0000	0.0000	0.0334	0.9615	0.0000	0.0000	0.0000	0.0002
0.0000	0.0000	0.0000	0.0000	0.0000	0.0000	0.0000	1.0000	0.0000	0.0000	0.0000	0.0000
0.0000	0.0000	1.0000	0.0000	0.0000	0.0000	0.0000	0.0000	0.0000	0.0000	0.0000	0.0000
0.0000	0.0000	0.0000	0.0000	0.0000	0.0000	0.0000	0.0000	0.0000	0.0000	0.0000	1.0000
0.0000	0.0003	0.9867	0.0000	0.0000	0.0008	0.0039	0.0001	0.0000	0.0000	0.0000	0.0082
0.0000	0.0000	0.0000	0.0000	0.0000	0.0000	0.0000	0.0000	0.0000	1.0000	0.0000	0.0000
0.0000	0.0000	0.0000	0.0000	0.0000	0.9999	0.0000	0.0000	0.0000	0.0000	0.0000	0.0000
0.0001	0.0000	0.0651	0.0000	0.0000	0.0000	0.0063	0.0037	0.0000	0.0000	0.0004	0.9244
0.0000	0.0000	0.0061	0.0000	0.0001	0.0000	0.0077	0.0038	0.0000	0.0000	0.0005	0.9816
0.0000	0.0000	0.0000	0.0000	0.0000	0.0000	0.0000	0.0000	1.0000	0.0000	0.0000	0.0000
0.0001	0.0000	0.0000	0.0000	0.0000	0.0000	0.0000	0.9778	0.0000	0.0000	0.0220	0.0000
0.0013	0.0000	0.0000	0.0005	0.0000	0.0000	0.0000	0.0000	0.3000	0.6889	0.0000	0.0092
0.0000	0.0000	0.0002	0.0000	0.0000	0.0000	0.0001	0.0000	0.0000	0.0006	0.0015	0.9974
0.0000	0.0000	0.0000	0.0000	0.0000	0.0000	0.0000	0.0000	0.0000	0.0002	0.0000	0.9998
0.0000	0.0000	0.0000	0.0000	0.0000	0.0000	0.0000	0.0000	0.9989	0.0011	0.0000	0.0000
0.0000	0.0000	0.0016	0.0000	0.0000	0.0000	0.0278	0.9341	0.0000	0.0000	0.0000	0.0365
0.0000	0.0000	0.0000	0.0000	0.0000	0.0000	0.0000	0.0000	0.0000	1.0000	0.0000	0.0000
0.0000	0.0000	0.0000	0.0000	0.0000	0.0000	0.0000	0.0000	0.0000	0.9804	0.0196	0.0000
0.0000	0.0000	1.0000	0.0000	0.0000	0.0000	0.0000	0.0000	0.0000	0.0000	0.0000	0.0000
0.7348	0.0000	0.0000	0.0000	0.0000	0.0024	0.0000	0.0000	0.2266	0.0363	0.0000	0.0000
0.0000	0.0000	0.9992	0.0000	0.0000	0.0000	0.0008	0.0000	0.0000	0.0000	0.0000	0.0000
0.0000	0.0000	0.0000	0.0000	0.0000	0.0000	0.0001	0.9998	0.0000	0.0000	0.0000	0.0000
0.0439	0.0000	0.0000	0.0010	0.0000	0.0000	0.0000	0.0000	0.1324	0.8227	0.0000	0.0000
0.0040	0.0000	0.0056	0.0011	0.0000	0.0073	0.0814	0.0010	0.0081	0.0015	0.0003	0.8897
0.0063	0.0000	0.0000	0.0844	0.0001	0.0021	0.0000	0.0000	0.0083	0.8934	0.0050	0.0003
0.0000	0.0000	0.0000	0.0000	0.0000	0.0000	0.0000	0.0000	0.0000	1.0000	0.0000	0.0000
0.0000	0.0000	0.0000	0.0000	0.0000	0.0000	0.0000	0.0000	0.0000	0.0000	0.0000	1.0000
0.0000	0.0000	0.0000	0.0000	0.0000	0.0000	0.0000	0.0000	0.0000	0.0000	0.0000	1.0000
0.0000	0.0000	1.0000	0.0000	0.0000	0.0000	0.0000	0.0000	0.0000	0.0000	0.0000	0.0000
0.0000	0.0000	1.0000	0.0000	0.0000	0.0000	0.0000	0.0000	0.0000	0.0000	0.0000	0.0000
0.0000	0.0000	1.0000	0.0000	0.0000	0.0000	0.0000	0.0000	0.0000	0.0000	0.0000	0.0000
0.0000	0.0000	0.0000	0.0000	0.0000	0.0000	0.0000	0.0000	0.0000	0.0000	0.0000	1.0000
0.0000	0.0000	0.9998	0.0000	0.0000	0.0000	0.0000	0.0000	0.0000	0.0000	0.0000	0.0002
0.0000	0.0000	1.0000	0.0000	0.0000	0.0000	0.0000	0.0000	0.0000	0.0000	0.0000	0.0000
0.0000	0.0000	0.0000	0.0000	0.0000	0.0000	0.0000	0.0000	0.0000	0.0000	0.0000	1.0000
0.0000	0.0000	0.0000	0.0000	0.0000	0.0000	0.0000	0.0000	0.0000	0.0000	0.0000	1.0000
0.0000	0.0000	1.0000	0.0000	0.0000	0.0000	0.0000	0.0000	0.0000	0.0000	0.0000	0.0000
0.0000	0.0000	0.0000	0.0000	0.0000	0.0000	0.0000	0.0000	0.0000	0.0000	0.0000	1.0000
0.0000	0.0000	1.0000	0.0000	0.0000	0.0000	0.0000	0.0000	0.0000	0.0000	0.0000	0.0000
0.0000	0.0000	0.0000	0.0000	0.0000	0.0000	0.0000	0.0000	0.0000	0.0000	0.0000	1.0000
0.0000	0.0000	0.0000	0.0000	0.0000	0.0000	0.0000	0.0000	0.0000	0.0000	0.0000	1.0000
0.0000	0.0000	1.0000	0.0000	0.0000	0.0000	0.0000	0.0000	0.0000	0.0000	0.0000	0.0000
0.0000	0.0000	1.0000	0.0000	0.0000	0.0000	0.0000	0.0000	0.0000	0.0000	0.0000	0.0000
0.0000	0.0000	1.0000	0.0000	0.0000	0.0000	0.0000	0.0000	0.0000	0.0000	0.0000	0.0000
0.0000	0.0000	0.0000	0.0000	0.0000	0.0000	0.0000	0.0000	0.0000	0.0000	0.0000	1.0000
0.0000	0.0000	0.0000	0.0000	0.0000	0.0000	0.0000	0.0000	0.0000	0.0000	0.0000	1.0000
0.0000	0.0000	1.0000	0.0000	0.0000	0.0000	0.0000	0.0000	0.0000	0.0000	0.0000	0.0000
0.0000	0.0000	1.0000	0.0000	0.0000	0.0000	0.0000	0.0000	0.0000	0.0000	0.0000	0.0000
0.0000	0.0000	1.0000	0.0000	0.0000	0.0000	0.0000	0.0000	0.0000	0.0000	0.0000	0.0000
0.0000	0.0000	0.0000	0.0000	0.0000	0.0000	1.0000	0.0000	0.0000	0.0000	0.0000	0.0000
0.0000	0.0000	0.0000	0.0000	0.0000	0.0000	0.0000	0.0000	1.0000	0.0000	0.0000	0.0000
0.0000	0.0000	0.0000	0.0000	0.0000	0.0000	1.0000	0.0000	0.0000	0.0000	0.0000	0.0000
0.0000	0.0000	0.0000	0.0000	0.0000	0.0000	0.0000	0.0000	1.0000	0.0000	0.0000	0.0000
0.0000	0.0000	0.0000	0.0000	0.0000	0.0000	1.0000	0.0000	0.0000	0.0000	0.0000	0.0000
0.0000	0.0000	0.0000	0.0000	0.0000	0.0000	0.0000	0.0000	1.0000	0.0000	0.0000	0.0000
0.0000	0.0000	0.0000	0.0000	0.0000	0.0000	1.0000	0.0000	0.0000	0.0000	0.0000	0.0000
0.0000	0.0000	0.0000	0.0000	0.0000	0.0000	0.0000	0.0000	1.0000	0.0000	0.0000	0.0000
0.0000	0.0000	1.0000	0.0000	0.0000	0.0000	0.0000	0.0000	0.0000	0.0000	0.0000	0.0000
0.0000	0.0000	1.0000	0.0000	0.0000	0.0000	0.0000	0.0000	0.0000	0.0000	0.0000	0.0000
0.0000	0.0000	0.0000	0.0000	0.0000	0.0000	1.0000	0.0000	0.0000	0.0000	0.0000	0.0000
0.0000	0.0000	0.0000	0.0000	0.0000	0.0000	0.0000	0.0000	1.0000	0.0000	0.0000	0.0000
0.0000	0.0000	0.0002	0.0000	0.0000	0.0000	0.9998	0.0000	0.0000	0.0000	0.0000	0.0000
0.0000	0.0000	0.0000	0.0000	0.0000	0.0000	0.0000	0.0000	1.0000	0.0000	0.0000	0.0000
0.0000	0.0000	0.0000	0.0000	0.0000	0.0000	0.0000	0.0000	1.0000	0.0000	0.0000	0.0000
0.0000	0.0000	0.0000	0.0000	0.0000	0.0000	1.0000	0.0000	0.0000	0.0000	0.0000	0.0000
0.0000	0.0000	0.0000	0.0000	0.0000	0.0000	0.0000	0.0000	1.0000	0.0000	0.0000	0.0000
0.0000	0.0000	0.0000	0.0000	0.0000	0.0000	0.0000	0.0000	1.0000	0.0000	0.0000	0.0000
0.0000	0.0000	1.0000	0.0000	0.0000	0.0000	0.0000	0.0000	0.0000	0.0000	0.0000	0.0000
0.0000	0.0000	0.0000	0.0000	0.0000	0.0000	1.0000	0.0000	0.0000	0.0000	0.0000	0.0000
0.0000	0.0000	0.0000	0.0000	0.0000	0.0000	0.0000	0.0000	1.0000	0.0000	0.0000	0.0000
0.0000	0.0000	0.0000	0.0000	0.0000	0.0000	1.0000	0.0000	0.0000	0.0000	0.0000	0.0000
0.0000	0.0000	0.0000	0.0000	0.0000	0.0000	1.0000	0.0000	0.0000	0.0000	0.0000	0.0000
