0.3271	0.0000	0.0001	0.0000	0.0000	0.0000	0.2453	0.0011	0.0173	0.0963	0.0194	0.2935
0.0000	0.0000	0.0000	0.0000	0.0000	0.0000	0.0000	0.0000	1.0000	0.0000	0.0000	0.0000
0.0000	0.3015	0.6421	0.0000	0.0000	0.0068	0.0022	0.0472	0.0000	0.0000	0.0000	0.0001
0.0000	0.0000	0.0003	0.0000	0.0000	0.0000	0.0557	0.0039	0.0000	0.0003	0.0000	0.9398
0.9374	0.0000	0.0000	0.0000	0.0000	0.0000	0.0002	0.0000	0.0624	0.0000	0.0000	0.0000
0.0000	0.0127	0.0562	0.0000	0.0000	0.0001	0.0377	0.8360	0.0000	0.0000	0.0000	0.0573
0.0000	0.0000	0.0000	0.0000	0.0000	0.0000	1.0000	0.0000	0.0000	0.0000	0.0000	0.0000
0.2396	0.0000	0.0000	0.0000	0.0000	0.0000	0.0028	0.0035	0.0002	0.0007	0.7531	0.0001
0.0000	0.5086	0.0507	0.0000	0.0000	0.4406	0.0000	0.0001	0.0000	0.0000	0.0000	0.0000
0.0000	0.0000	0.0033	0.0000	0.0000	0.0000	0.7666	0.0091	0.0000	0.0000	0.0000	0.2210
0.0000	0.0000	0.1298	0.0000	0.0000	0.0000	0.4268	0.0105	0.0000	0.0000	0.0000	0.4329
0.0000	0.0000	0.0000	0.0000	0.0000	0.0000	0.0000	0.0000	1.0000	0.0000	0.0000	0.0000
0.0000	0.0000	0.0000	0.0000	1.0000	0.0000	0.0000	0.0000	0.0000	0.0000	0.0000	0.0000
0.0000	0.0000	1.0000	0.0000	0.0000	0.0000	0.0000	0.0000	0.0000	0.0000	0.0000	0.0000
0.9964	0.0000	0.0000	0.0000	0.0000	0.0000	0.0000	0.0000	0.0002	0.0000	0.0034	0.0000
0.0520	0.0000	0.0000	0.0000	0.0000	0.0000	0.0000	0.0000	0.9479	0.0000	0.0000	0.0000
0.0724	0.0000	0.0000	0.0000	0.0000	0.0000	0.0000	0.0000	0.9276	0.0000	0.0000	0.0000
0.0000	0.0000	0.0000	0.0000	0.0000	0.0000	0.0000	0.0000	0.0000	0.5014	0.0004	0.4982
0.0003	0.0000	0.0074	0.0000	0.0000	0.0000	0.6220	0.3266	0.0000	0.0000	0.0000	0.0437
0.9993	0.0000	0.0000	0.0000	0.0000	0.0006	0.0000	0.0000	0.0001	0.0000	0.0000	0.0000
0.0016	0.0000	0.0006	0.0000	0.0000	0.0000	0.6902	0.0034	0.0013	0.0024	0.0002	0.3003
0.9825	0.0000	0.0000	0.0005	0.0000	0.0000	0.0000	0.0000	0.0167	0.0003	0.0000	0.0000
0.0000	0.0000	0.0000	0.0000	0.0000	0.0000	0.0001	0.9995	0.0000	0.0000	0.0000	0.0003
0.0100	0.0000	0.0000	0.0009	0.0000	0.0000	0.0001	0.0000	0.6236	0.3651	0.0004	0.0000
0.9278	0.0000	0.0000	0.0000	0.0000	0.0000	0.0000	0.0000	0.0721	0.0000	0.0000	0.0000
0.0000	0.0000	0.0000	0.0000	0.0000	0.0000	0.0000	0.0000	0.0000	0.0000	1.0000	0.0000
0.0000	0.7759	0.1977	0.0000	0.0002	0.0063	0.0006	0.0121	0.0000	0.0000	0.0000	0.0072
0.0001	0.1141	0.2418	0.0000	0.0000	0.6437	0.0001	0.0001	0.0000	0.0000	0.0000	0.0000
1.0000	0.0000	0.0000	0.0000	0.0000	0.0000	0.0000	0.0000	0.0000	0.0000	0.0000	0.0000
0.0000	0.0000	0.0000	0.0000	0.0000	0.0000	0.9484	0.0374	0.0000	0.0000	0.0000	0.0142
0.9998	0.0000	0.0000	0.0000	0.0000	0.0001	0.0000	0.0000	0.0000	0.0000	0.0000	0.0000
0.9999	0.0000	0.0000	0.0000	0.0000	0.0000	0.0000	0.0000	0.0000	0.0000	0.0000	0.0000
0.0008	0.0000	0.0000	0.0000	0.0000	0.0000	0.0000	0.0000	0.9990	0.0002	0.0000	0.0000
0.1043	0.0000	0.0000	0.0000	0.0000	0.0000	0.0000	0.0000	0.8931	0.0025	0.0001	0.0000
0.0000	0.7063	0.2043	0.0000	0.0000	0.0887	0.0001	0.0006	0.0000	0.0000	0.0000	0.0000
0.0000	0.9228	0.0542	0.0000	0.0000	0.0223	0.0000	0.0006	0.0000	0.0000	0.0000	0.0000
0.0000	0.9461	0.0184	0.0000	0.0001	0.0074	0.0001	0.0274	0.0000	0.0000	0.0000	0.0005
1.0000	0.0000	0.0000	0.0000	0.0000	0.0000	0.0000	0.0000	0.0000	0.0000	0.0000	0.0000
1.0000	0.0000	0.0000	0.0000	0.0000	0.0000	0.0000	0.0000	0.0000	0.0000	0.0000	0.0000
0.0081	0.0581	0.0197	0.0002	0.0068	0.0226	0.0814	0.6819	0.0001	0.0066	0.0040	0.1106
0.0081	0.0000	0.0000	0.0036	0.0014	0.0001	0.0076	0.0002	0.0059	0.9375	0.0139	0.0216
0.0000	0.7209	0.1613	0.0000	0.0000	0.1156	0.0003	0.0017	0.0000	0.0000	0.0000	0.0001
0.0000	0.0000	0.0000	0.0000	0.0000	0.0000	0.0000	1.0000	0.0000	0.0000	0.0000	0.0000
0.0102	0.0003	0.0043	0.0005	0.0006	0.0031	0.8832	0.0269	0.0019	0.0088	0.0019	0.0584
0.0000	0.0000	0.0000	0.0000	0.0000	0.0000	0.0000	0.0000	0.0000	0.0000	1.0000	0.0000
0.0003	0.5126	0.2193	0.0000	0.0004	0.0262	0.0309	0.1923	0.0000	0.0000	0.0000	0.0179
0.0025	0.6197	0.0605	0.0000	0.0149	0.0608	0.0139	0.1411	0.0000	0.0020	0.0007	0.0837
1.0000	0.0000	0.0000	0.0000	0.0000	0.0000	0.0000	0.0000	0.0000	0.0000	0.0000	0.0000
0.0001	0.0000	0.0002	0.0000	0.0000	0.0000	0.9962	0.0021	0.0000	0.0000	0.0000	0.0014
0.0000	0.0000	0.0000	0.0000	0.0000	0.0000	0.0000	0.0000	1.0000	0.0000	0.0000	0.0000
0.0002	0.5563	0.0879	0.0000	0.0001	0.0182	0.0043	0.3299	0.0000	0.0000	0.0000	0.0032
0.0000	0.0000	0.0000	0.0000	0.0000	0.0000	0.9944	0.0041	0.0000	0.0000	0.0000	0.0015
0.0801	0.0000	0.0000	0.0003	0.0002	0.0000	0.0125	0.0007	0.0114	0.8352	0.0239	0.0356
0.0000	0.0000	0.0000	0.0000	0.0000	0.0000	0.0000	0.0000	0.0000	0.0000	1.0000	0.0000
0.0008	0.7447	0.0895	0.0000	0.0001	0.1104	0.0007	0.0534	0.0000	0.0000	0.0000	0.0006
0.0032	0.6395	0.1746	0.0000	0.0001	0.0531	0.0014	0.1260	0.0000	0.0000	0.0000	0.0020
0.1637	0.0000	0.0000	0.0000	0.0000	0.0000	0.0012	0.0000	0.8350	0.0001	0.0000	0.0000
0.0000	0.6125	0.3025	0.0000	0.0000	0.0844	0.0001	0.0005	0.0000	0.0000	0.0000	0.0000
0.0001	0.0001	0.0330	0.0000	0.0000	0.0000	0.3446	0.6208	0.0000	0.0000	0.0000	0.0014
0.0000	0.0000	0.0000	0.0000	0.9999	0.0000	0.0000	0.0000	0.0000	0.0001	0.0000	0.0000
0.0000	0.2059	0.0449	0.0000	0.0000	0.7491	0.0000	0.0000	0.0000	0.0000	0.0000	0.0000
0.0009	0.0000	0.0002	0.0000	0.0000	0.0000	0.9248	0.0740	0.0000	0.0000	0.0000	0.0000
0.0000	0.1024	0.0009	0.0000	0.0003	0.0007	0.0003	0.8739	0.0000	0.0001	0.0000	0.0214
0.0000	0.0000	1.0000	0.0000	0.0000	0.0000	0.0000	0.0000	0.0000	0.0000	0.0000	0.0000
0.0000	0.0000	0.0000	0.0000	0.0000	0.0000	0.0001	0.0000	0.0000	0.0000	0.0000	0.9999
0.0000	0.0780	0.8995	0.0000	0.0000	0.0050	0.0078	0.0085	0.0000	0.0000	0.0000	0.0011
0.0000	0.0000	0.0000	0.0000	0.0000	0.0000	0.0000	0.0000	0.0000	0.9999	0.0000	0.0000
0.0009	0.0249	0.0012	0.0000	0.0004	0.9722	0.0000	0.0004	0.0000	0.0000	0.0000	0.0000
0.0002	0.0050	0.3957	0.0000	0.0000	0.0001	0.1275	0.1003	0.0000	0.0000	0.0000	0.3712
0.0010	0.0001	0.0038	0.0000	0.0001	0.0000	0.2853	0.0549	0.0002	0.0024	0.0003	0.6520
0.0000	0.0000	0.0000	0.0000	0.0000	0.0000	0.0000	0.0000	1.0000	0.0000	0.0000	0.0000
0.0006	0.0002	0.0001	0.0000	0.0000	0.0000	0.0004	0.9972	0.0000	0.0000	0.0001	0.0014
0.0417	0.0000	0.0000	0.0000	0.0000	0.0000	0.0001	0.0000	0.8980	0.0601	0.0001	0.0000
0.1322	0.0000	0.0029	0.0000	0.0002	0.0001	0.2757	0.0023	0.0312	0.0464	0.0036	0.5055
0.0115	0.0000	0.0000	0.0000	0.0000	0.0000	0.8975	0.0303	0.0000	0.0001	0.0602	0.0004
0.0050	0.0000	0.0000	0.0000	0.0000	0.0000	0.0000	0.0000	0.9949	0.0001	0.0000	0.0000
0.0000	0.0001	0.0078	0.0000	0.0000	0.0000	0.0277	0.9642	0.0000	0.0000	0.0000	0.0001
0.0000	0.0000	0.0000	0.0000	0.0000	0.0000	0.0000	0.0000	0.0002	0.9998	0.0000	0.0000
0.0005	0.0000	0.0000	0.0125	0.0000	0.0000	0.0000	0.0000	0.0000	0.7847	0.2023	0.0000
0.0000	0.0010	0.9980	0.0000	0.0000	0.0007	0.0003	0.0000	0.0000	0.0000	0.0000	0.0000
0.9921	0.0000	0.0000	0.0000	0.0000	0.0077	0.0000	0.0000	0.0001	0.0000	0.0000	0.0000
0.0000	0.0000	0.9979	0.0000	0.0000	0.0001	0.0019	0.0000	0.0000	0.0000	0.0000	0.0000
0.0000	0.0000	0.0000	0.0000	0.0000	0.0000	0.0049	0.9950	0.0000	0.0000	0.0000	0.0000
0.8213	0.0000	0.0000	0.0447	0.0000	0.0000	0.0000	0.0000	0.0847	0.0443	0.0049	0.0000
0.0131	0.0000	0.0008	0.0000	0.0000	0.0000	0.9515	0.0007	0.0098	0.0025	0.0003	0.0212
0.0247	0.0000	0.0000	0.6912	0.0019	0.0001	0.0001	0.0000	0.0048	0.2486	0.0286	0.0000
0.0000	0.0000	0.0000	0.0000	0.0000	0.0000	0.0000	0.0000	0.0001	0.9996	0.0000	0.0002
0.0000	0.0000	0.0000	0.0000	0.0000	0.0000	0.0000	0.0000	0.0000	0.0000	0.0000	1.0000
0.0000	0.0000	0.0018	0.0000	0.0000	0.0000	0.0000	0.0000	0.0000	0.0000	0.0000	0.9982
0.0000	0.0000	1.0000	0.0000	0.0000	0.0000	0.0000	0.0000	0.0000	0.0000	0.0000	0.0000
0.0000	0.0000	1.0000	0.0000	0.0000	0.0000	0.0000	0.0000	0.0000	0.0000	0.0000	0.0000
0.0000	0.0000	1.0000	0.0000	0.0000	0.0000	0.0000	0.0000	0.0000	0.0000	0.0000	0.0000
0.0000	0.0000	0.0000	0.0000	0.0000	0.0000	0.0000	0.0000	0.0000	0.0000	0.0000	1.0000
0.0000	0.0000	1.0000	0.0000	0.0000	0.0000	0.0000	0.0000	0.0000	0.0000	0.0000	0.0000
0.0000	0.0000	1.0000	0.0000	0.0000	0.0000	0.0000	0.0000	0.0000	0.0000	0.0000	0.0000
0.0000	0.0000	0.0000	0.0000	0.0000	0.0000	0.0000	0.0000	0.0000	0.0000	0.0000	1.0000
0.0000	0.0000	0.0000	0.0000	0.0000	0.0000	0.0000	0.0000	0.0000	0.0000	0.0000	1.0000
0.0000	0.0000	1.0000	0.0000	0.0000	0.0000	0.0000	0.0000	0.0000	0.0000	0.0000	0.0000
0.0000	0.0000	0.0000	0.0000	0.0000	0.0000	0.0000	0.0000	0.0000	0.0000	0.0000	1.0000
0.0000	0.0000	1.0000	0.0000	0.0000	0.0000	0.0000	0.0000	0.0000	0.0000	0.0000	0.0000
0.0000	0.0000	0.0000	0.0000	0.0000	0.0000	0.0000	0.0000	0.0000	0.0000	0.0000	1.0000
0.0000	0.0000	0.0000	0.0000	0.0000	0.0000	0.0000	0.0000	0.0000	0.0000	0.0000	1.0000
0.0000	0.0000	1.0000	0.0000	0.0000	0.0000	0.0000	0.0000	0.0000	0.0000	0.0000	0.0000
0.0000	0.0000	1.0000	0.0000	0.0000	0.0000	0.0000	0.0000	0.0000	0.0000	0.0000	0.0000
0.0000	0.0000	1.0000	0.0000	0.0000	0.0000	0.0000	0.0000	0.0000	0.0000	0.0000	0.0000
0.0000	0.0000	0.0000	0.0000	0.0000	0.0000	0.0000	0.0000	0.0000	0.0000	0.0000	1.0000
0.0000	0.0000	0.0000	0.0000	0.0000	0.0000	0.0000	0.0000	0.0000	0.0000	0.0000	1.0000
0.0000	0.0000	1.0000	0.0000	0.0000	0.0000	0.0000	0.0000	0.0000	0.0000	0.0000	0.0000
0.0000	0.0000	1.0000	0.0000	0.0000	0.0000	0.0000	0.0000	0.0000	0.0000	0.0000	0.0000
0.0000	0.0000	1.0000	0.0000	0.0000	0.0000	0.0000	0.0000	0.0000	0.0000	0.0000	0.0000
0.0000	0.0000	0.0000	0.0000	0.0000	0.0000	0.9999	0.0000	0.0001	0.0000	0.0000	0.0000
0.0000	0.0000	0.0000	0.0000	0.0000	0.0000	0.0000	0.0000	1.0000	0.0000	0.0000	0.0000
0.0000	0.0000	0.0002	0.0000	0.0000	0.0000	0.9996	0.0001	0.0000	0.0000	0.0000	0.0000
0.0000	0.0000	0.0000	0.0000	0.0000	0.0000	0.0000	0.0000	1.0000	0.0000	0.0000	0.0000
0.0000	0.0000	0.0000	0.0000	0.0000	0.0000	1.0000	0.0000	0.0000	0.0000	0.0000	0.0000
0.0000	0.0000	0.0000	0.0000	0.0000	0.0000	0.0000	0.0000	1.0000	0.0000	0.0000	0.0000
0.0000	0.0000	0.0000	0.0000	0.0000	0.0000	1.0000	0.0000	0.0000	0.0000	0.0000	0.0000
0.0000	0.0000	0.0000	0.0000	0.0000	0.0000	0.0000	0.0000	1.0000	0.0000	0.0000	0.0000
0.0000	0.0000	1.0000	0.0000	0.0000	0.0000	0.0000	0.0000	0.0000	0.0000	0.0000	0.0000
0.0000	0.0000	0.9999	0.0000	0.0000	0.0000	0.0001	0.0000	0.0000	0.0000	0.0000	0.0000
0.0000	0.0000	0.0000	0.0000	0.0000	0.0000	1.0000	0.0000	0.0000	0.0000	0.0000	0.0000
0.0000	0.0000	0.0000	0.0000	0.0000	0.0000	0.0000	0.0000	1.0000	0.0000	0.0000	0.0000
0.0000	0.0000	0.0029	0.0000	0.0000	0.0000	0.9971	0.0001	0.0000	0.0000	0.0000	0.0000
0.0000	0.0000	0.0000	0.0000	0.0000	0.0000	0.0000	0.0000	1.0000	0.0000	0.0000	0.0000
0.0000	0.0000	0.0000	0.0000	0.0000	0.0000	0.0000	0.0000	1.0000	0.0000	0.0000	0.0000
0.0000	0.0000	0.0000	0.0000	0.0000	0.0000	1.0000	0.0000	0.0000	0.0000	0.0000	0.0000
0.0000	0.0000	0.0000	0.0000	0.0000	0.0000	0.0000	0.0000	1.0000	0.0000	0.0000	0.0000
0.0000	0.0000	0.0000	0.0000	0.0000	0.0000	0.0000	0.0000	1.0000	0.0000	0.0000	0.0000
0.0000	0.0000	1.0000	0.0000	0.0000	0.0000	0.0000	0.0000	0.0000	0.0000	0.0000	0.0000
0.0000	0.0000	0.0000	0.0000	0.0000	0.0000	1.0000	0.0000	0.0000	0.0000	0.0000	0.0000
0.0000	0.0000	0.0000	0.0000	0.0000	0.0000	0.0000	0.0000	1.0000	0.0000	0.0000	0.0000
0.0000	0.0000	0.0000	0.0000	0.0000	0.0000	1.0000	0.0000	0.0000	0.0000	0.0000	0.0000
0.0000	0.0000	0.0002	0.0000	0.0000	0.0000	0.9998	0.0000	0.0000	0.0000	0.0000	0.0000
