0.0010	0.0000	0.0000	0.0000	0.0000	0.0000	0.0138	0.0000	0.0030	0.0022	0.0000	0.9800
0.0000	0.0000	0.0000	0.0003	0.0000	0.0000	0.0000	0.0000	0.1484	0.8513	0.0000	0.0000
0.0000	0.0480	0.4788	0.0000	0.0000	0.0007	0.0001	0.4716	0.0000	0.0000	0.0000	0.0007
0.0000	0.0000	0.0000	0.0000	0.0000	0.0000	0.0001	0.0000	0.0000	0.0000	0.0000	0.9999
0.4581	0.0000	0.0000	0.0000	0.0000	0.0000	0.0000	0.0000	0.5419	0.0000	0.0000	0.0000
0.0000	0.0000	0.0479	0.0000	0.0000	0.0000	0.0038	0.0935	0.0000	0.0000	0.0000	0.8549
0.0000	0.0000	0.0000	0.0000	0.0000	0.0000	1.0000	0.0000	0.0000	0.0000	0.0000	0.0000
0.0058	0.0000	0.0000	0.0002	0.0000	0.0000	0.0000	0.0012	0.0002	0.2595	0.3226	0.4105
0.0000	0.0002	0.0000	0.0000	0.0000	0.9998	0.0000	0.0000	0.0000	0.0000	0.0000	0.0000
0.0000	0.0000	0.0005	0.0000	0.0000	0.0000	0.5595	0.0000	0.0000	0.0000	0.0000	0.4400
0.0000	0.0000	0.1076	0.0000	0.0000	0.0000	0.0589	0.0000	0.0000	0.0000	0.0000	0.8335
0.0000	0.0000	0.0000	0.0000	0.0000	0.0000	0.0000	0.0000	1.0000	0.0000	0.0000	0.0000
0.0000	0.0000	0.0000	0.0000	1.0000	0.0000	0.0000	0.0000	0.0000	0.0000	0.0000	0.0000
0.0000	0.0000	1.0000	0.0000	0.0000	0.0000	0.0000	0.0000	0.0000	0.0000	0.0000	0.0000
0.9993	0.0000	0.0000	0.0000	0.0000	0.0000	0.0000	0.0000	0.0000	0.0000	0.0007	0.0000
0.0000	0.0000	0.0000	0.0000	0.0000	0.0000	0.0000	0.0000	1.0000	0.0000	0.0000	0.0000
0.0000	0.0000	0.0000	0.0000	0.0000	0.0000	0.0000	0.0000	1.0000	0.0000	0.0000	0.0000
0.0000	0.0000	0.0000	0.0000	0.0000	0.0000	0.0000	0.0000	0.0000	0.7132	0.0007	0.2861
0.0002	0.0000	0.0001	0.0000	0.0000	0.0001	0.1517	0.8315	0.0000	0.0004	0.0000	0.0160
0.9904	0.0000	0.0000	0.0000	0.0000	0.0096	0.0000	0.0000	0.0000	0.0000	0.0000	0.0000
0.0000	0.0000	0.0000	0.0000	0.0000	0.0001	0.1076	0.0000	0.0000	0.0011	0.0000	0.8912
0.3833	0.0000	0.0000	0.0001	0.0001	0.0574	0.0000	0.0000	0.5396	0.0194	0.0001	0.0000
0.0000	0.0000	0.0000	0.0000	0.0000	0.0000	0.0000	1.0000	0.0000	0.0000	0.0000	0.0000
0.0000	0.0000	0.0000	0.0073	0.0000	0.0000	0.0014	0.0000	0.6061	0.3851	0.0000	0.0001
0.0009	0.0000	0.0000	0.0000	0.0000	0.0029	0.0000	0.0000	0.9960	0.0002	0.0000	0.0000
0.0000	0.0000	0.0000	0.0000	0.0000	0.0000	0.0000	0.0000	0.0000	0.0000	1.0000	0.0000
0.0000	0.9743	0.0091	0.0000	0.0000	0.0081	0.0000	0.0080	0.0000	0.0000	0.0000	0.0003
0.0000	0.0000	0.0069	0.0000	0.0000	0.9931	0.0000	0.0000	0.0000	0.0000	0.0000	0.0000
0.0001	0.0000	0.0000	0.0000	0.0000	0.9999	0.0000	0.0000	0.0000	0.0000	0.0000	0.0000
0.0000	0.0000	0.0000	0.0000	0.0000	0.0000	0.0065	0.9935	0.0000	0.0000	0.0000	0.0000
1.0000	0.0000	0.0000	0.0000	0.0000	0.0000	0.0000	0.0000	0.0000	0.0000	0.0000	0.0000
1.0000	0.0000	0.0000	0.0000	0.0000	0.0000	0.0000	0.0000	0.0000	0.0000	0.0000	0.0000
0.0000	0.0000	0.0000	0.0000	0.0000	0.0000	0.0000	0.0000	1.0000	0.0000	0.0000	0.0000
0.0577	0.0000	0.0000	0.0000	0.0000	0.0000	0.0000	0.0000	0.9321	0.0102	0.0000	0.0000
0.0000	0.5550	0.4299	0.0000	0.0000	0.0149	0.0000	0.0001	0.0000	0.0000	0.0000	0.0000
0.0000	1.0000	0.0000	0.0000	0.0000	0.0000	0.0000	0.0000	0.0000	0.0000	0.0000	0.0000
0.0000	0.9395	0.0000	0.0000	0.0000	0.0000	0.0000	0.0605	0.0000	0.0000	0.0000	0.0000
1.0000	0.0000	0.0000	0.0000	0.0000	0.0000	0.0000	0.0000	0.0000	0.0000	0.0000	0.0000
1.0000	0.0000	0.0000	0.0000	0.0000	0.0000	0.0000	0.0000	0.0000	0.0000	0.0000	0.0000
0.0007	0.0040	0.0000	0.0000	0.0000	0.0016	0.0000	0.9854	0.0000	0.0024	0.0057	0.0001
0.0000	0.0000	0.0000	0.0000	0.0000	0.0001	0.0001	0.0000	0.0005	0.9991	0.0000	0.0000
0.0000	0.8950	0.0510	0.0000	0.0000	0.0537	0.0000	0.0002	0.0000	0.0000	0.0000	0.0000
0.0000	0.0000	0.0000	0.0000	0.0000	0.0000	0.0000	1.0000	0.0000	0.0000	0.0000	0.0000
0.1955	0.0022	0.0000	0.0011	0.0001	0.0606	0.0140	0.6697	0.0001	0.0370	0.0190	0.0006
0.0000	0.0000	0.0000	0.0000	0.0000	0.0000	0.0000	0.0000	0.0000	0.0000	1.0000	0.0000
0.0003	0.1884	0.0019	0.0000	0.0000	0.0019	0.0001	0.8070	0.0000	0.0000	0.0001	0.0002
0.0005	0.9687	0.0000	0.0000	0.0001	0.0068	0.0000	0.0180	0.0000	0.0001	0.0057	0.0001
1.0000	0.0000	0.0000	0.0000	0.0000	0.0000	0.0000	0.0000	0.0000	0.0000	0.0000	0.0000
0.0000	0.0000	0.0000	0.0000	0.0000	0.0000	0.9872	0.0000	0.0000	0.0000	0.0000	0.0128
0.0000	0.0000	0.0000	0.0003	0.0000	0.0000	0.0000	0.0000	0.9168	0.0829	0.0000	0.0000
0.0007	0.0459	0.0001	0.0000	0.0000	0.0039	0.0000	0.9494	0.0000	0.0000	0.0000	0.0000
0.0000	0.0000	0.0000	0.0000	0.0000	0.0000	0.9931	0.0000	0.0000	0.0000	0.0000	0.0069
0.0001	0.0000	0.0000	0.0000	0.0000	0.0000	0.0004	0.0000	0.0035	0.9946	0.0000	0.0014
0.0000	0.0000	0.0000	0.0000	0.0000	0.0000	0.0000	0.0000	0.0000	0.0000	1.0000	0.0000
0.0024	0.0007	0.0013	0.0000	0.0000	0.9873	0.0000	0.0065	0.0000	0.0000	0.0000	0.0018
0.0257	0.7959	0.0002	0.0000	0.0000	0.0112	0.0000	0.1666	0.0000	0.0000	0.0003	0.0000
0.0031	0.0000	0.0000	0.0000	0.0000	0.0000	0.0001	0.0000	0.9968	0.0000	0.0000	0.0000
0.0000	0.0943	0.8865	0.0000	0.0000	0.0191	0.0000	0.0000	0.0000	0.0000	0.0000	0.0000
0.0000	0.0000	0.0012	0.0000	0.0000	0.0000	0.0180	0.9798	0.0000	0.0000	0.0000	0.0010
0.0000	0.0000	0.0000	0.0000	1.0000	0.0000	0.0000	0.0000	0.0000	0.0000	0.0000	0.0000
0.0000	0.0000	0.0000	0.0000	0.0000	0.9999	0.0000	0.0000	0.0000	0.0000	0.0000	0.0000
0.0014	0.0000	0.0000	0.0000	0.0000	0.0000	0.9363	0.0623	0.0000	0.0000	0.0000	0.0000
0.0000	0.0000	0.0000	0.0000	0.0000	0.0000	0.0000	1.0000	0.0000	0.0000	0.0000	0.0000
0.0000	0.0000	1.0000	0.0000	0.0000	0.0000	0.0000	0.0000	0.0000	0.0000	0.0000	0.0000
0.0000	0.0000	0.0000	0.0000	0.0000	0.0000	0.0000	0.0000	0.0000	0.0000	0.0000	1.0000
0.0000	0.0000	0.9975	0.0000	0.0000	0.0002	0.0004	0.0000	0.0000	0.0000	0.0000	0.0019
0.0000	0.0000	0.0000	0.0000	0.0000	0.0000	0.0000	0.0000	0.0000	1.0000	0.0000	0.0000
0.0000	0.0000	0.0000	0.0000	0.0000	1.0000	0.0000	0.0000	0.0000	0.0000	0.0000	0.0000
0.0000	0.0000	0.7637	0.0000	0.0000	0.0001	0.0037	0.0122	0.0000	0.0000	0.0000	0.2203
0.0001	0.0000	0.0015	0.0000	0.0000	0.0002	0.6313	0.2244	0.0000	0.0007	0.0002	0.1416
0.0000	0.0000	0.0000	0.0000	0.0000	0.0000	0.0000	0.0000	1.0000	0.0000	0.0000	0.0000
0.0000	0.0001	0.0000	0.0000	0.0000	0.0000	0.0000	0.9974	0.0000	0.0000	0.0024	0.0000
0.0007	0.0000	0.0000	0.0000	0.0000	0.0019	0.0136	0.0000	0.7365	0.2000	0.0000	0.0473
0.0795	0.0000	0.0000	0.0000	0.0000	0.2381	0.0252	0.0005	0.0023	0.2602	0.0007	0.3933
0.0000	0.0000	0.0000	0.0000	0.0000	0.0000	0.0000	0.0002	0.0000	0.0004	0.5819	0.4174
0.0000	0.0000	0.0000	0.0000	0.0000	0.0000	0.0000	0.0000	0.9999	0.0000	0.0000	0.0000
0.0000	0.0000	0.0000	0.0000	0.0000	0.0000	0.0000	1.0000	0.0000	0.0000	0.0000	0.0000
0.0000	0.0000	0.0000	0.0000	0.0000	0.0000	0.0000	0.0000	0.0000	1.0000	0.0000	0.0000
0.0000	0.0000	0.0000	0.0000	0.0000	0.0000	0.0000	0.0000	0.0000	0.6593	0.3407	0.0000
0.0000	0.0000	0.9999	0.0000	0.0000	0.0000	0.0001	0.0000	0.0000	0.0000	0.0000	0.0000
0.6603	0.0000	0.0000	0.0000	0.0000	0.3326	0.0005	0.0000	0.0058	0.0008	0.0000	0.0000
0.0000	0.0000	0.2892	0.0000	0.0000	0.0000	0.7106	0.0000	0.0000	0.0000	0.0000	0.0002
0.0000	0.0000	0.0000	0.0000	0.0000	0.0000	0.0000	1.0000	0.0000	0.0000	0.0000	0.0000
0.3691	0.0000	0.0000	0.0002	0.0000	0.0000	0.0000	0.0000	0.0764	0.5542	0.0002	0.0000
0.0001	0.0000	0.0000	0.0000	0.0000	0.0022	0.9032	0.0000	0.0005	0.0083	0.0000	0.0856
0.0000	0.0000	0.0000	0.0055	0.0000	0.0000	0.0000	0.0000	0.0006	0.9842	0.0096	0.0000
0.0000	0.0000	0.0000	0.0000	0.0000	0.0000	0.0000	0.0000	0.0000	1.0000	0.0000	0.0000
0.0000	0.0000	0.0000	0.0000	0.0000	0.0000	0.0000	0.0000	0.0000	0.0000	0.0000	1.0000
0.0000	0.0000	0.0006	0.0000	0.0000	0.0000	0.0000	0.0000	0.0000	0.0000	0.0000	0.9994
0.0000	0.0000	1.0000	0.0000	0.0000	0.0000	0.0000	0.0000	0.0000	0.0000	0.0000	0.0000
0.0000	0.0000	1.0000	0.0000	0.0000	0.0000	0.0000	0.0000	0.0000	0.0000	0.0000	0.0000
0.0000	0.0000	1.0000	0.0000	0.0000	0.0000	0.0000	0.0000	0.0000	0.0000	0.0000	0.0000
0.0000	0.0000	0.0000	0.0000	0.0000	0.0000	0.0000	0.0000	0.0000	0.0000	0.0000	1.0000
0.0000	0.0000	1.0000	0.0000	0.0000	0.0000	0.0000	0.0000	0.0000	0.0000	0.0000	0.0000
0.0000	0.0000	1.0000	0.0000	0.0000	0.0000	0.0000	0.0000	0.0000	0.0000	0.0000	0.0000
0.0000	0.0000	0.0000	0.0000	0.0000	0.0000	0.0000	0.0000	0.0000	0.0000	0.0000	1.0000
0.0000	0.0000	0.0000	0.0000	0.0000	0.0000	0.0000	0.0000	0.0000	0.0000	0.0000	1.0000
0.0000	0.0000	1.0000	0.0000	0.0000	0.0000	0.0000	0.0000	0.0000	0.0000	0.0000	0.0000
0.0000	0.0000	0.0000	0.0000	0.0000	0.0000	0.0000	0.0000	0.0000	0.0000	0.0000	1.0000
0.0000	0.0000	1.0000	0.0000	0.0000	0.0000	0.0000	0.0000	0.0000	0.0000	0.0000	0.0000
0.0000	0.0000	0.0000	0.0000	0.0000	0.0000	0.0000	0.0000	0.0000	0.0000	0.0000	1.0000
0.0000	0.0000	0.0000	0.0000	0.0000	0.0000	0.0000	0.0000	0.0000	0.0000	0.0000	1.0000
0.0000	0.0000	1.0000	0.0000	0.0000	0.0000	0.0000	0.0000	0.0000	0.0000	0.0000	0.0000
0.0000	0.0000	1.0000	0.0000	0.0000	0.0000	0.0000	0.0000	0.0000	0.0000	0.0000	0.0000
0.0000	0.0000	1.0000	0.0000	0.0000	0.0000	0.0000	0.0000	0.0000	0.0000	0.0000	0.0000
0.0000	0.0000	0.0000	0.0000	0.0000	0.0000	0.0000	0.0000	0.0000	0.0000	0.0000	1.0000
0.0000	0.0000	0.0000	0.0000	0.0000	0.0000	0.0000	0.0000	0.0000	0.0000	0.0000	1.0000
0.0000	0.0000	1.0000	0.0000	0.0000	0.0000	0.0000	0.0000	0.0000	0.0000	0.0000	0.0000
0.0000	0.0000	1.0000	0.0000	0.0000	0.0000	0.0000	0.0000	0.0000	0.0000	0.0000	0.0000
0.0000	0.0000	1.0000	0.0000	0.0000	0.0000	0.0000	0.0000	0.0000	0.0000	0.0000	0.0000
0.0000	0.0000	0.0000	0.0000	0.0000	0.0000	0.9999	0.0000	0.0001	0.0000	0.0000	0.0000
0.0000	0.0000	0.0000	0.0000	0.0000	0.0000	0.0000	0.0000	1.0000	0.0000	0.0000	0.0000
0.0000	0.0000	0.0000	0.0000	0.0000	0.0000	1.0000	0.0000	0.0000	0.0000	0.0000	0.0000
0.0000	0.0000	0.0000	0.0000	0.0000	0.0000	0.0000	0.0000	1.0000	0.0000	0.0000	0.0000
0.0000	0.0000	0.0000	0.0000	0.0000	0.0000	0.9999	0.0000	0.0001	0.0000	0.0000	0.0000
0.0000	0.0000	0.0000	0.0000	0.0000	0.0000	0.0000	0.0000	1.0000	0.0000	0.0000	0.0000
0.0000	0.0000	0.0000	0.0000	0.0000	0.0000	1.0000	0.0000	0.0000	0.0000	0.0000	0.0000
0.0000	0.0000	0.0000	0.0000	0.0000	0.0000	0.0000	0.0000	1.0000	0.0000	0.0000	0.0000
0.0000	0.0000	1.0000	0.0000	0.0000	0.0000	0.0000	0.0000	0.0000	0.0000	0.0000	0.0000
0.0000	0.0000	1.0000	0.0000	0.0000	0.0000	0.0000	0.0000	0.0000	0.0000	0.0000	0.0000
0.0000	0.0000	0.0000	0.0000	0.0000	0.0000	1.0000	0.0000	0.0000	0.0000	0.0000	0.0000
0.0000	0.0000	0.0000	0.0000	0.0000	0.0000	0.0000	0.0000	1.0000	0.0000	0.0000	0.0000
0.0000	0.0000	0.0000	0.0000	0.0000	0.0000	1.0000	0.0000	0.0000	0.0000	0.0000	0.0000
0.0000	0.0000	0.0000	0.0000	0.0000	0.0000	0.0000	0.0000	1.0000	0.0000	0.0000	0.0000
0.0000	0.0000	0.0000	0.0000	0.0000	0.0000	0.0000	0.0000	1.0000	0.0000	0.0000	0.0000
0.0000	0.0000	0.0000	0.0000	0.0000	0.0000	1.0000	0.0000	0.0000	0.0000	0.0000	0.0000
0.0000	0.0000	0.0000	0.0000	0.0000	0.0000	0.0000	0.0000	1.0000	0.0000	0.0000	0.0000
0.0000	0.0000	0.0000	0.0000	0.0000	0.0000	0.0000	0.0000	1.0000	0.0000	0.0000	0.0000
0.0000	0.0000	1.0000	0.0000	0.0000	0.0000	0.0000	0.0000	0.0000	0.0000	0.0000	0.0000
0.0000	0.0000	0.0000	0.0000	0.0000	0.0000	1.0000	0.0000	0.0000	0.0000	0.0000	0.0000
0.0000	0.0000	0.0000	0.0000	0.0000	0.0000	0.0000	0.0000	1.0000	0.0000	0.0000	0.0000
0.0000	0.0000	0.0000	0.0000	0.0000	0.0000	1.0000	0.0000	0.0000	0.0000	0.0000	0.0000
0.0000	0.0000	0.0000	0.0000	0.0000	0.0000	1.0000	0.0000	0.0000	0.0000	0.0000	0.0000
