0.0005	0.0000	0.0000	0.0001	0.0000	0.0000	0.0351	0.0000	0.0085	0.0242	0.0108	0.9207
0.0000	0.0000	0.0000	0.0000	0.0000	0.0000	0.0000	0.0000	0.9994	0.0006	0.0000	0.0000
0.0000	0.6629	0.2206	0.0000	0.0000	0.0064	0.0038	0.1059	0.0000	0.0000	0.0000	0.0005
0.0000	0.0000	0.0004	0.0005	0.0000	0.0004	0.2312	0.0041	0.0001	0.0015	0.0003	0.7615
0.0824	0.0000	0.0000	0.0000	0.0000	0.0001	0.0000	0.0000	0.9175	0.0000	0.0000	0.0000
0.0000	0.0048	0.0176	0.0001	0.0001	0.0005	0.1075	0.8329	0.0000	0.0002	0.0003	0.0360
0.0000	0.0000	0.0000	0.0000	0.0000	0.0000	1.0000	0.0000	0.0000	0.0000	0.0000	0.0000
0.0009	0.0000	0.0000	0.0000	0.0000	0.0000	0.0005	0.0000	0.0000	0.0000	0.9982	0.0004
0.0000	0.4074	0.0383	0.0000	0.0000	0.5542	0.0000	0.0000	0.0000	0.0000	0.0000	0.0001
0.0000	0.0000	0.0003	0.0000	0.0000	0.0000	0.9852	0.0038	0.0000	0.0000	0.0000	0.0107
0.0000	0.0001	0.0280	0.0001	0.0001	0.0004	0.9044	0.0159	0.0000	0.0000	0.0000	0.0510
0.0000	0.0000	0.0000	0.0000	0.0000	0.0000	0.0000	0.0000	1.0000	0.0000	0.0000	0.0000
0.0000	0.0000	0.0000	0.0000	1.0000	0.0000	0.0000	0.0000	0.0000	0.0000	0.0000	0.0000
0.0000	0.0001	0.9996	0.0000	0.0000	0.0000	0.0002	0.0001	0.0000	0.0000	0.0000	0.0000
0.9991	0.0000	0.0000	0.0000	0.0000	0.0000	0.0000	0.0000	0.0007	0.0000	0.0002	0.0000
0.0000	0.0000	0.0000	0.0000	0.0000	0.0000	0.0000	0.0000	1.0000	0.0000	0.0000	0.0000
0.0000	0.0000	0.0000	0.0000	0.0000	0.0000	0.0000	0.0000	1.0000	0.0000	0.0000	0.0000
0.0000	0.0000	0.0000	0.0001	0.0000	0.0000	0.0005	0.0002	0.0000	0.8778	0.0074	0.1140
0.0000	0.0000	0.0012	0.0000	0.0000	0.0001	0.5058	0.4478	0.0000	0.0007	0.0025	0.0419
0.9854	0.0000	0.0000	0.0000	0.0000	0.0144	0.0000	0.0000	0.0001	0.0000	0.0000	0.0000
0.0000	0.0000	0.0001	0.0001	0.0000	0.0008	0.0441	0.0019	0.0001	0.0014	0.0008	0.9507
0.0086	0.0000	0.0000	0.0000	0.0000	0.1738	0.0000	0.0000	0.8126	0.0013	0.0000	0.0037
0.0000	0.0000	0.0000	0.0000	0.0000	0.0000	0.0000	1.0000	0.0000	0.0000	0.0000	0.0000
0.0000	0.0000	0.0000	0.0242	0.0000	0.0000	0.0021	0.0000	0.0191	0.9414	0.0034	0.0098
0.0000	0.0000	0.0000	0.0000	0.0000	0.1421	0.0000	0.0000	0.8578	0.0000	0.0000	0.0000
0.0000	0.0000	0.0000	0.0000	0.0000	0.0000	0.0000	0.0000	0.0000	0.0000	1.0000	0.0000
0.0000	0.9965	0.0025	0.0000	0.0000	0.0003	0.0000	0.0007	0.0000	0.0000	0.0000	0.0000
0.0000	0.2481	0.0956	0.0000	0.0000	0.6555	0.0001	0.0002	0.0000	0.0000	0.0000	0.0004
0.0000	0.0000	0.0000	0.0000	0.0000	1.0000	0.0000	0.0000	0.0000	0.0000	0.0000	0.0000
0.0000	0.0000	0.0000	0.0000	0.0012	0.0000	0.0701	0.9286	0.0000	0.0000	0.0000	0.0000
1.0000	0.0000	0.0000	0.0000	0.0000	0.0000	0.0000	0.0000	0.0000	0.0000	0.0000	0.0000
1.0000	0.0000	0.0000	0.0000	0.0000	0.0000	0.0000	0.0000	0.0000	0.0000	0.0000	0.0000
0.0000	0.0000	0.0000	0.0000	0.0000	0.0000	0.0000	0.0000	1.0000	0.0000	0.0000	0.0000
0.0103	0.0000	0.0000	0.0000	0.0000	0.0000	0.0000	0.0000	0.9833	0.0064	0.0000	0.0000
0.0000	0.9811	0.0164	0.0000	0.0000	0.0024	0.0000	0.0001	0.0000	0.0000	0.0000	0.0000
0.0000	0.9967	0.0030	0.0000	0.0000	0.0002	0.0000	0.0000	0.0000	0.0000	0.0000	0.0000
0.0000	0.9762	0.0036	0.0000	0.0000	0.0007	0.0000	0.0194	0.0000	0.0000	0.0000	0.0001
1.0000	0.0000	0.0000	0.0000	0.0000	0.0000	0.0000	0.0000	0.0000	0.0000	0.0000	0.0000
1.0000	0.0000	0.0000	0.0000	0.0000	0.0000	0.0000	0.0000	0.0000	0.0000	0.0000	0.0000
0.0001	0.0117	0.0029	0.0085	0.0067	0.0007	0.1956	0.7084	0.0000	0.0304	0.0229	0.0122
0.0001	0.0000	0.0000	0.0505	0.0012	0.0002	0.0677	0.0007	0.0014	0.8576	0.0075	0.0132
0.0000	0.9807	0.0160	0.0000	0.0000	0.0031	0.0001	0.0002	0.0000	0.0000	0.0000	0.0000
0.0000	0.0000	0.0000	0.0000	0.0000	0.0000	0.0000	1.0000	0.0000	0.0000	0.0000	0.0000
0.0001	0.0581	0.0194	0.0085	0.0054	0.0027	0.6840	0.2055	0.0000	0.0029	0.0095	0.0039
0.0000	0.0000	0.0000	0.0000	0.0000	0.0000	0.0000	0.0000	0.0000	0.0000	1.0000	0.0000
0.0000	0.7581	0.0523	0.0000	0.0001	0.0020	0.0096	0.1772	0.0000	0.0000	0.0001	0.0005
0.0002	0.8826	0.0448	0.0001	0.0001	0.0130	0.0042	0.0516	0.0000	0.0002	0.0004	0.0028
0.9822	0.0000	0.0000	0.0000	0.0000	0.0000	0.0000	0.0000	0.0001	0.0001	0.0170	0.0006
0.0000	0.0000	0.0001	0.0000	0.0000	0.0000	0.9913	0.0050	0.0000	0.0000	0.0002	0.0035
0.0000	0.0000	0.0000	0.0000	0.0000	0.0000	0.0000	0.0000	1.0000	0.0000	0.0000	0.0000
0.0000	0.8078	0.0193	0.0000	0.0000	0.0073	0.0017	0.1632	0.0000	0.0000	0.0000	0.0007
0.0000	0.0000	0.0000	0.0000	0.0000	0.0000	0.9983	0.0001	0.0000	0.0000	0.0000	0.0016
0.0057	0.0000	0.0001	0.0047	0.0000	0.0537	0.0328	0.0008	0.0862	0.3408	0.0053	0.4699
0.0000	0.0000	0.0000	0.0000	0.0000	0.0000	0.0000	0.0000	0.0000	0.0000	1.0000	0.0000
0.0005	0.1813	0.0472	0.0000	0.0000	0.7353	0.0008	0.0161	0.0000	0.0001	0.0000	0.0186
0.0001	0.9201	0.0171	0.0000	0.0000	0.0495	0.0001	0.0120	0.0000	0.0000	0.0000	0.0010
0.0005	0.0000	0.0000	0.0000	0.0000	0.0000	0.0000	0.0000	0.9995	0.0000	0.0000	0.0000
0.0000	0.9610	0.0329	0.0000	0.0000	0.0059	0.0000	0.0001	0.0000	0.0000	0.0000	0.0000
0.0000	0.0000	0.0010	0.0000	0.0000	0.0000	0.3136	0.6845	0.0000	0.0000	0.0000	0.0008
0.0000	0.0000	0.0000	0.0000	1.0000	0.0000	0.0000	0.0000	0.0000	0.0000	0.0000	0.0000
0.0000	0.0056	0.0059	0.0000	0.0000	0.9884	0.0000	0.0000	0.0000	0.0000	0.0000	0.0000
0.0000	0.0000	0.0000	0.0000	0.0000	0.0000	0.2958	0.7042	0.0000	0.0000	0.0000	0.0000
0.0000	0.0019	0.0000	0.0000	0.0000	0.0000	0.0000	0.9981	0.0000	0.0000	0.0000	0.0000
0.0000	0.0000	1.0000	0.0000	0.0000	0.0000	0.0000	0.0000	0.0000	0.0000	0.0000	0.0000
0.0000	0.0000	0.0000	0.0000	0.0000	0.0000	0.0021	0.0000	0.0000	0.0000	0.0000	0.9978
0.0000	0.1632	0.6661	0.0001	0.0000	0.0251	0.0722	0.0574	0.0000	0.0000	0.0001	0.0158
0.0000	0.0000	0.0000	0.0000	0.0000	0.0000	0.0000	0.0000	0.0000	0.9999	0.0001	0.0000
0.0000	0.0000	0.0000	0.0000	0.0000	0.9999	0.0000	0.0000	0.0000	0.0000	0.0000	0.0000
0.0001	0.0037	0.1917	0.0001	0.0002	0.0016	0.2874	0.3343	0.0000	0.0002	0.0014	0.1794
0.0000	0.0001	0.0007	0.0032	0.0037	0.0000	0.5624	0.3383	0.0000	0.0142	0.0092	0.0681
0.0000	0.0000	0.0000	0.0000	0.0000	0.0000	0.0000	0.0000	0.9983	0.0017	0.0000	0.0000
0.0003	0.0000	0.0000	0.0000	0.0000	0.0000	0.0004	0.9912	0.0000	0.0013	0.0061	0.0006
0.0134	0.0000	0.0000	0.0000	0.0000	0.0237	0.0001	0.0000	0.4478	0.0146	0.0000	0.5003
0.0266	0.0003	0.0030	0.0001	0.0000	0.2611	0.0065	0.0195	0.0010	0.0192	0.0012	0.6616
0.0000	0.0000	0.0000	0.0000	0.0000	0.0000	0.5931	0.0000	0.0000	0.0000	0.4064	0.0005
0.0001	0.0000	0.0000	0.0000	0.0000	0.0000	0.0000	0.0000	0.9998	0.0000	0.0000	0.0000
0.0000	0.0001	0.0061	0.0000	0.0000	0.0000	0.2664	0.7266	0.0000	0.0000	0.0000	0.0008
0.0000	0.0000	0.0000	0.0003	0.0000	0.0000	0.0000	0.0000	0.0086	0.9898	0.0013	0.0000
0.0000	0.0000	0.0000	0.0000	0.0000	0.0000	0.0000	0.0000	0.0000	0.9955	0.0045	0.0000
0.0000	0.0163	0.9795	0.0000	0.0000	0.0014	0.0023	0.0004	0.0000	0.0000	0.0000	0.0000
0.0001	0.0000	0.0000	0.0000	0.0000	0.9929	0.0000	0.0000	0.0070	0.0000	0.0000	0.0000
0.0000	0.0000	0.9913	0.0000	0.0000	0.0010	0.0059	0.0000	0.0000	0.0000	0.0000	0.0018
0.0000	0.0000	0.0000	0.0000	0.0000	0.0000	0.0004	0.9996	0.0000	0.0000	0.0000	0.0000
0.0349	0.0000	0.0000	0.0000	0.0000	0.0000	0.0000	0.0000	0.0206	0.9438	0.0006	0.0000
0.0005	0.0000	0.0010	0.0010	0.0000	0.0048	0.7156	0.0124	0.0017	0.0211	0.0019	0.2401
0.0001	0.0000	0.0000	0.3910	0.0000	0.0017	0.0071	0.0000	0.0417	0.5333	0.0120	0.0130
0.0000	0.0000	0.0000	0.0000	0.0000	0.0000	0.0000	0.0000	0.0000	0.9999	0.0001	0.0000
0.0000	0.0000	0.0000	0.0000	0.0000	0.0000	0.0000	0.0000	0.0000	0.0000	0.0000	1.0000
0.0000	0.0000	0.0003	0.0000	0.0000	0.0000	0.0000	0.0000	0.0000	0.0000	0.0000	0.9997
0.0000	0.0000	1.0000	0.0000	0.0000	0.0000	0.0000	0.0000	0.0000	0.0000	0.0000	0.0000
0.0000	0.0000	1.0000	0.0000	0.0000	0.0000	0.0000	0.0000	0.0000	0.0000	0.0000	0.0000
0.0000	0.0000	1.0000	0.0000	0.0000	0.0000	0.0000	0.0000	0.0000	0.0000	0.0000	0.0000
0.0000	0.0000	0.0000	0.0000	0.0000	0.0000	0.0000	0.0000	0.0000	0.0000	0.0000	1.0000
0.0000	0.0000	0.9999	0.0000	0.0000	0.0000	0.0000	0.0000	0.0000	0.0000	0.0000	0.0001
0.0000	0.0000	1.0000	0.0000	0.0000	0.0000	0.0000	0.0000	0.0000	0.0000	0.0000	0.0000
0.0000	0.0000	0.0000	0.0000	0.0000	0.0000	0.0000	0.0000	0.0000	0.0000	0.0000	1.0000
0.0000	0.0000	0.0000	0.0000	0.0000	0.0000	0.0000	0.0000	0.0000	0.0000	0.0000	1.0000
0.0000	0.0000	1.0000	0.0000	0.0000	0.0000	0.0000	0.0000	0.0000	0.0000	0.0000	0.0000
0.0000	0.0000	0.0000	0.0000	0.0000	0.0000	0.0000	0.0000	0.0000	0.0000	0.0000	1.0000
0.0000	0.0000	1.0000	0.0000	0.0000	0.0000	0.0000	0.0000	0.0000	0.0000	0.0000	0.0000
0.0000	0.0000	0.0000	0.0000	0.0000	0.0000	0.0000	0.0000	0.0000	0.0000	0.0000	1.0000
0.0000	0.0000	0.0000	0.0000	0.0000	0.0000	0.0000	0.0000	0.0000	0.0000	0.0000	1.0000
0.0000	0.0000	1.0000	0.0000	0.0000	0.0000	0.0000	0.0000	0.0000	0.0000	0.0000	0.0000
0.0000	0.0000	1.0000	0.0000	0.0000	0.0000	0.0000	0.0000	0.0000	0.0000	0.0000	0.0000
0.0000	0.0000	1.0000	0.0000	0.0000	0.0000	0.0000	0.0000	0.0000	0.0000	0.0000	0.0000
0.0000	0.0000	0.0000	0.0000	0.0000	0.0000	0.0000	0.0000	0.0000	0.0000	0.0000	1.0000
0.0000	0.0000	0.0000	0.0000	0.0000	0.0000	0.0000	0.0000	0.0000	0.0000	0.0000	1.0000
0.0000	0.0000	1.0000	0.0000	0.0000	0.0000	0.0000	0.0000	0.0000	0.0000	0.0000	0.0000
0.0000	0.0000	1.0000	0.0000	0.0000	0.0000	0.0000	0.0000	0.0000	0.0000	0.0000	0.0000
0.0000	0.0000	1.0000	0.0000	0.0000	0.0000	0.0000	0.0000	0.0000	0.0000	0.0000	0.0000
0.0000	0.0000	0.0000	0.0000	0.0000	0.0000	0.9997	0.0000	0.0003	0.0000	0.0000	0.0000
0.0000	0.0000	0.0000	0.0000	0.0000	0.0000	0.0000	0.0000	1.0000	0.0000	0.0000	0.0000
0.0000	0.0000	0.0000	0.0000	0.0000	0.0000	1.0000	0.0000	0.0000	0.0000	0.0000	0.0000
0.0000	0.0000	0.0000	0.0000	0.0000	0.0000	0.0000	0.0000	1.0000	0.0000	0.0000	0.0000
0.0000	0.0000	0.0000	0.0000	0.0000	0.0000	0.9997	0.0000	0.0003	0.0000	0.0000	0.0000
0.0000	0.0000	0.0000	0.0000	0.0000	0.0000	0.0000	0.0000	1.0000	0.0000	0.0000	0.0000
0.0000	0.0000	0.0000	0.0000	0.0000	0.0000	1.0000	0.0000	0.0000	0.0000	0.0000	0.0000
0.0000	0.0000	0.0000	0.0000	0.0000	0.0000	0.0000	0.0000	1.0000	0.0000	0.0000	0.0000
0.0000	0.0000	0.3413	0.0000	0.0000	0.0044	0.6542	0.0000	0.0000	0.0000	0.0000	0.0000
0.0000	0.0000	0.0660	0.0000	0.0000	0.0000	0.9340	0.0000	0.0000	0.0000	0.0000	0.0000
0.0000	0.0000	0.0000	0.0000	0.0000	0.0000	1.0000	0.0000	0.0000	0.0000	0.0000	0.0000
0.0000	0.0000	0.0000	0.0000	0.0000	0.0000	0.0000	0.0000	1.0000	0.0000	0.0000	0.0000
0.0000	0.0000	0.0000	0.0000	0.0000	0.0000	1.0000	0.0000	0.0000	0.0000	0.0000	0.0000
0.0000	0.0000	0.0000	0.0000	0.0000	0.0000	0.0000	0.0000	1.0000	0.0000	0.0000	0.0000
0.0000	0.0000	0.0000	0.0000	0.0000	0.0000	0.0000	0.0000	1.0000	0.0000	0.0000	0.0000
0.0000	0.0000	0.0000	0.0000	0.0000	0.0000	1.0000	0.0000	0.0000	0.0000	0.0000	0.0000
0.0000	0.0000	0.0000	0.0000	0.0000	0.0000	0.0000	0.0000	1.0000	0.0000	0.0000	0.0000
0.0000	0.0000	0.0000	0.0000	0.0000	0.0000	0.0000	0.0000	1.0000	0.0000	0.0000	0.0000
0.0000	0.0000	0.9707	0.0000	0.0000	0.0000	0.0293	0.0000	0.0000	0.0000	0.0000	0.0000
0.0000	0.0000	0.0000	0.0000	0.0000	0.0000	1.0000	0.0000	0.0000	0.0000	0.0000	0.0000
0.0000	0.0000	0.0000	0.0000	0.0000	0.0000	0.0000	0.0000	1.0000	0.0000	0.0000	0.0000
0.0000	0.0000	0.0000	0.0000	0.0000	0.0000	1.0000	0.0000	0.0000	0.0000	0.0000	0.0000
0.0000	0.0000	0.0000	0.0000	0.0000	0.0000	1.0000	0.0000	0.0000	0.0000	0.0000	0.0000
