1.0000	0.0000	0.0000	0.0000	0.0000	0.0000	0.0000
1.0000	0.0000	0.0000	0.0000	0.0000	0.0000	0.0000
1.0000	0.0000	0.0000	0.0000	0.0000	0.0000	0.0000
1.0000	0.0000	0.0000	0.0000	0.0000	0.0000	0.0000
0.0000	0.9432	0.0000	0.0567	0.0000	0.0000	0.0001
0.0000	0.9757	0.0000	0.0243	0.0000	0.0000	0.0000
0.0000	0.9999	0.0000	0.0001	0.0000	0.0000	0.0000
0.0000	0.0000	1.0000	0.0000	0.0000	0.0000	0.0000
0.0000	0.0000	1.0000	0.0000	0.0000	0.0000	0.0000
0.0000	0.0000	0.0000	0.0000	0.9977	0.0000	0.0023
0.0000	0.0000	0.0000	0.0000	0.9991	0.0000	0.0009
0.0000	0.0000	0.0000	0.0000	1.0000	0.0000	0.0000
0.0000	0.0000	0.0000	0.0000	0.0000	1.0000	0.0000
0.0019	0.0001	0.0000	0.0000	0.0000	0.9981	0.0000
0.0020	0.0653	0.0000	0.0012	0.0000	0.9280	0.0036
0.0000	0.0000	0.0000	0.0000	0.0000	0.0000	1.0000
0.0000	0.0000	0.0000	0.0000	0.0000	0.0000	1.0000
1.0000	0.0000	0.0000	0.0000	0.0000	0.0000	0.0000
0.0000	0.9960	0.0000	0.0004	0.0000	0.0035	0.0000
0.0000	1.0000	0.0000	0.0000	0.0000	0.0000	0.0000
0.0000	0.0000	0.0000	1.0000	0.0000	0.0000	0.0000
0.0000	0.0000	0.0000	1.0000	0.0000	0.0000	0.0000
0.9759	0.0000	0.0000	0.0241	0.0000	0.0000	0.0000
0.0000	0.0000	0.0000	0.0000	1.0000	0.0000	0.0000
0.0000	0.0000	0.0000	0.0000	1.0000	0.0000	0.0000
0.0000	0.0000	0.0000	0.0000	1.0000	0.0000	0.0000
0.0000	0.0000	0.0000	0.0000	0.0000	1.0000	0.0000
0.0000	0.0000	0.0000	0.0000	0.0000	1.0000	0.0000
0.0000	0.0000	0.0000	0.0000	0.0000	0.0000	1.0000
0.0000	0.0000	0.0000	0.0000	0.0000	0.0000	1.0000
0.0000	0.9952	0.0000	0.0000	0.0000	0.0000	0.0048
0.0000	1.0000	0.0000	0.0000	0.0000	0.0000	0.0000
0.0000	0.0000	1.0000	0.0000	0.0000	0.0000	0.0000
0.0000	0.0000	1.0000	0.0000	0.0000	0.0000	0.0000
0.0000	0.0000	0.9993	0.0000	0.0000	0.0000	0.0007
0.0000	0.0000	0.0000	1.0000	0.0000	0.0000	0.0000
0.0000	0.0000	0.0000	1.0000	0.0000	0.0000	0.0000
0.0000	0.0000	0.0000	0.0000	0.0000	0.0000	1.0000
0.0000	0.0000	1.0000	0.0000	0.0000	0.0000	0.0000
0.0000	0.0000	0.0039	0.0124	0.0000	0.0000	0.9837
0.0000	0.0000	0.0000	1.0000	0.0000	0.0000	0.0000
0.0000	0.0000	0.0000	0.0000	0.0000	0.0000	1.0000
0.1029	0.0002	0.0012	0.8958	0.0000	0.0000	0.0000
0.0001	0.0005	0.0000	0.0000	0.0000	0.9994	0.0000
0.0002	0.0025	0.0278	0.0000	0.0088	0.0181	0.9427
0.0000	0.0000	0.0000	0.0000	0.0000	0.0000	1.0000
0.0030	0.9969	0.0000	0.0000	0.0000	0.0001	0.0000
0.0000	0.0000	0.0000	1.0000	0.0000	0.0000	0.0000
