1.0000	0.0000	0.0000	0.0000	0.0000	0.0000	0.0000
1.0000	0.0000	0.0000	0.0000	0.0000	0.0000	0.0000
0.9999	0.0000	0.0000	0.0000	0.0000	0.0000	0.0000
1.0000	0.0000	0.0000	0.0000	0.0000	0.0000	0.0000
0.3375	0.1895	0.0001	0.4715	0.0000	0.0006	0.0007
0.2923	0.2377	0.0001	0.4691	0.0000	0.0003	0.0004
0.0097	0.7026	0.0000	0.2858	0.0000	0.0001	0.0018
0.0000	0.0000	0.9999	0.0000	0.0000	0.0000	0.0001
0.0000	0.0000	1.0000	0.0000	0.0000	0.0000	0.0000
0.0000	0.0000	0.0000	0.0000	0.9995	0.0000	0.0005
0.0000	0.0000	0.0000	0.0000	0.9996	0.0000	0.0003
0.0000	0.0000	0.0000	0.0000	1.0000	0.0000	0.0000
0.0002	0.0000	0.0000	0.0000	0.0005	0.9992	0.0000
0.2975	0.0021	0.0002	0.0073	0.0004	0.6923	0.0001
0.1122	0.0060	0.0001	0.5436	0.0017	0.3329	0.0033
0.0000	0.0000	0.0001	0.0000	0.0001	0.0000	0.9998
0.0000	0.0000	0.0000	0.0001	0.0000	0.0000	0.9998
0.9999	0.0000	0.0000	0.0000	0.0000	0.0000	0.0000
0.5956	0.2288	0.0002	0.1713	0.0000	0.0036	0.0005
0.0000	0.9982	0.0000	0.0017	0.0000	0.0000	0.0001
0.0000	0.0000	0.0000	1.0000	0.0000	0.0000	0.0000
0.0000	0.0000	0.0000	1.0000	0.0000	0.0000	0.0000
0.8825	0.0000	0.0000	0.1175	0.0000	0.0000	0.0000
0.0000	0.0000	0.0000	0.0000	1.0000	0.0000	0.0000
0.0000	0.0000	0.0000	0.0000	1.0000	0.0000	0.0000
0.0000	0.0000	0.0000	0.0000	1.0000	0.0000	0.0000
0.0011	0.0000	0.0000	0.0000	0.0001	0.9988	0.0000
0.0000	0.0000	0.0000	0.0000	0.0000	1.0000	0.0000
0.0000	0.0000	0.0000	0.0001	0.0000	0.0000	0.9999
0.0000	0.0000	0.0000	0.0000	0.0000	0.0000	1.0000
0.0000	0.9911	0.0000	0.0002	0.0000	0.0000	0.0087
0.0000	0.9998	0.0000	0.0000	0.0000	0.0000	0.0002
0.0000	0.0000	0.9999	0.0000	0.0000	0.0000	0.0001
0.0000	0.0000	0.9995	0.0000	0.0000	0.0000	0.0005
0.0000	0.0000	0.9859	0.0000	0.0010	0.0000	0.0132
0.0000	0.0000	0.0000	1.0000	0.0000	0.0000	0.0000
0.0000	0.0000	0.0000	1.0000	0.0000	0.0000	0.0000
0.0000	0.0000	0.0000	0.0000	0.0000	0.0000	1.0000
0.0000	0.0000	0.9997	0.0000	0.0000	0.0000	0.0003
0.0000	0.0003	0.3716	0.0031	0.0001	0.0000	0.6250
0.0000	0.0000	0.0000	1.0000	0.0000	0.0000	0.0000
0.0000	0.0000	0.0000	0.0001	0.0000	0.0000	0.9999
0.0044	0.0000	0.0000	0.9940	0.0007	0.0001	0.0008
0.0032	0.0005	0.0001	0.0000	0.0001	0.9960	0.0000
0.0005	0.0006	0.0506	0.0043	0.2317	0.0080	0.7043
0.0000	0.0000	0.0006	0.0001	0.0039	0.0000	0.9954
0.7910	0.2035	0.0016	0.0017	0.0000	0.0022	0.0000
0.0000	0.0000	0.0000	1.0000	0.0000	0.0000	0.0000
