0.9998	0.0000	0.0000	0.0000	0.0000	0.0002	0.0000
1.0000	0.0000	0.0000	0.0000	0.0000	0.0000	0.0000
0.9988	0.0001	0.0000	0.0000	0.0000	0.0011	0.0000
1.0000	0.0000	0.0000	0.0000	0.0000	0.0000	0.0000
0.9966	0.0033	0.0000	0.0000	0.0000	0.0001	0.0000
0.0000	1.0000	0.0000	0.0000	0.0000	0.0000	0.0000
0.9011	0.0989	0.0000	0.0000	0.0000	0.0000	0.0000
0.0000	0.0000	1.0000	0.0000	0.0000	0.0000	0.0000
0.0000	0.0000	1.0000	0.0000	0.0000	0.0000	0.0000
0.0000	0.0000	0.9987	0.0000	0.0000	0.0000	0.0013
0.0000	0.0194	0.0000	0.9768	0.0000	0.0037	0.0001
0.0000	0.0000	0.0000	0.0000	0.9999	0.0000	0.0001
0.0000	0.0000	0.0000	0.0000	1.0000	0.0000	0.0000
0.0000	0.0000	0.0000	0.0000	0.0000	1.0000	0.0000
0.5322	0.0053	0.0000	0.0000	0.0000	0.4625	0.0000
0.9546	0.0128	0.0000	0.0000	0.0000	0.0325	0.0000
0.9999	0.0001	0.0000	0.0000	0.0000	0.0000	0.0000
0.0000	0.0000	0.0000	0.0000	0.0000	0.0000	1.0000
0.0000	0.0000	0.0000	0.0000	0.0000	0.0000	1.0000
0.0000	0.0000	0.0000	0.0001	0.0000	0.0000	0.9999
0.0000	1.0000	0.0000	0.0000	0.0000	0.0000	0.0000
0.0000	1.0000	0.0000	0.0000	0.0000	0.0000	0.0000
0.0000	0.0000	1.0000	0.0000	0.0000	0.0000	0.0000
0.5686	0.1305	0.0000	0.1151	0.0000	0.1857	0.0000
0.0000	0.0000	0.0000	1.0000	0.0000	0.0000	0.0000
0.0000	0.0000	0.0000	0.0000	1.0000	0.0000	0.0000
0.0000	0.0000	0.0000	0.0000	1.0000	0.0000	0.0000
0.0016	0.0000	0.0000	0.0000	0.0000	0.9984	0.0000
0.0000	0.0000	0.0000	0.0000	0.0000	1.0000	0.0000
0.0000	0.0000	0.0000	0.0000	0.0000	0.0000	1.0000
0.0000	0.0000	0.0000	0.0000	0.0000	0.0000	1.0000
0.0000	1.0000	0.0000	0.0000	0.0000	0.0000	0.0000
0.0000	1.0000	0.0000	0.0000	0.0000	0.0000	0.0000
0.0000	0.0000	1.0000	0.0000	0.0000	0.0000	0.0000
0.0000	0.0000	0.9998	0.0000	0.0000	0.0000	0.0002
0.0000	0.0000	0.0000	1.0000	0.0000	0.0000	0.0000
0.0000	0.0014	0.0002	0.0000	0.0000	0.0000	0.9984
0.0000	0.9493	0.0000	0.0000	0.0000	0.0000	0.0507
0.0000	0.0000	0.0000	1.0000	0.0000	0.0000	0.0000
0.0000	0.0000	0.0000	1.0000	0.0000	0.0000	0.0000
0.4659	0.0980	0.0056	0.0000	0.0000	0.4305	0.0000
0.0000	0.0000	1.0000	0.0000	0.0000	0.0000	0.0000
0.0000	0.0000	0.0006	0.9988	0.0000	0.0000	0.0006
0.0000	0.0520	0.0090	0.0008	0.0002	0.3948	0.5432
0.0000	0.0000	0.0000	1.0000	0.0000	0.0000	0.0000
0.0000	0.0000	0.0000	0.0000	1.0000	0.0000	0.0000
0.0000	0.0000	0.0000	0.0000	1.0000	0.0000	0.0000
0.0000	0.0000	0.0005	0.0000	0.0002	0.0001	0.9992
