1.0000	0.0000	0.0000	0.0000	0.0000	0.0000	0.0000
1.0000	0.0000	0.0000	0.0000	0.0000	0.0000	0.0000
0.9996	0.0000	0.0000	0.0002	0.0000	0.0002	0.0000
1.0000	0.0000	0.0000	0.0000	0.0000	0.0000	0.0000
0.9998	0.0001	0.0000	0.0001	0.0000	0.0000	0.0000
0.0003	0.9990	0.0000	0.0007	0.0000	0.0000	0.0000
0.9666	0.0334	0.0000	0.0000	0.0000	0.0000	0.0000
0.0000	0.0000	1.0000	0.0000	0.0000	0.0000	0.0000
0.0000	0.0000	1.0000	0.0000	0.0000	0.0000	0.0000
0.0000	0.0000	0.9997	0.0000	0.0001	0.0000	0.0002
0.0007	0.1344	0.0000	0.8589	0.0000	0.0058	0.0003
0.0000	0.0000	0.0000	0.0000	1.0000	0.0000	0.0000
0.0000	0.0000	0.0000	0.0000	1.0000	0.0000	0.0000
0.0000	0.0000	0.0000	0.0000	0.0000	1.0000	0.0000
0.5795	0.0063	0.0000	0.0011	0.0000	0.4131	0.0000
0.8181	0.0415	0.0000	0.0004	0.0000	0.1399	0.0000
0.9975	0.0019	0.0000	0.0000	0.0000	0.0006	0.0000
0.0000	0.0000	0.0000	0.0000	0.0000	0.0000	1.0000
0.0000	0.0000	0.0000	0.0000	0.0000	0.0000	1.0000
0.0000	0.0000	0.0000	0.0000	0.0000	0.0000	1.0000
0.0000	1.0000	0.0000	0.0000	0.0000	0.0000	0.0000
0.0000	1.0000	0.0000	0.0000	0.0000	0.0000	0.0000
0.0000	0.0000	1.0000	0.0000	0.0000	0.0000	0.0000
0.9349	0.0000	0.0000	0.0651	0.0000	0.0000	0.0000
0.0000	0.0000	0.0000	1.0000	0.0000	0.0000	0.0000
0.0000	0.0000	0.0000	0.0000	1.0000	0.0000	0.0000
0.0000	0.0000	0.0000	0.0000	1.0000	0.0000	0.0000
0.0000	0.0000	0.0000	0.0000	0.0000	1.0000	0.0000
0.0000	0.0000	0.0000	0.0000	0.0000	1.0000	0.0000
0.0000	0.0000	0.0000	0.0000	0.0000	0.0000	1.0000
0.0000	0.0000	0.0000	0.0000	0.0000	0.0000	1.0000
0.0000	1.0000	0.0000	0.0000	0.0000	0.0000	0.0000
0.0000	1.0000	0.0000	0.0000	0.0000	0.0000	0.0000
0.0000	0.0000	1.0000	0.0000	0.0000	0.0000	0.0000
0.0000	0.0000	0.9994	0.0000	0.0000	0.0000	0.0006
0.0000	0.0000	0.0000	1.0000	0.0000	0.0000	0.0000
0.0000	0.0041	0.0003	0.0000	0.0000	0.0000	0.9956
0.0000	0.9489	0.0000	0.0000	0.0000	0.0000	0.0511
0.0000	0.0000	0.0000	1.0000	0.0000	0.0000	0.0000
0.0000	0.0000	0.0000	1.0000	0.0000	0.0000	0.0000
0.8809	0.0433	0.0025	0.0010	0.0000	0.0723	0.0000
0.0000	0.0000	1.0000	0.0000	0.0000	0.0000	0.0000
0.0000	0.0000	0.0000	0.9999	0.0000	0.0000	0.0000
0.0000	0.0501	0.0232	0.0012	0.0009	0.7945	0.1300
0.0000	0.0000	0.0000	1.0000	0.0000	0.0000	0.0000
0.0000	0.0000	0.0007	0.0000	0.9993	0.0000	0.0000
0.0000	0.0000	0.0000	0.0000	1.0000	0.0000	0.0000
0.0000	0.0001	0.0018	0.0000	0.0001	0.0004	0.9976
