1.0000	0.0000	0.0000	0.0000	0.0000	0.0000	0.0000
0.0002	0.9986	0.0000	0.0011	0.0000	0.0000	0.0000
0.0031	0.9835	0.0000	0.0131	0.0000	0.0003	0.0000
0.0016	0.2326	0.0000	0.0368	0.0000	0.7289	0.0001
0.0000	0.9993	0.0000	0.0007	0.0000	0.0000	0.0000
0.0000	0.0000	0.9998	0.0000	0.0000	0.0000	0.0002
0.0000	0.0000	0.9963	0.0000	0.0000	0.0000	0.0037
0.0000	0.0000	0.9997	0.0000	0.0000	0.0000	0.0003
0.0000	0.0000	1.0000	0.0000	0.0000	0.0000	0.0000
0.0000	0.0000	0.0000	1.0000	0.0000	0.0000	0.0000
0.0000	0.0000	0.0000	1.0000	0.0000	0.0000	0.0000
0.0000	0.0000	0.0000	0.0000	0.9997	0.0000	0.0003
0.0000	0.0000	0.0000	0.0000	0.9517	0.0000	0.0483
0.0000	0.0000	0.0000	0.0000	1.0000	0.0000	0.0000
0.0029	0.0000	0.0000	0.0003	0.0000	0.9968	0.0000
0.0000	0.0000	0.0000	0.0000	0.0000	1.0000	0.0000
0.0000	0.0000	0.0000	0.0000	0.0001	0.0000	0.9999
0.0000	0.0000	0.0000	0.0000	0.0000	0.0000	1.0000
1.0000	0.0000	0.0000	0.0000	0.0000	0.0000	0.0000
1.0000	0.0000	0.0000	0.0000	0.0000	0.0000	0.0000
0.0000	0.9986	0.0000	0.0003	0.0000	0.0010	0.0000
0.0000	0.0000	1.0000	0.0000	0.0000	0.0000	0.0000
0.0000	0.0000	0.0000	1.0000	0.0000	0.0000	0.0000
0.0000	0.0000	0.0000	1.0000	0.0000	0.0000	0.0000
0.0000	0.0000	0.0000	0.0000	0.9996	0.0000	0.0004
0.0000	0.0000	0.0000	0.0000	1.0000	0.0000	0.0000
0.0000	0.0000	0.0000	0.0000	0.0000	1.0000	0.0000
0.0000	0.0000	0.0000	0.0000	0.0000	1.0000	0.0000
0.0000	0.0000	0.0000	0.0000	0.0000	1.0000	0.0000
0.0000	0.0000	0.0000	0.0000	0.0000	0.0000	1.0000
0.0000	0.0000	0.0000	0.0000	0.0000	0.0000	1.0000
0.0000	0.0000	1.0000	0.0000	0.0000	0.0000	0.0000
0.0000	0.0000	0.0001	0.0000	0.0000	0.0000	0.9999
0.0000	0.0004	0.0053	0.0000	0.0000	0.0000	0.9943
0.0000	1.0000	0.0000	0.0000	0.0000	0.0000	0.0000
0.0000	0.0000	0.0000	1.0000	0.0000	0.0000	0.0000
0.0000	0.0000	0.0000	0.0000	0.0000	0.0000	1.0000
0.9371	0.0339	0.0000	0.0258	0.0000	0.0032	0.0000
0.0000	0.9618	0.0318	0.0055	0.0000	0.0005	0.0004
0.0000	0.0000	0.0676	0.9324	0.0000	0.0000	0.0000
0.0000	0.0094	0.0000	0.0000	0.0000	0.9903	0.0002
0.8170	0.0083	0.0000	0.1723	0.0000	0.0024	0.0000
0.0000	0.9992	0.0008	0.0000	0.0000	0.0000	0.0001
0.0000	0.6193	0.0094	0.0023	0.0001	0.2704	0.0984
0.0000	0.0000	0.0094	0.9906	0.0000	0.0000	0.0000
0.0000	0.0000	0.2420	0.7580	0.0000	0.0000	0.0000
0.0000	0.0000	0.0000	0.0000	1.0000	0.0000	0.0000
0.0000	0.0000	0.0000	0.0000	0.0000	0.0000	1.0000
