1.0000	0.0000	0.0000	0.0000	0.0000	0.0000	0.0000
1.0000	0.0000	0.0000	0.0000	0.0000	0.0000	0.0000
0.9732	0.0007	0.0000	0.0009	0.0000	0.0251	0.0000
0.9999	0.0000	0.0000	0.0000	0.0000	0.0000	0.0000
0.9999	0.0001	0.0000	0.0000	0.0000	0.0000	0.0000
0.0011	0.9956	0.0000	0.0031	0.0000	0.0002	0.0000
0.0000	0.9932	0.0000	0.0068	0.0000	0.0000	0.0001
0.0000	0.0000	1.0000	0.0000	0.0000	0.0000	0.0000
0.0000	0.0000	0.0000	1.0000	0.0000	0.0000	0.0000
0.0001	0.0014	0.0000	0.9964	0.0000	0.0021	0.0000
0.0000	0.0004	0.0000	0.9996	0.0000	0.0000	0.0000
0.0000	0.0000	0.0001	0.0000	0.9993	0.0000	0.0006
0.0000	0.0000	0.0000	0.0000	0.9971	0.0000	0.0029
0.0000	0.0000	0.0000	0.0000	0.0000	1.0000	0.0000
0.0148	0.0124	0.0000	0.0001	0.0000	0.9727	0.0000
0.0596	0.1401	0.0000	0.0000	0.0000	0.8003	0.0000
0.0000	0.0000	0.0001	0.0000	0.0005	0.0000	0.9994
0.0000	0.0000	0.0001	0.0000	0.0000	0.0000	0.9998
0.0000	0.0000	0.0001	0.0000	0.0001	0.0000	0.9999
0.9981	0.0019	0.0000	0.0000	0.0000	0.0000	0.0000
0.0000	0.9995	0.0000	0.0002	0.0000	0.0003	0.0000
0.0000	0.0000	1.0000	0.0000	0.0000	0.0000	0.0000
0.0000	0.0000	1.0000	0.0000	0.0000	0.0000	0.0000
0.0000	0.0000	0.0000	0.0000	1.0000	0.0000	0.0000
0.0000	0.0000	0.0000	0.0000	1.0000	0.0000	0.0000
0.0000	0.0000	0.0000	0.0000	0.0000	1.0000	0.0000
0.0000	0.0000	0.0000	0.0000	0.0000	1.0000	0.0000
0.0000	0.0000	0.0000	0.0000	0.0000	0.0000	1.0000
0.0000	0.9978	0.0000	0.0000	0.0000	0.0000	0.0022
0.0000	1.0000	0.0000	0.0000	0.0000	0.0000	0.0000
0.0000	0.0000	0.9998	0.0000	0.0000	0.0000	0.0002
0.0000	0.0000	0.0000	1.0000	0.0000	0.0000	0.0000
0.0000	0.0000	0.0000	1.0000	0.0000	0.0000	0.0000
0.0000	0.0003	0.0001	0.0000	0.0000	0.0000	0.9996
0.0000	1.0000	0.0000	0.0000	0.0000	0.0000	0.0000
0.0000	0.0000	0.9998	0.0000	0.0000	0.0000	0.0002
0.0000	0.0000	0.9998	0.0000	0.0000	0.0000	0.0002
0.0000	0.0001	0.0690	0.0000	0.0000	0.0000	0.9309
0.0000	0.0000	0.0259	0.9632	0.0000	0.0000	0.0109
0.0458	0.9323	0.0122	0.0019	0.0009	0.0006	0.0064
0.5905	0.1492	0.0000	0.0003	0.0000	0.2601	0.0000
0.0000	0.0000	0.0002	0.9932	0.0000	0.0000	0.0066
0.0000	0.0000	0.0035	0.9830	0.0000	0.0000	0.0135
0.0000	0.0000	0.0001	0.0000	0.9992	0.0000	0.0006
0.0000	0.0000	0.0000	0.0000	1.0000	0.0000	0.0000
0.0000	0.0000	0.0000	0.0000	0.0000	1.0000	0.0000
0.0000	0.3225	0.0024	0.0008	0.0032	0.0000	0.6711
0.0007	0.8170	0.0035	0.0086	0.0121	0.0005	0.1577
