1.0000	0.0000	0.0000	0.0000	0.0000	0.0000	0.0000
1.0000	0.0000	0.0000	0.0000	0.0000	0.0000	0.0000
0.9880	0.0004	0.0000	0.0000	0.0000	0.0115	0.0000
1.0000	0.0000	0.0000	0.0000	0.0000	0.0000	0.0000
1.0000	0.0000	0.0000	0.0000	0.0000	0.0000	0.0000
0.0001	0.9998	0.0000	0.0001	0.0000	0.0000	0.0000
0.0000	0.9988	0.0000	0.0012	0.0000	0.0000	0.0000
0.0000	0.0000	1.0000	0.0000	0.0000	0.0000	0.0000
0.0000	0.0000	0.0000	1.0000	0.0000	0.0000	0.0000
0.0000	0.0005	0.0000	0.9991	0.0000	0.0004	0.0000
0.0000	0.0001	0.0000	0.9999	0.0000	0.0000	0.0000
0.0000	0.0000	0.0000	0.0000	0.9999	0.0000	0.0001
0.0000	0.0000	0.0000	0.0000	0.9992	0.0000	0.0008
0.0000	0.0000	0.0000	0.0000	0.0000	1.0000	0.0000
0.0422	0.0110	0.0000	0.0000	0.0000	0.9468	0.0000
0.9024	0.0249	0.0000	0.0000	0.0000	0.0727	0.0000
0.0000	0.0000	0.0000	0.0000	0.0002	0.0000	0.9998
0.0000	0.0000	0.0000	0.0000	0.0000	0.0000	1.0000
0.0000	0.0000	0.0000	0.0000	0.0000	0.0000	1.0000
1.0000	0.0000	0.0000	0.0000	0.0000	0.0000	0.0000
0.0000	1.0000	0.0000	0.0000	0.0000	0.0000	0.0000
0.0000	0.0000	1.0000	0.0000	0.0000	0.0000	0.0000
0.0000	0.0000	1.0000	0.0000	0.0000	0.0000	0.0000
0.0000	0.0000	0.0000	0.0000	1.0000	0.0000	0.0000
0.0000	0.0000	0.0000	0.0000	1.0000	0.0000	0.0000
0.0000	0.0000	0.0000	0.0000	0.0000	1.0000	0.0000
0.0000	0.0000	0.0000	0.0000	0.0000	1.0000	0.0000
0.0000	0.0000	0.0000	0.0000	0.0000	0.0000	1.0000
0.0000	0.9999	0.0000	0.0000	0.0000	0.0000	0.0001
0.0000	1.0000	0.0000	0.0000	0.0000	0.0000	0.0000
0.0000	0.0000	1.0000	0.0000	0.0000	0.0000	0.0000
0.0000	0.0000	0.0000	1.0000	0.0000	0.0000	0.0000
0.0000	0.0000	0.0000	1.0000	0.0000	0.0000	0.0000
0.0000	0.0001	0.0000	0.0000	0.0000	0.0000	0.9999
0.0000	1.0000	0.0000	0.0000	0.0000	0.0000	0.0000
0.0000	0.0000	1.0000	0.0000	0.0000	0.0000	0.0000
0.0000	0.0000	1.0000	0.0000	0.0000	0.0000	0.0000
0.0000	0.0010	0.3252	0.0000	0.0000	0.0000	0.6738
0.0000	0.0000	0.0088	0.9912	0.0000	0.0000	0.0000
0.0010	0.6830	0.0554	0.0004	0.0027	0.2270	0.0304
0.9116	0.0580	0.0000	0.0000	0.0000	0.0304	0.0000
0.0000	0.0000	0.0001	0.9999	0.0000	0.0000	0.0000
0.0000	0.0000	0.0005	0.9995	0.0000	0.0000	0.0000
0.0000	0.0000	0.0000	0.0000	1.0000	0.0000	0.0000
0.0000	0.0000	0.0000	0.0000	1.0000	0.0000	0.0000
0.0000	0.0000	0.0000	0.0000	0.0000	1.0000	0.0000
0.0000	0.0038	0.0005	0.0001	0.0013	0.0001	0.9943
0.0000	0.0137	0.0022	0.0015	0.0888	0.3324	0.5615
