1.0000	0.0000	0.0000	0.0000	0.0000	0.0000	0.0000
0.8107	0.0009	0.0000	0.0002	0.0000	0.1882	0.0000
0.9987	0.0012	0.0000	0.0000	0.0000	0.0000	0.0000
0.0015	0.9914	0.0000	0.0068	0.0000	0.0001	0.0001
0.0000	0.0000	0.9956	0.0000	0.0002	0.0000	0.0042
0.0014	0.0082	0.0000	0.9893	0.0000	0.0011	0.0000
0.0000	0.0000	0.0000	0.0000	0.9996	0.0000	0.0004
0.0000	0.0000	0.0000	0.0000	1.0000	0.0000	0.0000
0.2114	0.0103	0.0000	0.0024	0.0000	0.7759	0.0000
0.0015	0.0005	0.0000	0.0000	0.0000	0.9980	0.0000
0.0000	0.0000	0.0000	0.0000	0.0004	0.0000	0.9996
0.0000	0.0000	0.0000	0.0000	0.0004	0.0000	0.9996
0.9980	0.0017	0.0000	0.0000	0.0000	0.0002	0.0000
0.9967	0.0027	0.0000	0.0000	0.0000	0.0006	0.0000
0.0000	0.9956	0.0003	0.0011	0.0000	0.0000	0.0031
0.0000	0.9999	0.0000	0.0000	0.0000	0.0000	0.0001
0.0000	0.0000	1.0000	0.0000	0.0000	0.0000	0.0000
0.0000	0.0000	0.0000	1.0000	0.0000	0.0000	0.0000
0.0000	0.0050	0.0000	0.9950	0.0000	0.0000	0.0000
0.7751	0.0103	0.0000	0.2084	0.0000	0.0062	0.0000
0.0000	0.0000	0.0000	0.0000	1.0000	0.0000	0.0000
0.0000	0.0000	0.0000	0.0000	0.0000	1.0000	0.0000
0.0000	0.0001	0.0000	0.0008	0.0000	0.9991	0.0000
0.0001	0.0016	0.0000	0.0004	0.0000	0.9978	0.0000
0.0000	0.0000	0.0000	0.0000	0.0001	0.0000	0.9999
0.0000	0.0000	0.0000	0.0000	0.0001	0.0000	0.9999
0.0000	0.9999	0.0000	0.0000	0.0000	0.0000	0.0001
0.0000	0.9999	0.0000	0.0000	0.0000	0.0000	0.0001
0.0000	0.9999	0.0000	0.0000	0.0000	0.0000	0.0001
0.0000	0.0000	1.0000	0.0000	0.0000	0.0000	0.0000
0.0000	0.0000	1.0000	0.0000	0.0000	0.0000	0.0000
0.0000	0.0000	0.9998	0.0000	0.0000	0.0000	0.0002
0.0000	0.0000	0.0000	1.0000	0.0000	0.0000	0.0000
0.0000	0.9976	0.0000	0.0000	0.0000	0.0000	0.0024
0.0000	0.0000	0.0000	1.0000	0.0000	0.0000	0.0000
0.0000	0.0005	0.0005	0.0000	0.0000	0.0000	0.9990
0.0000	0.0003	0.0002	0.0000	0.0000	0.0000	0.9994
0.0000	0.0003	0.0001	0.0000	0.0000	0.0000	0.9996
0.9976	0.0019	0.0000	0.0000	0.0000	0.0005	0.0000
0.0000	0.0000	0.9978	0.0000	0.0022	0.0000	0.0000
0.0000	0.0001	0.0238	0.9761	0.0000	0.0000	0.0000
0.0002	0.0044	0.0000	0.9953	0.0000	0.0001	0.0000
0.0000	0.0000	0.0042	0.0000	0.9932	0.0000	0.0026
0.0042	0.0175	0.0000	0.0000	0.0000	0.9783	0.0000
0.0068	0.0859	0.0021	0.0001	0.0043	0.0001	0.9009
0.0400	0.7322	0.0219	0.0007	0.0006	0.0001	0.2044
0.0000	0.0000	0.0009	0.0000	0.6115	0.0000	0.3875
0.0000	0.0000	0.0000	0.0000	1.0000	0.0000	0.0000
