1.0000	0.0000	0.0000	0.0000	0.0000	0.0000	0.0000
0.9953	0.0001	0.0000	0.0000	0.0000	0.0046	0.0000
0.9999	0.0000	0.0000	0.0000	0.0000	0.0000	0.0000
0.0002	0.9996	0.0000	0.0002	0.0000	0.0000	0.0000
0.0000	0.0000	1.0000	0.0000	0.0000	0.0000	0.0000
0.0006	0.0006	0.0000	0.9975	0.0000	0.0012	0.0000
0.0000	0.0000	0.0000	0.0000	1.0000	0.0000	0.0000
0.0000	0.0000	0.0000	0.0000	1.0000	0.0000	0.0000
0.0618	0.0028	0.0001	0.0013	0.0000	0.9339	0.0001
0.0038	0.0015	0.0000	0.0000	0.0000	0.9946	0.0000
0.0000	0.0000	0.0000	0.0000	0.0000	0.0000	0.9999
0.0000	0.0000	0.0000	0.0000	0.0000	0.0000	0.9999
0.9999	0.0001	0.0000	0.0000	0.0000	0.0000	0.0000
0.9998	0.0002	0.0000	0.0000	0.0000	0.0001	0.0000
0.0000	0.9997	0.0002	0.0001	0.0000	0.0000	0.0001
0.0000	1.0000	0.0000	0.0000	0.0000	0.0000	0.0000
0.0000	0.0000	1.0000	0.0000	0.0000	0.0000	0.0000
0.0000	0.0000	0.0000	1.0000	0.0000	0.0000	0.0000
0.0000	0.0005	0.0000	0.9995	0.0000	0.0000	0.0000
0.9986	0.0001	0.0000	0.0009	0.0000	0.0004	0.0000
0.0000	0.0000	0.0000	0.0000	1.0000	0.0000	0.0000
0.0000	0.0000	0.0000	0.0000	0.0000	1.0000	0.0000
0.0000	0.0000	0.0000	0.0000	0.0000	1.0000	0.0000
0.0000	0.0000	0.0000	0.0000	0.0000	1.0000	0.0000
0.0000	0.0000	0.0000	0.0000	0.0000	0.0000	1.0000
0.0000	0.0000	0.0000	0.0000	0.0000	0.0000	1.0000
0.0000	1.0000	0.0000	0.0000	0.0000	0.0000	0.0000
0.0000	1.0000	0.0000	0.0000	0.0000	0.0000	0.0000
0.0000	1.0000	0.0000	0.0000	0.0000	0.0000	0.0000
0.0000	0.0000	1.0000	0.0000	0.0000	0.0000	0.0000
0.0000	0.0000	1.0000	0.0000	0.0000	0.0000	0.0000
0.0000	0.0000	0.9999	0.0000	0.0000	0.0000	0.0001
0.0000	0.0000	0.0000	1.0000	0.0000	0.0000	0.0000
0.0000	0.9999	0.0000	0.0000	0.0000	0.0000	0.0001
0.0000	0.0000	0.0000	1.0000	0.0000	0.0000	0.0000
0.0000	0.0003	0.0000	0.0000	0.0000	0.0000	0.9996
0.0000	0.0002	0.0000	0.0000	0.0000	0.0000	0.9998
0.0000	0.0001	0.0000	0.0000	0.0000	0.0000	0.9999
0.9998	0.0001	0.0000	0.0000	0.0000	0.0000	0.0000
0.0017	0.0002	0.9981	0.0000	0.0000	0.0000	0.0000
0.0000	0.0000	0.0007	0.9992	0.0000	0.0000	0.0000
0.0003	0.0006	0.0022	0.9757	0.0002	0.0202	0.0008
0.0000	0.0000	0.0053	0.0000	0.9938	0.0000	0.0008
0.0004	0.0036	0.0000	0.0000	0.0000	0.9957	0.0003
0.0032	0.0181	0.0027	0.0003	0.0004	0.0044	0.9708
0.0683	0.5743	0.1511	0.0022	0.0005	0.0138	0.1899
0.0000	0.0000	0.0033	0.0000	0.9892	0.0009	0.0066
0.0000	0.0000	0.0001	0.0000	0.9999	0.0000	0.0000
