1.0000	0.0000	0.0000	0.0000	0.0000	0.0000	0.0000
0.9890	0.0005	0.0000	0.0001	0.0000	0.0105	0.0000
0.9999	0.0001	0.0000	0.0000	0.0000	0.0000	0.0000
0.0037	0.9953	0.0000	0.0009	0.0000	0.0000	0.0000
0.0000	0.0000	0.9999	0.0000	0.0000	0.0000	0.0001
0.0005	0.0004	0.0000	0.9986	0.0000	0.0005	0.0000
0.0000	0.0000	0.0000	0.0000	0.9997	0.0000	0.0003
0.0000	0.0000	0.0000	0.0000	1.0000	0.0000	0.0000
0.2242	0.0025	0.0000	0.0019	0.0000	0.7714	0.0000
0.0038	0.0014	0.0000	0.0000	0.0000	0.9948	0.0000
0.0000	0.0000	0.0000	0.0000	0.0000	0.0000	0.9999
0.0000	0.0000	0.0000	0.0000	0.0001	0.0000	0.9999
0.9999	0.0001	0.0000	0.0000	0.0000	0.0000	0.0000
0.9998	0.0002	0.0000	0.0000	0.0000	0.0000	0.0000
0.0000	0.9979	0.0008	0.0012	0.0000	0.0000	0.0001
0.0000	1.0000	0.0000	0.0000	0.0000	0.0000	0.0000
0.0000	0.0000	1.0000	0.0000	0.0000	0.0000	0.0000
0.0000	0.0000	0.0000	1.0000	0.0000	0.0000	0.0000
0.0000	0.0003	0.0000	0.9997	0.0000	0.0000	0.0000
0.9793	0.0014	0.0000	0.0180	0.0000	0.0013	0.0000
0.0000	0.0000	0.0000	0.0000	0.9999	0.0000	0.0000
0.0000	0.0000	0.0000	0.0000	0.0000	1.0000	0.0000
0.0000	0.0000	0.0000	0.0002	0.0000	0.9998	0.0000
0.0001	0.0001	0.0000	0.0005	0.0000	0.9993	0.0000
0.0000	0.0000	0.0000	0.0000	0.0000	0.0000	1.0000
0.0000	0.0000	0.0000	0.0000	0.0000	0.0000	1.0000
0.0000	1.0000	0.0000	0.0000	0.0000	0.0000	0.0000
0.0000	1.0000	0.0000	0.0000	0.0000	0.0000	0.0000
0.0000	1.0000	0.0000	0.0000	0.0000	0.0000	0.0000
0.0000	0.0000	1.0000	0.0000	0.0000	0.0000	0.0000
0.0000	0.0000	1.0000	0.0000	0.0000	0.0000	0.0000
0.0000	0.0000	1.0000	0.0000	0.0000	0.0000	0.0000
0.0000	0.0000	0.0000	1.0000	0.0000	0.0000	0.0000
0.0000	0.9998	0.0000	0.0000	0.0000	0.0000	0.0002
0.0000	0.0000	0.0000	1.0000	0.0000	0.0000	0.0000
0.0000	0.0001	0.0001	0.0000	0.0000	0.0000	0.9997
0.0000	0.0001	0.0000	0.0000	0.0000	0.0000	0.9999
0.0000	0.0001	0.0000	0.0000	0.0000	0.0000	0.9999
0.9992	0.0006	0.0000	0.0000	0.0000	0.0001	0.0000
0.0001	0.0000	0.9997	0.0002	0.0000	0.0000	0.0000
0.0000	0.0000	0.0009	0.9991	0.0000	0.0000	0.0000
0.0000	0.0004	0.0012	0.9944	0.0000	0.0038	0.0003
0.0000	0.0000	0.0357	0.0000	0.9585	0.0000	0.0057
0.0000	0.0020	0.0000	0.0001	0.0000	0.9974	0.0005
0.0001	0.0319	0.0207	0.0027	0.0069	0.1609	0.7768
0.0053	0.4386	0.3090	0.0126	0.0102	0.0896	0.1347
0.0000	0.0000	0.0163	0.0001	0.8173	0.0010	0.1654
0.0000	0.0000	0.0002	0.0000	0.9997	0.0000	0.0001
