1.0000	0.0000	0.0000	0.0000	0.0000	0.0000	0.0000
0.0000	0.8919	0.0000	0.0000	0.0000	0.1080	0.0001
0.0570	0.9270	0.0000	0.0000	0.0000	0.0159	0.0000
0.0000	0.9999	0.0000	0.0000	0.0000	0.0001	0.0000
0.0000	0.0000	0.9997	0.0000	0.0000	0.0000	0.0003
0.0000	0.0000	1.0000	0.0000	0.0000	0.0000	0.0000
0.0004	0.0424	0.0000	0.9563	0.0000	0.0004	0.0005
0.0000	0.0000	0.0000	0.0000	0.9999	0.0000	0.0001
0.0000	0.0000	0.0000	0.0000	1.0000	0.0000	0.0000
0.0000	0.0000	0.0000	0.0000	1.0000	0.0000	0.0000
0.0000	0.0000	0.0000	0.0000	0.0000	1.0000	0.0000
0.0164	0.0010	0.0000	0.0000	0.0000	0.9826	0.0000
0.0001	0.0000	0.0000	0.0000	0.0000	0.9998	0.0000
0.0000	0.0000	0.0000	0.0000	0.0000	0.0000	1.0000
0.0000	0.0000	0.0000	0.0000	0.0000	0.0000	1.0000
1.0000	0.0000	0.0000	0.0000	0.0000	0.0000	0.0000
1.0000	0.0000	0.0000	0.0000	0.0000	0.0000	0.0000
0.9848	0.0000	0.0000	0.0100	0.0000	0.0052	0.0000
0.0006	0.9927	0.0000	0.0001	0.0000	0.0066	0.0000
0.0000	0.0000	1.0000	0.0000	0.0000	0.0000	0.0000
0.0000	0.0000	1.0000	0.0000	0.0000	0.0000	0.0000
0.0000	0.0000	0.0000	1.0000	0.0000	0.0000	0.0000
0.0000	0.0000	0.0000	1.0000	0.0000	0.0000	0.0000
0.0000	0.0000	0.0000	1.0000	0.0000	0.0000	0.0000
0.0000	0.0000	0.0000	0.0000	1.0000	0.0000	0.0000
0.0000	0.0000	0.0000	0.0000	0.0000	1.0000	0.0000
0.0000	0.0000	0.0000	0.0000	0.0000	0.0000	1.0000
0.0000	1.0000	0.0000	0.0000	0.0000	0.0000	0.0000
0.0000	0.0000	1.0000	0.0000	0.0000	0.0000	0.0000
0.0000	0.0000	0.0000	1.0000	0.0000	0.0000	0.0000
0.0000	0.0000	0.0000	1.0000	0.0000	0.0000	0.0000
0.0000	0.0000	0.0000	1.0000	0.0000	0.0000	0.0000
0.0000	0.0002	0.0000	0.0000	0.0000	0.0000	0.9998
0.0000	0.0000	0.0000	0.0000	0.0000	0.0000	1.0000
0.0000	0.0037	0.0000	0.0000	0.0000	0.0000	0.9963
0.0000	0.9989	0.0000	0.0000	0.0000	0.0000	0.0011
0.0000	0.0000	1.0000	0.0000	0.0000	0.0000	0.0000
0.0000	0.0000	0.0000	0.0000	0.0000	0.0000	1.0000
0.6421	0.0008	0.3554	0.0015	0.0000	0.0001	0.0000
0.0016	0.4466	0.5504	0.0000	0.0000	0.0013	0.0000
0.0000	0.0000	1.0000	0.0000	0.0000	0.0000	0.0000
0.0000	0.0000	0.0000	0.0000	1.0000	0.0000	0.0000
0.0002	0.1152	0.0006	0.0000	0.0000	0.8840	0.0000
0.0000	0.0445	0.0001	0.0000	0.0000	0.9554	0.0000
0.0073	0.9921	0.0002	0.0000	0.0000	0.0004	0.0000
0.0000	0.0000	0.0000	1.0000	0.0000	0.0000	0.0000
0.0000	0.0000	0.0000	0.0000	1.0000	0.0000	0.0000
0.0000	0.0000	0.0000	0.0000	0.0000	0.0000	1.0000
