0.9998	0.0001	0.0000	0.0000	0.0000	0.0001	0.0000
0.0040	0.7300	0.0000	0.0113	0.0000	0.2463	0.0083
0.5437	0.4365	0.0000	0.0000	0.0000	0.0195	0.0003
0.0005	0.9935	0.0000	0.0036	0.0000	0.0014	0.0009
0.0000	0.0000	0.9998	0.0000	0.0000	0.0000	0.0002
0.0000	0.0000	1.0000	0.0000	0.0000	0.0000	0.0000
0.0001	0.0090	0.0000	0.9887	0.0000	0.0020	0.0002
0.0000	0.0000	0.0003	0.0000	0.9976	0.0000	0.0021
0.0000	0.0000	0.0000	0.0000	0.9999	0.0000	0.0001
0.0000	0.0000	0.0000	0.0000	0.9999	0.0000	0.0001
0.0009	0.0000	0.0000	0.0001	0.0000	0.9990	0.0000
0.1059	0.0061	0.0000	0.0022	0.0000	0.8853	0.0004
0.0078	0.0007	0.0000	0.0001	0.0000	0.9912	0.0002
0.0000	0.0000	0.0000	0.0000	0.0000	0.0000	1.0000
0.0000	0.0000	0.0000	0.0000	0.0000	0.0000	1.0000
0.9984	0.0011	0.0000	0.0000	0.0000	0.0005	0.0000
0.9993	0.0007	0.0000	0.0000	0.0000	0.0000	0.0000
0.8614	0.0049	0.0000	0.0470	0.0000	0.0866	0.0001
0.0326	0.9355	0.0000	0.0093	0.0000	0.0213	0.0012
0.0000	0.0000	1.0000	0.0000	0.0000	0.0000	0.0000
0.0000	0.0000	1.0000	0.0000	0.0000	0.0000	0.0000
0.0000	0.0000	0.0000	1.0000	0.0000	0.0000	0.0000
0.0000	0.0000	0.0000	1.0000	0.0000	0.0000	0.0000
0.0000	0.0005	0.0000	0.9995	0.0000	0.0000	0.0000
0.0000	0.0000	0.0001	0.0000	0.9990	0.0000	0.0009
0.0000	0.0000	0.0000	0.0000	0.0000	1.0000	0.0000
0.0000	0.0000	0.0000	0.0000	0.0000	0.0000	1.0000
0.0000	1.0000	0.0000	0.0000	0.0000	0.0000	0.0000
0.0000	0.0000	1.0000	0.0000	0.0000	0.0000	0.0000
0.0000	0.0000	0.0000	1.0000	0.0000	0.0000	0.0000
0.0000	0.0000	0.0000	1.0000	0.0000	0.0000	0.0000
0.0000	0.0000	0.0000	1.0000	0.0000	0.0000	0.0000
0.0000	0.0003	0.0000	0.0000	0.0000	0.0000	0.9996
0.0000	0.0000	0.0000	0.0000	0.0000	0.0000	1.0000
0.0000	0.0049	0.0000	0.0000	0.0000	0.0000	0.9951
0.0000	0.9614	0.0000	0.0000	0.0000	0.0000	0.0386
0.0000	0.0000	1.0000	0.0000	0.0000	0.0000	0.0000
0.0000	0.0000	0.0000	0.0000	0.0000	0.0000	0.9999
0.8069	0.0508	0.1295	0.0048	0.0002	0.0053	0.0025
0.0756	0.7575	0.1482	0.0023	0.0000	0.0064	0.0100
0.0000	0.0000	1.0000	0.0000	0.0000	0.0000	0.0000
0.0000	0.0000	0.0003	0.0000	0.9996	0.0000	0.0000
0.0515	0.2623	0.0015	0.0027	0.0000	0.6724	0.0095
0.0129	0.1818	0.0014	0.0007	0.0000	0.7801	0.0230
0.2170	0.7803	0.0003	0.0009	0.0000	0.0014	0.0001
0.0000	0.0000	0.0000	1.0000	0.0000	0.0000	0.0000
0.0000	0.0000	0.0003	0.0000	0.9996	0.0000	0.0001
0.0000	0.0003	0.0002	0.0000	0.0002	0.0001	0.9992
