1.0000	0.0000	0.0000	0.0000	0.0000	0.0000	0.0000
0.0039	0.9888	0.0000	0.0069	0.0000	0.0004	0.0000
0.0001	0.9974	0.0000	0.0024	0.0000	0.0001	0.0000
0.0000	0.0000	1.0000	0.0000	0.0000	0.0000	0.0000
0.0000	0.0000	0.0000	1.0000	0.0000	0.0000	0.0000
0.0026	0.0006	0.0000	0.9966	0.0000	0.0002	0.0000
0.0000	0.0000	0.0000	0.0000	0.9986	0.0000	0.0014
0.0000	0.0000	0.0000	0.0000	1.0000	0.0000	0.0000
0.0000	0.0000	0.0000	0.0000	1.0000	0.0000	0.0000
0.0008	0.0002	0.0000	0.0000	0.0000	0.9990	0.0000
0.0000	0.0000	0.0000	0.0000	0.0000	0.0000	1.0000
0.0000	0.0000	0.0000	0.0000	0.0000	0.0000	1.0000
1.0000	0.0000	0.0000	0.0000	0.0000	0.0000	0.0000
0.0132	0.9790	0.0000	0.0037	0.0000	0.0041	0.0000
0.0001	0.9751	0.0001	0.0247	0.0000	0.0000	0.0000
0.0000	1.0000	0.0000	0.0000	0.0000	0.0000	0.0000
0.0000	0.0000	1.0000	0.0000	0.0000	0.0000	0.0000
0.0000	0.0017	0.0001	0.9982	0.0000	0.0000	0.0000
0.0001	0.0000	0.0000	0.9999	0.0000	0.0000	0.0000
0.0000	0.0000	0.0000	0.0000	1.0000	0.0000	0.0000
0.0000	0.0000	0.0000	0.0000	0.9999	0.0000	0.0001
0.0000	0.0000	0.0000	0.0000	0.0000	1.0000	0.0000
0.0000	0.0000	0.0000	0.0000	0.0000	1.0000	0.0000
0.0019	0.0000	0.0000	0.0000	0.0000	0.9981	0.0000
0.0024	0.0000	0.0000	0.0000	0.0000	0.9976	0.0000
0.0000	0.0000	0.0045	0.0000	0.0004	0.0000	0.9950
0.0000	0.0000	1.0000	0.0000	0.0000	0.0000	0.0000
0.0000	0.0000	0.0000	1.0000	0.0000	0.0000	0.0000
0.0000	1.0000	0.0000	0.0000	0.0000	0.0000	0.0000
0.0000	0.0000	0.9999	0.0000	0.0000	0.0000	0.0000
0.0000	0.0000	1.0000	0.0000	0.0000	0.0000	0.0000
0.0000	0.0000	0.0000	1.0000	0.0000	0.0000	0.0000
0.0000	0.0067	0.0031	0.0000	0.0000	0.0000	0.9902
0.0000	0.0034	0.0009	0.0000	0.0000	0.0000	0.9957
0.0000	0.0334	0.0029	0.0000	0.0000	0.0000	0.9637
0.0000	0.9711	0.0084	0.0046	0.0000	0.0159	0.0000
0.0000	0.9209	0.0630	0.0019	0.0000	0.0128	0.0014
0.0000	0.0000	0.9972	0.0002	0.0009	0.0000	0.0017
0.0000	0.0000	0.9998	0.0000	0.0000	0.0000	0.0001
0.0000	0.0000	0.0023	0.9977	0.0000	0.0000	0.0000
0.0000	0.0008	0.0000	0.0000	0.0000	0.9992	0.0000
0.0000	0.0440	0.0065	0.0000	0.0002	0.2201	0.7291
0.0000	0.9761	0.0000	0.0000	0.0000	0.0239	0.0000
0.0000	0.9686	0.0195	0.0108	0.0000	0.0011	0.0000
0.0000	0.8834	0.0000	0.0001	0.0000	0.1165	0.0000
0.0000	0.0000	0.0000	1.0000	0.0000	0.0000	0.0000
0.0000	0.0000	0.0000	0.0000	1.0000	0.0000	0.0000
0.0000	0.0008	0.0012	0.0000	0.0008	0.0670	0.9302
