1.0000	0.0000	0.0000	0.0000	0.0000	0.0000	0.0000
0.0000	0.9997	0.0000	0.0002	0.0000	0.0000	0.0000
0.0000	1.0000	0.0000	0.0000	0.0000	0.0000	0.0000
0.0000	0.0000	1.0000	0.0000	0.0000	0.0000	0.0000
0.0000	0.0000	0.0000	1.0000	0.0000	0.0000	0.0000
0.0000	0.0000	0.0000	1.0000	0.0000	0.0000	0.0000
0.0000	0.0000	0.0000	0.0000	1.0000	0.0000	0.0000
0.0000	0.0000	0.0000	0.0000	1.0000	0.0000	0.0000
0.0000	0.0000	0.0000	0.0000	1.0000	0.0000	0.0000
0.0000	0.0000	0.0000	0.0000	0.0000	1.0000	0.0000
0.0000	0.0000	0.0000	0.0000	0.0000	0.0000	1.0000
0.0000	0.0000	0.0000	0.0000	0.0000	0.0000	1.0000
1.0000	0.0000	0.0000	0.0000	0.0000	0.0000	0.0000
0.0001	0.9996	0.0000	0.0002	0.0000	0.0000	0.0000
0.0000	0.9999	0.0000	0.0001	0.0000	0.0000	0.0000
0.0000	1.0000	0.0000	0.0000	0.0000	0.0000	0.0000
0.0000	0.0000	1.0000	0.0000	0.0000	0.0000	0.0000
0.0000	0.0000	0.0000	1.0000	0.0000	0.0000	0.0000
0.0000	0.0000	0.0000	1.0000	0.0000	0.0000	0.0000
0.0000	0.0000	0.0000	0.0000	1.0000	0.0000	0.0000
0.0000	0.0000	0.0000	0.0000	1.0000	0.0000	0.0000
0.0000	0.0000	0.0000	0.0000	0.0000	1.0000	0.0000
0.0000	0.0000	0.0000	0.0000	0.0000	1.0000	0.0000
0.0011	0.0000	0.0000	0.0000	0.0000	0.9989	0.0000
0.0045	0.0000	0.0000	0.0000	0.0000	0.9955	0.0000
0.0000	0.0000	0.0006	0.0000	0.0000	0.0000	0.9994
0.0000	0.0000	1.0000	0.0000	0.0000	0.0000	0.0000
0.0000	0.0000	0.0000	1.0000	0.0000	0.0000	0.0000
0.0000	1.0000	0.0000	0.0000	0.0000	0.0000	0.0000
0.0000	0.0000	1.0000	0.0000	0.0000	0.0000	0.0000
0.0000	0.0000	1.0000	0.0000	0.0000	0.0000	0.0000
0.0000	0.0000	0.0000	1.0000	0.0000	0.0000	0.0000
0.0000	0.0000	0.0000	0.0000	0.0000	0.0000	0.9999
0.0000	0.0000	0.0000	0.0000	0.0000	0.0000	1.0000
0.0000	0.0001	0.0001	0.0000	0.0000	0.0000	0.9999
0.0000	0.4161	0.3107	0.0055	0.0000	0.2677	0.0000
0.0000	0.1196	0.8482	0.0018	0.0000	0.0301	0.0003
0.0000	0.0000	0.9999	0.0000	0.0001	0.0000	0.0000
0.0000	0.0000	1.0000	0.0000	0.0000	0.0000	0.0000
0.0000	0.0000	0.0001	0.9999	0.0000	0.0000	0.0000
0.0000	0.0000	0.0000	0.0000	0.0000	1.0000	0.0000
0.0000	0.0001	0.0228	0.0001	0.0063	0.0009	0.9699
0.0000	0.3010	0.0048	0.0002	0.0000	0.6940	0.0000
0.0000	0.6660	0.3099	0.0134	0.0000	0.0107	0.0000
0.0000	0.1115	0.0016	0.0002	0.0000	0.8867	0.0000
0.0000	0.0000	0.0000	1.0000	0.0000	0.0000	0.0000
0.0000	0.0000	0.0000	0.0000	1.0000	0.0000	0.0000
0.0000	0.0000	0.0001	0.0000	0.0008	0.0000	0.9992
