1.0000	0.0000	0.0000	0.0000	0.0000	0.0000	0.0000
0.0004	0.9992	0.0001	0.0002	0.0000	0.0001	0.0001
0.0000	0.9998	0.0000	0.0001	0.0000	0.0000	0.0001
0.0000	0.0000	1.0000	0.0000	0.0000	0.0000	0.0000
0.0000	0.0000	0.0000	1.0000	0.0000	0.0000	0.0000
0.0000	0.0000	0.0000	0.9999	0.0000	0.0000	0.0000
0.0000	0.0000	0.0000	0.0000	0.9996	0.0000	0.0004
0.0000	0.0000	0.0000	0.0000	1.0000	0.0000	0.0000
0.0000	0.0000	0.0000	0.0000	1.0000	0.0000	0.0000
0.0000	0.0001	0.0000	0.0000	0.0000	0.9999	0.0000
0.0000	0.0000	0.0000	0.0000	0.0000	0.0000	1.0000
0.0000	0.0000	0.0000	0.0000	0.0000	0.0000	1.0000
1.0000	0.0000	0.0000	0.0000	0.0000	0.0000	0.0000
0.0011	0.9982	0.0000	0.0001	0.0000	0.0005	0.0001
0.0000	0.9966	0.0025	0.0003	0.0000	0.0000	0.0007
0.0000	1.0000	0.0000	0.0000	0.0000	0.0000	0.0000
0.0000	0.0000	1.0000	0.0000	0.0000	0.0000	0.0000
0.0000	0.0000	0.0000	1.0000	0.0000	0.0000	0.0000
0.0000	0.0000	0.0000	1.0000	0.0000	0.0000	0.0000
0.0000	0.0000	0.0000	0.0000	1.0000	0.0000	0.0000
0.0000	0.0000	0.0000	0.0000	1.0000	0.0000	0.0000
0.0000	0.0000	0.0000	0.0000	0.0000	1.0000	0.0000
0.0000	0.0000	0.0000	0.0000	0.0000	1.0000	0.0000
0.0151	0.0000	0.0000	0.0000	0.0000	0.9849	0.0000
0.0537	0.0000	0.0000	0.0000	0.0000	0.9463	0.0000
0.0000	0.0000	0.0017	0.0000	0.0001	0.0000	0.9982
0.0000	0.0000	1.0000	0.0000	0.0000	0.0000	0.0000
0.0000	0.0000	0.0000	1.0000	0.0000	0.0000	0.0000
0.0000	1.0000	0.0000	0.0000	0.0000	0.0000	0.0000
0.0000	0.0000	1.0000	0.0000	0.0000	0.0000	0.0000
0.0000	0.0000	1.0000	0.0000	0.0000	0.0000	0.0000
0.0000	0.0000	0.0000	1.0000	0.0000	0.0000	0.0000
0.0000	0.0001	0.0002	0.0000	0.0000	0.0000	0.9997
0.0000	0.0001	0.0000	0.0000	0.0000	0.0000	0.9999
0.0000	0.0008	0.0002	0.0000	0.0000	0.0000	0.9991
0.0000	0.9758	0.0065	0.0009	0.0000	0.0167	0.0000
0.0000	0.9741	0.0248	0.0002	0.0000	0.0006	0.0003
0.0000	0.0000	0.9991	0.0000	0.0001	0.0000	0.0007
0.0000	0.0000	0.9998	0.0000	0.0000	0.0000	0.0002
0.0000	0.0000	0.0001	0.9999	0.0000	0.0000	0.0000
0.0000	0.0002	0.0000	0.0000	0.0000	0.9998	0.0000
0.0000	0.0599	0.0172	0.0002	0.0001	0.0028	0.9198
0.0000	0.9493	0.0001	0.0000	0.0000	0.0506	0.0000
0.0000	0.9930	0.0044	0.0015	0.0000	0.0011	0.0000
0.0000	0.6758	0.0001	0.0000	0.0000	0.3241	0.0000
0.0000	0.0000	0.0000	1.0000	0.0000	0.0000	0.0000
0.0000	0.0000	0.0000	0.0000	1.0000	0.0000	0.0000
0.0000	0.0004	0.0009	0.0000	0.0005	0.0001	0.9982
