0.9995	0.0000	0.0000	0.0000	0.0000	0.0005	0.0000
0.0000	0.9939	0.0000	0.0043	0.0000	0.0017	0.0000
0.0000	0.9986	0.0000	0.0011	0.0000	0.0003	0.0000
0.0000	0.0000	1.0000	0.0000	0.0000	0.0000	0.0000
0.0000	0.0000	0.0000	1.0000	0.0000	0.0000	0.0000
0.0000	0.0002	0.0000	0.9991	0.0000	0.0006	0.0000
0.0000	0.0000	0.0000	0.0000	0.9954	0.0000	0.0046
0.0000	0.0000	0.0000	0.0000	1.0000	0.0000	0.0000
0.0000	0.0000	0.0000	0.0000	1.0000	0.0000	0.0000
0.0014	0.0002	0.0000	0.0000	0.0000	0.9984	0.0000
0.0000	0.0000	0.0000	0.0000	0.0000	0.0000	0.9999
0.0000	0.0000	0.0000	0.0000	0.0000	0.0000	1.0000
0.9999	0.0000	0.0000	0.0000	0.0000	0.0001	0.0000
0.0004	0.9937	0.0000	0.0012	0.0000	0.0048	0.0000
0.0000	0.9749	0.0000	0.0244	0.0000	0.0005	0.0002
0.0000	1.0000	0.0000	0.0000	0.0000	0.0000	0.0000
0.0000	0.0000	1.0000	0.0000	0.0000	0.0000	0.0000
0.0000	0.0009	0.0000	0.9991	0.0000	0.0001	0.0000
0.0000	0.0000	0.0000	1.0000	0.0000	0.0000	0.0000
0.0000	0.0000	0.0000	0.0000	1.0000	0.0000	0.0000
0.0000	0.0000	0.0000	0.0000	1.0000	0.0000	0.0000
0.0000	0.0000	0.0000	0.0000	0.0000	1.0000	0.0000
0.0000	0.0000	0.0002	0.0000	0.0002	0.9997	0.0000
0.0534	0.0000	0.0000	0.0000	0.0000	0.9466	0.0000
0.0775	0.0000	0.0000	0.0000	0.0000	0.9225	0.0000
0.0000	0.0000	0.0038	0.0000	0.0003	0.0000	0.9959
0.0000	0.0000	1.0000	0.0000	0.0000	0.0000	0.0000
0.0000	0.0000	0.0000	1.0000	0.0000	0.0000	0.0000
0.0000	1.0000	0.0000	0.0000	0.0000	0.0000	0.0000
0.0000	0.0000	0.9983	0.0000	0.0000	0.0000	0.0017
0.0000	0.0000	1.0000	0.0000	0.0000	0.0000	0.0000
0.0000	0.0000	0.0000	1.0000	0.0000	0.0000	0.0000
0.0000	0.0002	0.0004	0.0000	0.0000	0.0000	0.9994
0.0000	0.0002	0.0002	0.0000	0.0000	0.0000	0.9996
0.0000	0.0016	0.0003	0.0000	0.0000	0.0000	0.9981
0.0000	0.8002	0.0078	0.0432	0.0000	0.1485	0.0002
0.0000	0.5466	0.1044	0.0041	0.0000	0.3209	0.0241
0.0000	0.0000	0.9952	0.0000	0.0004	0.0001	0.0043
0.0000	0.0000	0.9981	0.0000	0.0000	0.0000	0.0019
0.0000	0.0000	0.0001	0.9999	0.0000	0.0000	0.0000
0.0000	0.0049	0.0004	0.0000	0.0000	0.9947	0.0000
0.0000	0.0157	0.0389	0.0000	0.0003	0.0155	0.9296
0.0000	0.9423	0.0003	0.0020	0.0000	0.0554	0.0000
0.0000	0.9040	0.0016	0.0826	0.0000	0.0115	0.0003
0.0000	0.7681	0.0002	0.0046	0.0000	0.2270	0.0000
0.0000	0.0000	0.0000	1.0000	0.0000	0.0000	0.0000
0.0000	0.0000	0.0000	0.0000	1.0000	0.0000	0.0000
0.0000	0.0009	0.0094	0.0000	0.0008	0.0014	0.9875
