1.0000	0.0000	0.0000	0.0000	0.0000	0.0000	0.0000
1.0000	0.0000	0.0000	0.0000	0.0000	0.0000	0.0000
0.0002	0.8194	0.0000	0.0150	0.0000	0.1649	0.0005
0.0000	0.9996	0.0000	0.0003	0.0000	0.0000	0.0000
0.0000	0.0000	1.0000	0.0000	0.0000	0.0000	0.0000
0.0000	0.0000	1.0000	0.0000	0.0000	0.0000	0.0000
0.0000	0.0000	1.0000	0.0000	0.0000	0.0000	0.0000
0.0000	0.0000	0.0000	0.0000	0.9977	0.0000	0.0022
0.0000	0.0000	0.0002	0.0000	0.9989	0.0000	0.0009
0.0000	0.0000	0.0000	0.0000	1.0000	0.0000	0.0000
0.0059	0.0018	0.0000	0.0008	0.0000	0.9915	0.0000
0.0000	0.0000	0.0000	0.0000	0.0000	0.0000	1.0000
1.0000	0.0000	0.0000	0.0000	0.0000	0.0000	0.0000
0.6248	0.0188	0.0000	0.0403	0.0001	0.3160	0.0001
0.9979	0.0011	0.0000	0.0000	0.0000	0.0010	0.0000
0.0001	0.9971	0.0027	0.0000	0.0000	0.0000	0.0000
0.0000	0.0000	1.0000	0.0000	0.0000	0.0000	0.0000
0.0000	0.0000	1.0000	0.0000	0.0000	0.0000	0.0000
0.0000	0.0000	0.0000	1.0000	0.0000	0.0000	0.0000
0.0000	0.0000	0.0000	1.0000	0.0000	0.0000	0.0000
0.0000	0.0000	0.0000	0.0000	1.0000	0.0000	0.0000
0.0000	0.0000	0.0000	0.0000	1.0000	0.0000	0.0000
0.0000	0.0000	0.0000	0.0000	0.0000	1.0000	0.0000
0.0000	0.0000	0.0000	0.0000	0.0000	1.0000	0.0000
0.0000	0.0000	0.0000	0.0000	0.0000	0.0000	1.0000
0.0000	1.0000	0.0000	0.0000	0.0000	0.0000	0.0000
0.0000	1.0000	0.0000	0.0000	0.0000	0.0000	0.0000
0.0000	0.0000	0.0000	1.0000	0.0000	0.0000	0.0000
0.0000	0.0000	0.0000	1.0000	0.0000	0.0000	0.0000
0.0000	0.0000	0.0000	1.0000	0.0000	0.0000	0.0000
0.0000	0.0019	0.0001	0.0000	0.0000	0.0000	0.9980
0.0000	0.0034	0.0000	0.0000	0.0000	0.0000	0.9966
0.0000	1.0000	0.0000	0.0000	0.0000	0.0000	0.0000
0.0000	1.0000	0.0000	0.0000	0.0000	0.0000	0.0000
0.0000	0.0027	0.9204	0.0002	0.0000	0.0000	0.0767
0.0000	0.0000	0.0000	1.0000	0.0000	0.0000	0.0000
0.0000	0.0001	0.0000	0.0000	0.0000	0.0000	0.9999
0.0000	0.0000	0.0000	0.0000	0.0000	0.0000	1.0000
0.9946	0.0019	0.0029	0.0000	0.0005	0.0001	0.0000
0.0000	0.0001	0.0000	0.9995	0.0000	0.0001	0.0003
0.0007	0.0326	0.0000	0.0022	0.0000	0.9629	0.0016
0.0042	0.0402	0.0054	0.0111	0.0543	0.1540	0.7309
0.0002	0.2069	0.7337	0.0245	0.0015	0.0000	0.0331
0.0000	0.0000	0.0000	1.0000	0.0000	0.0000	0.0000
0.0000	0.0000	0.0010	0.0000	0.9960	0.0000	0.0029
0.0001	0.0015	0.0000	0.0015	0.0000	0.9966	0.0003
0.0001	0.0003	0.0000	0.0016	0.0000	0.9977	0.0003
0.0000	0.0006	0.0000	0.0017	0.0009	0.0052	0.9916
