1.0000	0.0000	0.0000	0.0000	0.0000	0.0000	0.0000
0.9996	0.0004	0.0000	0.0000	0.0000	0.0000	0.0000
0.0000	0.6280	0.0000	0.0348	0.0000	0.3371	0.0000
0.0000	0.9894	0.0000	0.0105	0.0000	0.0001	0.0000
0.0000	0.0000	1.0000	0.0000	0.0000	0.0000	0.0000
0.0000	0.0000	0.9999	0.0000	0.0000	0.0000	0.0001
0.0000	0.0000	0.9991	0.0000	0.0000	0.0000	0.0009
0.0000	0.0000	0.0001	0.0000	0.9987	0.0000	0.0013
0.0000	0.0000	0.0008	0.0000	0.9949	0.0000	0.0043
0.0000	0.0000	0.0000	0.0000	1.0000	0.0000	0.0000
0.0013	0.0010	0.0000	0.0003	0.0000	0.9974	0.0000
0.0000	0.0000	0.0000	0.0000	0.0000	0.0000	1.0000
0.9995	0.0005	0.0000	0.0000	0.0000	0.0000	0.0000
0.1511	0.0172	0.0000	0.0149	0.0000	0.8167	0.0000
0.9573	0.0193	0.0000	0.0001	0.0000	0.0233	0.0000
0.0000	0.9996	0.0003	0.0001	0.0000	0.0000	0.0000
0.0000	0.0000	1.0000	0.0000	0.0000	0.0000	0.0000
0.0000	0.0000	1.0000	0.0000	0.0000	0.0000	0.0000
0.0000	0.0000	0.0000	1.0000	0.0000	0.0000	0.0000
0.0000	0.0001	0.0000	0.9999	0.0000	0.0000	0.0000
0.0000	0.0000	0.0000	0.0000	1.0000	0.0000	0.0000
0.0000	0.0000	0.0000	0.0000	1.0000	0.0000	0.0000
0.0001	0.0000	0.0000	0.0000	0.0000	0.9999	0.0000
0.0000	0.0000	0.0000	0.0000	0.0000	1.0000	0.0000
0.0000	0.0000	0.0001	0.0000	0.0000	0.0000	0.9999
0.0000	1.0000	0.0000	0.0000	0.0000	0.0000	0.0000
0.0000	1.0000	0.0000	0.0000	0.0000	0.0000	0.0000
0.0000	0.0000	0.0000	1.0000	0.0000	0.0000	0.0000
0.0000	0.0000	0.0000	1.0000	0.0000	0.0000	0.0000
0.0000	0.0000	0.0000	1.0000	0.0000	0.0000	0.0000
0.0000	0.0398	0.0018	0.0000	0.0000	0.0000	0.9584
0.0000	0.0608	0.0000	0.0000	0.0000	0.0000	0.9392
0.0000	1.0000	0.0000	0.0000	0.0000	0.0000	0.0000
0.0000	1.0000	0.0000	0.0000	0.0000	0.0000	0.0000
0.0000	0.0090	0.9656	0.0000	0.0000	0.0000	0.0254
0.0000	0.0000	0.0000	1.0000	0.0000	0.0000	0.0000
0.0000	0.0014	0.0000	0.0000	0.0000	0.0000	0.9985
0.0000	0.0001	0.0000	0.0000	0.0000	0.0000	0.9999
0.9195	0.0612	0.0167	0.0003	0.0001	0.0022	0.0000
0.0000	0.0002	0.0000	0.9998	0.0000	0.0000	0.0000
0.0015	0.0587	0.0000	0.0005	0.0000	0.9356	0.0037
0.0002	0.1048	0.0023	0.0004	0.0120	0.1496	0.7307
0.0000	0.0422	0.9534	0.0022	0.0000	0.0000	0.0021
0.0000	0.0000	0.0000	1.0000	0.0000	0.0000	0.0000
0.0000	0.0000	0.0005	0.0000	0.9993	0.0000	0.0002
0.0002	0.0022	0.0000	0.0002	0.0000	0.9970	0.0004
0.0002	0.0004	0.0000	0.0002	0.0000	0.9990	0.0001
0.0000	0.0022	0.0000	0.0000	0.0002	0.0016	0.9959
