1.0000	0.0000	0.0000	0.0000	0.0000	0.0000	0.0000
0.7868	0.0045	0.0001	0.0015	0.0000	0.2071	0.0001
0.9989	0.0003	0.0000	0.0001	0.0000	0.0006	0.0000
0.0000	0.9996	0.0000	0.0001	0.0000	0.0000	0.0003
0.0000	0.9994	0.0000	0.0003	0.0000	0.0000	0.0003
0.0000	0.9998	0.0000	0.0001	0.0000	0.0000	0.0001
0.0000	0.0000	1.0000	0.0000	0.0000	0.0000	0.0000
0.0000	0.0000	0.9995	0.0000	0.0000	0.0000	0.0005
0.0000	0.0000	0.0000	0.0000	1.0000	0.0000	0.0000
0.0000	0.0066	0.0000	0.0000	0.0000	0.9931	0.0003
0.0000	0.0000	0.0000	0.0000	0.9287	0.0000	0.0713
0.0000	0.0000	0.0000	0.0000	0.0000	0.0000	1.0000
0.0000	0.0000	0.0000	0.0000	0.0000	0.0000	1.0000
0.8667	0.0019	0.0000	0.0001	0.0000	0.1313	0.0000
0.9874	0.0013	0.0001	0.0002	0.0000	0.0110	0.0000
0.0000	0.0000	1.0000	0.0000	0.0000	0.0000	0.0000
0.0000	0.0000	1.0000	0.0000	0.0000	0.0000	0.0000
0.0000	0.0000	0.0000	1.0000	0.0000	0.0000	0.0000
0.0000	0.0048	0.0000	0.9951	0.0000	0.0000	0.0001
0.8122	0.0004	0.0015	0.1858	0.0000	0.0000	0.0000
0.0000	0.0035	0.0000	0.9965	0.0000	0.0000	0.0000
0.0000	0.0000	0.0000	0.0000	1.0000	0.0000	0.0000
0.0000	0.0000	0.0000	0.0000	0.0000	1.0000	0.0000
0.0000	0.0000	0.0000	0.0000	0.0000	1.0000	0.0000
0.0000	0.0000	0.0000	0.0000	0.0000	1.0000	0.0000
0.0000	0.0000	0.0000	0.0000	0.0000	1.0000	0.0000
0.0000	0.0000	0.0000	0.0000	0.0000	0.0000	1.0000
0.0000	1.0000	0.0000	0.0000	0.0000	0.0000	0.0000
0.0000	1.0000	0.0000	0.0000	0.0000	0.0000	0.0000
0.0000	0.0000	0.0000	1.0000	0.0000	0.0000	0.0000
0.0000	0.0000	0.0000	0.0000	0.0000	0.0000	1.0000
0.0000	0.0007	0.0000	0.0000	0.0000	0.0000	0.9993
0.0000	0.0000	1.0000	0.0000	0.0000	0.0000	0.0000
0.0000	0.0002	0.2181	0.0001	0.0000	0.0000	0.7817
0.0000	0.0000	1.0000	0.0000	0.0000	0.0000	0.0000
0.0000	0.0000	0.0000	1.0000	0.0000	0.0000	0.0000
0.5274	0.0005	0.4705	0.0015	0.0001	0.0000	0.0001
0.0447	0.1545	0.7513	0.0083	0.0001	0.0020	0.0391
0.0000	0.0002	0.0557	0.0000	0.0002	0.0000	0.9439
0.0000	0.0000	0.0001	0.9999	0.0000	0.0000	0.0000
0.0000	0.0000	1.0000	0.0000	0.0000	0.0000	0.0000
0.0000	0.0000	1.0000	0.0000	0.0000	0.0000	0.0000
0.0003	0.0017	0.0000	0.0000	0.0000	0.9979	0.0001
0.0001	0.0013	0.0069	0.0001	0.0006	0.0080	0.9830
0.0000	0.0000	0.0000	0.0000	0.0000	0.0000	1.0000
0.0000	0.0000	0.0000	1.0000	0.0000	0.0000	0.0000
0.0000	0.0000	0.9673	0.0000	0.0001	0.0000	0.0326
0.0000	0.0000	1.0000	0.0000	0.0000	0.0000	0.0000
