1.0000	0.0000	0.0000	0.0000	0.0000	0.0000	0.0000
0.9962	0.0003	0.0000	0.0001	0.0000	0.0034	0.0000
0.9999	0.0000	0.0000	0.0000	0.0000	0.0000	0.0000
0.0008	0.9965	0.0000	0.0026	0.0000	0.0000	0.0000
0.0001	0.9826	0.0000	0.0170	0.0000	0.0001	0.0002
0.0000	0.9859	0.0000	0.0140	0.0000	0.0000	0.0002
0.0000	0.0000	1.0000	0.0000	0.0000	0.0000	0.0000
0.0000	0.0000	0.9998	0.0000	0.0000	0.0000	0.0001
0.0000	0.0000	0.0000	0.0000	1.0000	0.0000	0.0000
0.0003	0.0057	0.0000	0.0085	0.0000	0.9855	0.0000
0.0000	0.0000	0.0000	0.0000	0.9995	0.0000	0.0005
0.0000	0.0000	0.0000	0.0000	0.0002	0.0000	0.9998
0.0000	0.0000	0.0000	0.0000	0.0000	0.0000	1.0000
0.9999	0.0001	0.0000	0.0000	0.0000	0.0001	0.0000
0.9998	0.0001	0.0000	0.0000	0.0000	0.0001	0.0000
0.0000	0.0000	1.0000	0.0000	0.0000	0.0000	0.0000
0.0000	0.0000	1.0000	0.0000	0.0000	0.0000	0.0000
0.0000	0.0000	0.0000	1.0000	0.0000	0.0000	0.0000
0.0000	0.0005	0.0000	0.9995	0.0000	0.0000	0.0000
0.8711	0.0007	0.0000	0.1281	0.0000	0.0001	0.0000
0.0000	0.0002	0.0000	0.9997	0.0000	0.0000	0.0000
0.0000	0.0000	0.0000	0.0000	1.0000	0.0000	0.0000
0.0000	0.0000	0.0000	0.0000	0.0000	1.0000	0.0000
0.0000	0.0000	0.0000	0.0000	0.0000	1.0000	0.0000
0.0000	0.0000	0.0000	0.0000	0.0000	1.0000	0.0000
0.0000	0.0000	0.0000	0.0000	0.0000	1.0000	0.0000
0.0000	0.0000	0.0001	0.0000	0.0000	0.0000	0.9999
0.0000	1.0000	0.0000	0.0000	0.0000	0.0000	0.0000
0.0000	1.0000	0.0000	0.0000	0.0000	0.0000	0.0000
0.0000	0.0000	0.0000	1.0000	0.0000	0.0000	0.0000
0.0000	0.0000	0.0000	0.0000	0.0000	0.0000	1.0000
0.0000	0.1900	0.0000	0.0000	0.0000	0.0000	0.8100
0.0000	0.0000	1.0000	0.0000	0.0000	0.0000	0.0000
0.0000	0.0000	0.0067	0.0000	0.0000	0.0000	0.9933
0.0000	0.0000	0.9999	0.0000	0.0000	0.0000	0.0001
0.0000	0.0000	0.0000	1.0000	0.0000	0.0000	0.0000
0.2017	0.0001	0.7887	0.0008	0.0000	0.0084	0.0002
0.0191	0.0503	0.7543	0.0028	0.0002	0.1301	0.0431
0.0000	0.0357	0.0019	0.0002	0.0000	0.0000	0.9622
0.0000	0.0000	0.0000	0.9999	0.0000	0.0000	0.0000
0.0000	0.0000	1.0000	0.0000	0.0000	0.0000	0.0000
0.0000	0.0000	1.0000	0.0000	0.0000	0.0000	0.0000
0.0001	0.0030	0.0000	0.0000	0.0000	0.9968	0.0001
0.0002	0.0135	0.4139	0.0010	0.0024	0.0834	0.4855
0.0000	0.0000	0.0024	0.0000	0.0020	0.0000	0.9956
0.0000	0.0000	0.0000	1.0000	0.0000	0.0000	0.0000
0.0000	0.0000	0.9995	0.0000	0.0005	0.0000	0.0000
0.0000	0.0000	1.0000	0.0000	0.0000	0.0000	0.0000
