0	0	0	3	0	0	10	0	8	1	0	5	0	2	0	0	0	0	0	0	0	1	0	0	0	0	0	0	0	0	0	0	0	0	0	0	0	1	0	0	1	0	55	0	0	0	0	0	0	0	0	0	0	0	0	0	0	0	0	0	0	0	0	3	0	3	0	0	4	0	0	1	0	0	0	0	1	0	0	0	0	1	0	1	0	1	0	0	0	1	0	0	2	0	0	0	0	0	0	0	0	0	1	0	0	0	0	0	0	0	6	0	0	0	2	2	0	0	0	0	0	0	0	0	2	0	0	0	0	0	0	0	4	0	2	0	0	0	0	7	0	0	0	2	2	0	0	0	0	0	0	0	0	0	0	0	0	6	0	0	0	0	0	0	0	0	3	0	0	0	0	0	0	0	0	0	0	0	0	0	2	3	0	1	0	0	0	0	0	0	0	0	0	0	0	0	0	0	0	0	0	0	1	0	0	0	0	728	0	0	2	0	1	0	2	0	0	0	0	0	10	0	0	0	0	0	0	0	0	0	16	0	0	0	2	0	0	0	0	0	0	0	0	0	0	0	0	0	29	0	0	0	0	0	0	1	0	0	0	0	0	0	0	0	0	2	1	0	0	0	0	0	1	4	0	0	0	0	0	0	0	0	0	1	0	0	1	0	0	0	0	0	0	0
0	0	2	0	0	0	11	0	10	0	1	5	0	0	0	0	0	0	0	0	0	1	0	0	0	0	0	0	0	0	0	0	0	0	0	0	0	0	0	0	0	0	32	0	0	0	0	0	0	1	0	0	0	0	0	0	0	0	1	0	0	0	0	3	0	2	0	0	0	0	1	5	0	0	0	0	2	0	0	0	0	5	0	0	0	0	0	0	0	2	0	0	2	0	0	0	0	0	0	0	0	0	0	0	0	2	0	0	0	1	3	0	0	0	4	0	0	0	0	0	0	0	1	0	4	0	0	1	0	0	0	0	0	0	0	0	0	0	0	3	0	0	0	0	1	0	0	0	0	0	1	0	0	0	0	1	0	0	0	0	0	1	1	0	0	0	3	0	0	0	0	1	0	0	0	0	0	1	1	0	0	0	0	1	0	0	0	0	0	0	0	0	0	2	0	0	0	0	0	0	0	0	0	0	0	0	0	721	0	0	2	0	0	0	0	0	0	1	0	0	19	0	0	0	0	0	0	1	0	0	6	0	0	0	1	0	0	0	0	1	0	0	0	0	0	0	0	0	19	0	0	0	0	0	0	2	0	0	0	0	0	0	1	0	0	2	2	2	1	1	0	0	0	1	0	0	0	0	0	0	0	1	0	0	0	1	0	0	0	0	0	0	0	0
0	0	1	3	0	0	6	0	5	0	1	10	0	0	0	0	0	0	0	0	0	1	0	0	0	0	0	0	0	0	0	0	0	2	0	0	0	1	0	0	0	1	30	0	0	0	0	0	0	0	0	0	1	0	0	0	0	0	3	0	0	0	0	1	0	5	0	0	0	0	1	3	0	0	0	0	1	0	0	0	0	2	0	0	0	0	0	0	0	2	0	0	5	0	0	0	1	0	0	0	0	0	1	0	0	0	0	0	0	0	0	0	0	0	1	0	0	0	0	1	0	0	0	1	3	0	0	0	0	0	0	0	2	0	0	0	0	0	0	1	1	0	0	0	4	0	0	0	0	0	2	0	0	0	0	2	0	2	0	0	0	0	0	0	0	0	5	0	0	0	0	0	1	0	0	0	0	0	1	0	1	0	0	1	0	0	0	0	0	0	0	0	0	2	0	0	0	0	0	0	0	0	0	0	0	0	0	853	0	0	0	0	0	0	0	0	0	0	0	0	11	0	0	0	0	0	0	2	1	0	0	0	0	0	3	0	1	0	0	1	0	0	0	0	0	0	0	0	13	0	0	0	0	0	0	1	0	0	0	0	0	0	0	0	0	2	3	1	1	0	0	1	0	1	0	0	0	0	1	0	0	0	0	0	0	0	0	0	0	0	0	0	0	0
0	0	0	3	0	0	11	0	9	0	0	3	0	1	0	0	0	0	0	0	0	1	0	0	0	0	0	0	0	0	0	0	0	1	0	0	0	1	0	0	1	0	46	0	0	0	0	0	0	0	0	0	3	0	0	0	0	0	4	0	0	0	0	3	0	3	0	0	2	0	0	1	0	0	1	0	0	0	0	0	0	2	0	0	0	0	0	0	0	0	0	0	3	0	0	0	0	0	0	0	0	0	1	0	0	1	0	0	0	0	4	0	0	0	1	0	0	0	0	0	0	0	1	1	2	0	0	0	0	0	0	0	3	0	0	0	0	0	0	4	2	0	0	0	3	0	0	0	0	0	0	0	0	0	0	3	0	3	0	0	0	0	0	0	0	0	6	0	0	0	0	0	1	0	0	0	0	0	0	0	1	1	0	0	0	0	0	0	0	0	0	0	0	2	0	0	2	0	0	0	0	0	1	0	0	0	0	905	0	0	3	0	0	0	0	0	0	0	0	0	14	0	0	0	0	0	0	2	0	0	14	0	0	0	3	0	0	0	0	1	0	0	0	0	0	0	0	0	63	0	0	0	0	0	0	0	0	0	0	0	0	0	0	0	0	1	2	1	1	1	0	2	1	4	0	0	0	0	1	0	0	0	0	0	0	0	0	0	0	0	0	0	0	0
0	0	0	0	0	0	18	0	4	0	0	3	0	0	0	0	0	0	0	0	0	0	0	0	2	0	0	0	3	0	0	0	0	0	0	0	0	2	0	0	1	0	57	0	0	0	0	0	0	0	0	0	1	0	0	0	0	0	0	0	3	0	0	2	1	5	0	0	2	0	0	4	0	0	0	0	0	0	0	0	0	1	0	0	0	1	0	0	0	0	0	1	2	0	0	0	0	0	0	0	0	0	2	0	0	0	0	0	0	0	2	0	0	1	0	0	0	0	2	2	0	0	0	0	1	0	0	0	0	0	0	1	2	0	1	0	0	0	0	0	0	0	0	0	1	0	0	0	1	0	0	0	0	0	1	0	2	2	0	0	1	0	8	0	0	0	2	0	0	0	0	1	0	0	0	0	0	1	2	0	17	1	0	1	0	0	0	0	0	1	0	0	0	0	0	0	0	0	0	0	0	0	0	0	0	0	0	793	0	0	0	0	1	0	0	0	0	0	0	0	15	0	0	0	0	0	0	0	0	0	3	0	0	0	0	0	0	0	0	0	0	1	0	0	0	0	0	0	13	0	0	0	0	0	0	0	0	0	0	0	0	0	0	0	0	4	2	0	0	0	0	0	0	1	0	0	0	0	0	0	0	0	0	0	0	0	0	0	0	0	0	0	0	0
0	0	1	3	0	0	2	0	7	0	0	9	0	0	0	0	0	0	0	0	0	1	0	0	0	0	0	0	0	0	0	0	0	0	0	0	0	1	0	0	0	0	35	0	0	0	0	0	0	0	0	0	1	0	0	0	0	0	0	0	0	0	0	2	0	3	0	0	2	0	1	0	0	0	0	0	1	0	0	0	0	2	0	0	0	0	0	0	0	3	0	0	4	0	0	0	0	0	0	0	0	0	1	0	0	0	0	0	0	0	1	0	0	0	2	0	0	0	0	1	0	0	0	0	1	0	0	2	0	0	0	0	3	0	2	0	0	0	0	3	0	0	0	0	3	0	0	1	0	0	2	0	0	0	0	1	0	3	0	0	0	0	0	0	0	0	1	0	0	0	0	0	0	0	0	0	0	0	1	0	2	1	0	2	0	0	0	0	0	0	0	0	0	0	0	0	0	0	0	0	0	0	0	0	0	0	0	625	0	0	1	0	0	0	0	0	0	1	0	0	6	0	0	0	0	0	0	1	0	0	3	0	0	0	1	0	1	0	0	0	0	0	0	0	0	0	0	0	9	0	0	0	0	0	0	2	0	0	0	0	0	0	1	0	0	4	1	0	1	0	0	0	0	0	0	0	0	0	0	0	0	0	0	0	0	0	0	0	0	0	0	0	0	0
0	0	0	2	0	0	32	0	5	2	0	2	0	0	0	0	0	0	0	0	0	0	0	0	1	0	0	0	2	0	0	0	0	0	0	0	0	1	0	0	1	0	77	0	0	0	0	0	0	0	0	0	3	0	0	0	0	0	0	0	2	0	0	0	0	6	0	0	3	0	0	2	0	0	1	0	0	0	0	0	0	0	0	0	0	1	0	0	0	0	0	0	3	0	0	0	0	0	0	0	0	0	3	0	0	0	0	0	0	0	10	0	0	1	2	0	0	0	0	2	0	0	4	0	4	0	0	0	0	0	0	0	5	0	0	0	0	0	0	5	0	0	0	0	1	0	0	0	0	0	0	0	0	0	0	0	0	9	0	0	0	0	6	0	0	0	16	0	0	0	0	0	0	0	0	0	0	0	2	0	10	2	0	0	1	0	0	0	0	1	0	0	0	2	0	0	0	0	0	2	0	0	1	0	0	0	0	952	0	0	0	0	0	1	0	0	0	0	0	0	16	0	0	0	0	0	0	0	0	0	17	0	0	0	2	0	0	0	0	0	0	0	0	0	0	0	0	0	39	1	0	0	0	0	0	0	0	0	0	0	0	0	0	0	0	4	4	0	0	2	0	3	1	4	0	0	0	0	0	0	0	0	0	0	0	3	0	1	0	0	0	0	0	0
0	0	0	1	0	0	13	0	8	0	0	1	0	1	0	0	0	0	0	0	0	0	0	0	0	0	0	0	0	0	0	0	0	0	0	0	0	0	0	0	2	0	39	0	0	0	0	0	0	0	0	0	2	0	0	0	0	0	1	0	0	0	0	4	0	0	0	0	0	0	0	2	0	0	0	0	0	0	0	0	0	1	0	0	0	2	0	0	0	0	0	0	0	0	0	0	0	0	0	0	0	0	0	0	0	0	0	0	0	0	8	0	0	0	3	1	0	0	0	0	0	0	0	0	1	0	0	0	0	0	0	0	0	0	1	0	0	0	0	5	0	0	0	0	0	0	0	0	0	0	0	0	0	0	0	0	0	0	0	0	0	0	2	0	1	0	5	0	0	0	0	0	0	0	0	0	0	0	2	0	0	0	0	1	0	0	0	0	0	0	0	0	0	0	0	0	0	0	0	0	0	0	1	0	0	0	0	770	0	0	2	0	0	0	1	0	0	0	0	0	14	0	0	0	0	0	0	0	0	0	25	0	0	0	2	0	0	0	0	1	0	0	0	0	0	0	0	0	46	0	0	0	0	0	0	0	0	0	0	0	0	0	0	0	0	5	2	1	0	0	0	1	0	1	0	0	0	0	0	0	0	1	0	0	0	1	0	0	0	0	0	0	0	0
0	0	0	19	0	0	20	0	6	0	0	0	0	1	0	0	2	0	0	2	0	1	0	0	0	0	0	0	0	0	0	3	0	0	0	0	0	0	0	0	1	0	70	0	0	0	0	0	0	0	0	0	5	0	0	3	0	0	1	0	0	0	0	2	0	1	0	0	3	0	0	4	0	3	1	0	0	0	0	0	0	1	0	0	0	0	0	0	0	0	0	0	1	0	5	0	0	0	0	0	1	0	0	0	0	0	0	0	0	0	7	0	0	0	3	0	0	0	0	1	0	0	3	0	2	0	0	0	0	0	0	0	5	0	0	0	0	0	0	7	0	0	0	1	4	0	0	0	0	0	0	0	0	0	0	0	0	7	0	0	0	0	0	0	0	0	11	0	0	1	0	0	0	0	0	0	0	0	2	0	1	0	0	0	1	0	0	0	0	0	0	0	0	2	0	2	0	0	0	3	0	0	6	17	3	0	0	1184	3	0	2	0	0	1	0	0	0	0	0	0	14	0	0	0	0	0	1	0	0	0	7	0	2	0	20	0	0	0	0	0	0	0	0	0	0	0	3	0	52	0	0	0	0	0	0	0	0	0	0	0	0	6	0	0	2	7	7	5	0	1	0	15	14	17	0	0	0	0	0	0	0	0	0	0	0	1	2	0	1	0	0	0	0	0
0	0	0	7	0	0	8	0	4	0	0	2	0	0	0	0	1	0	0	0	0	0	0	0	0	0	0	0	0	0	0	0	0	2	0	0	0	0	0	0	1	1	38	0	0	0	0	0	0	0	0	0	6	0	0	0	0	0	2	0	0	0	0	1	0	0	1	0	0	0	0	0	0	1	1	0	0	1	0	0	0	0	0	0	0	0	0	0	0	0	0	0	1	0	0	0	0	0	0	0	0	0	2	0	0	1	0	0	0	0	1	0	0	0	0	0	0	0	0	3	0	0	0	2	0	0	0	0	0	0	0	0	3	0	1	0	0	0	0	1	1	0	0	0	2	0	0	0	0	0	0	0	0	0	0	1	0	4	0	0	0	0	0	0	0	0	4	0	0	0	1	0	2	0	0	0	0	0	1	0	2	0	0	0	1	0	0	0	0	0	0	0	0	1	0	0	2	0	0	0	0	0	1	1	0	0	0	968	0	0	1	0	0	0	0	0	0	0	0	0	10	0	0	0	0	0	0	2	0	0	17	0	0	0	4	0	0	0	0	0	0	0	2	0	0	0	1	0	73	0	0	0	0	0	0	0	0	0	0	0	0	1	0	0	0	1	3	0	0	0	0	3	2	5	0	0	0	0	1	0	0	0	0	0	0	0	0	0	0	0	0	0	0	0
0	0	0	2	0	0	14	0	1	0	0	6	0	0	0	0	0	0	0	0	0	0	0	0	0	0	0	0	0	0	0	0	0	1	0	0	0	2	0	0	0	0	34	0	0	0	0	0	0	0	0	0	1	0	0	0	0	0	1	0	0	0	0	4	0	6	0	0	2	0	0	4	0	0	1	0	0	0	0	0	0	0	0	0	0	1	0	0	0	0	0	0	0	0	0	0	0	0	0	0	0	0	1	0	0	0	0	0	0	0	1	0	0	0	1	0	0	0	0	1	0	0	0	1	0	0	0	0	0	0	0	0	1	0	0	0	0	0	0	1	0	0	0	0	0	0	0	0	0	0	0	0	0	0	0	0	0	3	0	0	0	0	0	0	0	0	3	0	0	0	2	0	0	0	0	0	0	0	0	0	3	1	0	0	0	0	0	0	0	0	0	0	0	2	0	0	0	0	0	0	0	0	0	0	0	0	0	753	0	0	1	0	0	0	0	0	0	0	0	0	14	0	0	0	0	0	1	1	0	0	18	0	0	0	3	0	0	0	2	0	0	0	1	0	0	0	0	0	35	0	0	0	0	0	0	0	0	0	0	0	0	0	0	0	0	2	0	0	0	0	0	0	0	1	0	0	0	0	0	0	0	0	0	0	0	0	0	0	0	0	0	0	1	0
0	0	0	0	0	0	20	0	3	0	0	0	0	0	0	0	0	0	0	0	0	0	0	0	0	0	0	0	0	0	0	0	0	0	0	0	0	0	0	0	0	0	38	0	0	0	0	0	0	0	0	0	1	0	0	0	0	0	0	0	0	0	0	0	0	0	0	0	2	0	0	0	0	0	1	0	0	0	0	0	0	0	0	0	0	0	0	0	0	0	0	0	0	0	0	0	0	0	0	0	0	0	1	0	0	1	0	0	0	0	8	0	0	1	1	0	0	0	0	0	0	0	0	0	0	0	0	0	1	0	0	0	0	0	2	0	0	0	0	2	0	0	0	1	1	0	0	0	0	0	0	0	0	0	0	0	0	5	0	0	0	0	1	0	0	0	9	0	0	0	0	2	0	0	0	0	0	0	1	0	5	2	0	1	0	0	0	0	0	0	0	0	0	0	0	0	0	0	0	0	0	0	2	0	0	0	0	905	0	0	1	0	0	0	0	0	0	0	0	0	11	0	0	0	0	0	0	0	0	0	15	0	0	0	1	0	0	0	0	1	0	0	0	0	0	0	0	0	41	0	0	0	0	0	0	0	0	0	0	0	0	0	0	0	0	1	1	1	0	0	0	1	0	2	0	0	0	0	0	0	0	1	0	0	0	1	0	0	0	0	0	0	0	0
0	0	0	2	0	0	26	0	1	0	0	6	0	0	0	0	0	0	0	0	0	0	0	0	0	0	0	0	0	0	0	0	0	0	0	0	0	0	0	0	0	0	31	0	0	0	0	0	0	1	0	0	1	0	0	0	0	0	0	0	0	0	0	0	0	2	0	0	0	0	0	7	0	1	4	0	0	0	0	0	0	0	0	0	0	0	0	0	0	1	0	0	0	0	0	0	0	0	0	0	0	0	0	0	0	1	0	0	0	0	2	0	0	0	2	0	0	0	0	2	0	0	8	0	1	0	0	0	0	0	0	0	1	0	1	0	0	0	0	1	0	0	0	1	2	0	0	0	0	0	0	0	0	0	0	0	0	5	0	0	0	0	0	0	0	0	5	0	0	0	0	0	0	0	0	0	0	0	0	0	1	0	0	1	1	0	0	1	0	0	0	0	0	4	0	0	0	0	0	7	0	0	5	0	0	0	1	724	0	0	0	0	0	3	0	0	0	0	0	0	20	0	0	0	0	0	0	0	0	0	10	0	0	0	4	0	0	0	0	0	0	0	0	0	0	0	0	0	22	0	0	0	0	0	0	1	0	0	0	0	0	0	0	0	0	0	0	0	0	3	0	5	0	10	0	0	0	0	0	0	0	0	0	0	0	2	0	0	0	0	0	0	0	0
0	0	2	4	0	0	5	0	5	0	0	3	0	1	0	0	0	0	0	0	0	1	0	0	0	0	0	0	0	0	0	0	0	0	0	0	0	1	0	0	0	0	49	0	0	0	0	0	0	1	0	0	0	0	0	0	0	0	0	0	0	0	0	1	0	1	0	0	1	0	1	1	0	0	0	1	1	0	0	0	0	3	0	0	0	0	0	0	0	1	0	0	4	0	0	0	0	0	0	0	0	0	0	0	0	0	0	1	0	0	4	0	0	0	3	1	0	0	0	1	0	0	0	0	3	0	0	1	0	0	0	0	3	0	0	0	0	0	0	5	0	0	0	2	3	0	0	1	0	0	1	0	0	0	0	0	0	6	0	0	0	0	0	0	0	0	4	0	0	0	0	1	0	0	0	0	0	1	0	0	1	1	0	0	1	0	0	0	0	0	0	0	0	0	0	0	0	0	0	0	0	0	2	1	0	0	0	976	0	0	1	0	0	0	0	0	0	1	0	0	17	0	0	0	0	0	0	0	0	0	8	0	0	0	4	0	1	0	0	0	0	1	1	0	0	0	0	0	27	0	0	0	0	0	0	1	1	0	0	0	0	0	1	0	0	0	2	2	1	1	0	2	1	8	0	0	0	0	0	0	0	0	0	0	0	0	0	0	0	0	1	0	0	0
0	0	2	12	0	0	17	0	4	0	1	2	0	0	0	0	2	0	0	0	0	0	0	0	1	0	0	0	2	0	0	1	0	0	0	0	0	2	0	0	0	0	66	0	0	0	0	0	0	0	0	0	9	0	0	1	0	0	0	0	2	0	0	2	1	7	0	0	3	0	1	2	0	7	0	0	1	0	0	0	0	1	0	0	0	2	0	0	0	1	0	0	1	0	3	0	0	0	0	0	0	0	6	0	0	0	0	0	0	0	4	0	0	1	4	0	0	0	2	3	0	0	0	1	1	0	0	1	0	0	0	0	13	0	0	0	1	0	0	2	0	0	0	3	5	0	0	2	0	0	1	0	0	0	0	2	2	9	0	0	0	0	5	0	0	0	7	0	0	0	0	1	0	0	0	0	0	0	0	0	22	6	0	0	3	0	0	0	0	0	0	0	0	0	0	1	0	0	0	0	0	0	3	5	0	0	0	795	0	0	1	0	0	0	0	0	0	1	0	0	26	0	0	0	0	0	0	2	0	0	7	0	0	0	4	0	0	0	0	0	0	0	0	0	0	0	5	0	38	0	0	0	0	0	0	1	0	0	0	0	0	4	1	0	0	3	1	1	1	0	0	6	0	11	0	0	0	0	0	0	0	0	0	0	0	0	0	0	0	0	0	0	0	0
0	0	0	0	0	0	18	0	10	0	0	2	0	1	0	0	0	0	0	2	0	1	0	0	0	0	0	0	1	0	0	0	0	0	0	0	0	0	0	0	3	0	55	0	0	0	0	0	0	0	0	0	2	0	0	0	0	0	4	0	1	0	0	4	0	4	0	0	2	0	0	3	0	0	1	0	0	0	0	0	0	1	0	0	0	0	0	0	0	0	0	0	2	0	0	0	0	0	0	0	0	0	2	0	0	1	0	0	0	0	3	0	0	0	0	0	0	0	0	0	0	0	1	1	1	0	0	0	0	0	0	0	1	0	1	0	0	0	0	1	0	0	0	0	1	0	0	0	0	0	0	0	0	0	0	0	1	0	0	0	0	0	1	0	0	0	2	0	1	0	0	1	0	0	0	0	0	0	2	0	5	0	0	0	0	0	0	0	0	1	0	0	0	1	0	0	0	0	0	1	0	0	0	0	2	0	0	911	2	0	4	0	0	0	0	0	0	0	0	0	11	0	0	0	0	0	0	0	0	0	10	0	1	0	2	0	0	0	0	0	0	0	0	0	0	0	0	0	51	0	0	0	0	0	0	0	0	0	0	0	0	0	0	0	3	3	2	0	0	0	0	0	1	2	0	0	0	0	0	0	0	0	0	0	0	0	2	0	0	0	0	0	0	0
0	0	0	7	0	0	9	0	4	0	0	0	0	0	0	0	0	0	0	0	0	0	0	0	1	0	0	0	0	0	0	0	0	0	0	0	0	0	0	0	1	0	26	0	0	0	0	0	0	0	0	0	11	0	0	1	0	0	1	0	0	0	0	5	0	0	0	0	0	0	0	0	0	2	0	0	0	0	0	0	0	0	0	0	0	2	0	0	0	0	0	0	0	0	1	0	0	0	0	0	0	0	0	0	0	1	0	0	0	0	5	0	0	0	4	1	0	0	1	1	0	0	0	1	0	0	0	0	0	0	0	0	1	0	2	0	0	0	0	2	0	0	0	2	3	0	0	0	0	0	0	0	0	0	0	0	1	1	0	0	0	0	4	0	0	0	3	0	0	0	0	0	1	0	0	0	0	0	2	0	3	0	0	1	0	0	0	0	0	0	0	0	0	0	0	0	0	0	0	0	0	0	2	3	0	0	0	691	0	0	2	0	0	0	0	0	0	0	0	0	10	0	0	0	0	0	0	0	0	0	14	0	0	0	5	0	0	0	0	1	0	0	0	0	0	0	2	0	46	0	0	0	0	0	0	0	0	0	0	0	0	1	0	0	0	8	1	3	0	0	0	4	1	3	0	0	0	0	0	0	0	0	0	0	0	0	0	0	0	0	0	0	0	0
0	0	0	12	0	0	6	0	8	0	0	3	0	1	0	0	1	0	0	0	0	2	0	0	1	0	0	0	0	0	0	1	0	0	0	0	0	0	0	0	2	0	50	0	0	0	0	0	0	0	0	0	7	0	0	1	0	0	0	0	0	0	0	1	1	0	0	0	0	0	0	1	0	4	0	0	0	0	0	0	0	1	0	0	0	0	0	0	0	1	0	0	2	0	3	0	0	0	0	0	0	0	0	0	0	0	0	0	0	0	2	0	0	0	1	0	0	0	0	4	0	0	0	0	2	0	0	0	0	0	0	0	7	0	2	0	0	0	0	3	0	0	0	1	4	0	0	0	0	0	0	0	0	0	0	0	0	4	0	0	0	0	1	0	0	0	3	0	0	1	0	0	0	0	0	0	0	0	2	0	2	0	0	1	3	0	0	0	0	0	0	0	0	0	0	1	0	0	0	0	0	0	2	6	0	0	0	837	1	0	0	0	0	0	0	0	0	0	0	0	8	0	0	0	0	0	0	0	0	0	6	0	1	0	6	0	0	0	0	0	0	0	0	0	0	0	5	0	34	0	0	0	0	0	0	1	0	0	0	0	0	3	0	0	1	5	5	1	0	0	0	4	5	7	0	0	0	0	0	0	0	0	0	0	0	0	0	0	0	0	0	0	0	0
0	0	0	2	0	0	24	0	4	1	0	6	0	0	0	0	0	0	0	0	0	0	0	0	0	0	0	0	0	0	0	0	0	0	0	0	0	1	0	0	0	0	36	0	0	0	0	0	0	0	0	0	2	0	0	0	0	0	1	0	0	0	0	1	0	5	1	0	2	0	0	3	0	0	2	0	0	0	0	0	0	0	0	0	0	0	0	0	0	0	0	0	0	0	0	0	0	0	0	0	0	0	1	0	0	1	0	0	0	0	4	0	0	0	2	0	1	0	0	0	0	0	2	1	1	0	0	0	0	0	0	0	2	0	0	0	0	0	0	2	0	0	0	0	4	0	0	0	0	0	0	0	0	0	0	0	0	7	0	0	0	0	0	0	0	0	9	0	0	0	0	1	1	0	0	0	0	0	0	0	4	2	0	2	0	0	0	0	0	0	0	0	0	3	0	0	0	0	0	1	0	0	1	1	0	0	0	756	0	0	1	0	1	0	0	0	0	0	0	0	12	0	0	0	0	0	0	0	0	0	6	0	0	0	4	0	0	0	0	1	0	0	0	0	0	0	0	0	30	0	0	0	0	0	0	0	0	0	0	0	0	0	0	0	0	1	1	1	0	1	0	5	1	4	0	0	0	0	0	0	0	0	0	0	0	1	0	0	0	0	0	0	0	0
0	0	0	4	0	0	10	0	0	1	0	1	0	0	0	0	1	0	0	0	0	0	0	0	0	0	0	0	0	0	0	0	1	0	0	0	0	1	0	0	0	0	35	0	0	0	0	0	0	1	0	0	1	0	0	1	0	0	0	0	1	0	0	1	0	2	0	0	5	0	0	0	0	1	0	0	0	0	0	0	0	0	0	0	0	0	0	0	0	0	0	0	0	0	1	0	0	0	0	0	0	0	1	0	0	1	0	0	0	0	3	0	0	1	2	0	0	0	0	0	0	0	0	0	0	0	0	0	0	0	0	0	2	0	0	0	0	0	0	0	0	0	0	2	5	0	0	0	0	0	0	0	0	0	0	0	0	7	0	0	0	0	0	0	0	0	6	0	0	0	1	3	0	0	0	0	0	1	0	0	13	5	0	0	0	0	0	0	0	0	0	0	0	0	0	0	0	0	0	0	0	0	2	4	0	0	0	1028	0	0	1	0	1	0	0	0	0	0	0	0	16	0	0	0	0	0	0	0	0	0	0	0	0	0	5	0	0	0	0	0	0	1	1	0	0	0	1	0	15	0	0	0	0	0	0	0	0	0	0	0	0	1	0	0	0	1	1	3	0	0	0	3	1	5	0	0	0	0	0	0	0	0	0	0	0	0	0	0	0	0	0	0	0	0
0	0	0	1	0	0	4	0	1	0	0	2	0	0	0	0	0	0	0	0	0	0	0	0	0	0	0	0	0	0	0	0	0	0	0	0	0	0	0	0	0	0	17	0	0	0	0	0	0	0	1	0	0	0	0	0	0	0	1	0	1	0	0	0	0	0	0	0	0	0	0	1	0	0	0	0	0	0	0	0	0	0	0	0	0	0	0	0	0	0	0	0	0	0	0	0	0	0	0	0	0	0	0	0	0	0	0	0	0	0	0	0	0	0	3	0	0	0	0	0	0	0	0	0	0	0	0	0	0	0	0	0	0	0	0	0	0	0	0	0	0	0	0	1	0	0	0	1	0	0	1	0	1	0	0	0	1	6	0	0	0	0	22	0	0	0	4	0	0	0	0	0	0	0	0	0	0	0	1	0	0	0	0	1	0	0	0	0	0	0	0	0	0	0	0	0	0	0	0	0	0	0	0	0	0	0	0	476	0	0	1	0	0	1	0	0	0	0	0	0	6	0	0	0	0	0	0	2	0	0	1	0	0	0	0	0	0	0	0	0	0	0	0	0	0	0	0	0	2	0	0	0	0	0	0	0	0	0	0	0	0	0	0	0	0	0	0	1	1	0	0	0	0	0	0	0	0	0	0	0	0	0	0	0	0	0	0	0	0	0	0	0	0	0
0	0	1	2	0	0	6	0	3	0	0	5	0	0	0	0	0	0	0	0	0	0	0	0	0	0	0	1	0	0	0	0	0	1	0	0	0	0	0	0	0	0	31	0	0	0	0	0	0	2	0	0	3	0	0	0	0	0	0	0	0	0	0	0	0	3	0	0	1	0	0	1	0	0	0	0	0	0	0	0	0	2	1	0	0	0	0	0	0	0	0	0	0	0	0	0	0	0	0	0	0	0	0	0	0	0	0	0	0	0	0	0	0	1	1	0	0	0	1	0	0	0	0	0	1	0	0	0	0	0	0	0	0	0	0	0	0	0	0	0	0	0	0	0	3	0	0	0	0	0	3	0	0	1	0	0	2	4	0	0	0	0	2	0	0	1	0	0	0	0	0	0	0	0	0	0	0	0	0	0	0	1	0	4	0	0	0	0	0	0	0	0	0	3	0	0	0	0	0	0	0	0	0	0	0	0	0	548	1	0	0	0	0	0	0	0	0	0	1	0	11	0	0	0	0	0	0	0	0	0	1	0	0	0	0	0	3	0	0	0	0	0	0	0	0	0	1	0	8	0	0	0	0	0	0	0	0	0	1	0	0	0	0	0	0	0	0	0	0	0	0	1	0	1	0	0	0	0	0	0	0	2	0	0	0	0	0	0	0	0	0	0	0	0
0	0	0	2	1	0	11	0	8	0	0	2	0	0	0	0	1	1	0	0	0	0	0	0	0	0	0	0	0	0	0	0	0	1	1	0	1	0	0	0	5	0	93	0	0	0	0	0	0	2	0	0	19	0	0	0	0	0	1	0	1	0	0	3	0	4	0	0	18	0	0	2	0	0	0	0	0	0	0	0	0	0	1	0	0	0	0	0	0	1	0	0	0	0	1	0	0	0	0	0	0	0	0	0	0	0	0	0	0	0	0	2	0	0	0	0	0	0	0	4	0	0	0	0	0	0	0	0	0	0	0	0	5	0	4	0	0	1	0	10	0	0	0	0	5	0	0	0	0	0	0	0	0	0	0	0	0	5	0	0	0	0	4	0	0	0	7	0	0	0	0	2	0	1	0	0	0	0	0	0	0	0	0	0	0	0	0	0	0	0	0	0	0	1	0	5	0	0	0	0	0	0	0	1	0	0	0	923	0	0	2	0	0	0	0	0	0	0	0	1	12	0	0	0	0	0	0	0	0	0	4	4	0	0	5	0	0	0	0	0	0	0	0	0	0	0	0	0	23	0	0	0	0	0	0	0	0	0	1	0	0	6	0	0	0	3	1	4	0	0	0	3	0	9	0	0	0	0	0	0	0	0	0	0	0	0	1	0	0	0	0	0	0	0
0	0	0	3	0	1	7	0	3	0	0	1	0	0	0	0	0	0	0	0	0	0	0	0	0	0	0	0	0	0	0	0	0	0	1	0	0	0	0	0	1	0	56	0	0	0	0	0	0	0	0	0	3	0	0	0	0	0	0	0	0	0	0	1	0	0	0	0	3	0	0	4	0	1	0	0	0	0	0	0	0	0	0	0	0	0	0	0	0	0	0	0	0	0	0	0	0	0	0	0	0	0	0	0	0	0	0	0	0	0	0	0	0	0	3	0	0	0	1	0	0	0	0	0	0	0	0	0	0	0	0	0	0	0	1	0	0	0	0	2	1	0	0	0	6	0	0	0	0	0	0	0	1	0	1	0	0	10	0	0	0	0	22	0	0	0	10	0	0	0	0	0	0	1	0	0	0	0	0	0	0	0	0	0	0	0	0	0	0	1	0	0	0	0	0	3	0	0	0	0	0	0	0	0	0	0	0	641	0	0	1	0	0	0	0	0	0	0	0	0	8	0	0	0	0	0	0	0	0	0	2	0	0	0	5	0	0	0	0	0	0	0	0	0	0	0	0	0	7	0	0	0	0	0	0	0	0	0	2	0	0	0	0	0	0	2	1	2	1	0	0	0	0	2	0	0	0	0	0	0	0	0	0	0	0	0	0	0	0	0	0	0	0	0
0	0	0	2	0	0	10	0	4	0	0	1	0	0	0	0	0	0	0	0	0	0	0	0	0	0	0	0	0	0	0	0	0	0	0	0	0	0	0	0	0	0	61	0	0	0	0	0	0	1	0	0	0	0	0	0	0	0	2	0	0	0	0	1	0	0	0	0	2	0	0	5	0	3	0	0	0	0	0	0	0	0	0	0	0	0	0	0	0	0	0	0	0	0	0	0	0	0	0	0	0	1	0	0	0	2	0	0	0	0	0	0	0	2	6	0	0	0	0	0	0	0	0	0	0	0	0	0	0	0	0	0	0	0	0	0	0	0	0	0	0	0	1	0	4	0	0	0	0	0	2	0	0	2	0	0	1	5	0	0	0	0	6	0	0	0	5	0	0	0	0	0	0	0	0	0	0	0	0	0	11	0	0	5	1	0	0	0	0	0	0	0	0	1	0	1	0	0	0	0	0	0	0	0	0	0	0	731	0	0	1	1	0	0	1	0	0	0	0	0	21	0	0	0	0	0	0	0	0	0	3	0	0	0	1	0	3	0	0	0	0	0	0	0	0	0	0	0	2	0	0	0	0	0	0	0	0	0	1	0	0	0	0	0	0	2	0	0	0	0	0	0	0	0	0	0	0	0	0	0	0	0	0	0	0	0	0	0	0	0	0	0	0	0
0	0	0	2	0	0	10	0	8	0	0	2	0	0	0	0	1	0	0	0	0	0	0	0	0	0	0	0	0	0	0	0	0	0	1	0	0	0	0	0	3	0	72	0	0	0	0	0	0	2	0	0	2	0	0	0	0	0	1	0	0	0	0	3	0	1	0	0	11	0	0	3	0	1	0	0	0	0	0	0	0	0	0	0	0	0	0	0	0	0	0	0	0	0	1	0	0	0	0	0	0	0	0	0	0	0	0	0	0	0	0	0	0	1	3	0	0	0	1	0	0	0	0	0	1	0	0	0	0	0	0	0	1	0	2	0	0	0	0	2	0	0	0	0	7	0	0	0	0	0	0	0	0	0	0	0	0	9	0	0	0	0	12	0	0	0	3	0	0	0	0	0	0	0	0	0	0	0	0	0	0	0	0	0	0	0	0	0	0	1	0	0	0	2	0	3	0	0	0	0	0	0	0	2	0	0	0	741	0	0	1	0	0	0	0	0	0	1	0	0	19	0	0	0	0	0	0	0	0	0	3	3	0	0	3	0	0	0	0	0	0	0	0	0	0	0	0	0	16	0	0	0	0	0	0	0	1	0	3	0	0	1	0	0	0	5	0	1	0	0	0	0	0	5	0	0	0	0	0	0	0	1	0	0	0	0	1	0	0	0	0	0	0	0
0	1	1	3	0	0	12	0	6	0	0	1	0	0	0	0	0	0	0	0	0	0	0	0	0	0	0	1	0	0	0	0	0	0	1	0	0	0	0	0	0	0	75	0	0	0	0	0	0	1	0	0	6	0	0	0	0	0	0	0	0	0	0	0	0	1	0	0	3	0	0	4	0	3	0	0	0	0	0	0	0	0	0	0	0	0	0	0	0	0	0	0	0	0	0	0	0	0	0	0	0	0	0	0	0	1	0	0	0	0	0	0	0	1	5	0	0	0	1	1	0	0	0	0	0	0	0	0	0	0	0	0	0	0	0	0	0	0	1	2	1	0	0	0	5	0	0	0	0	0	0	0	0	0	0	0	0	0	0	0	0	0	3	0	0	0	8	0	0	0	0	0	0	1	0	0	0	0	0	0	4	0	0	0	0	0	0	0	0	0	0	0	0	1	0	1	0	0	0	0	0	0	0	0	0	0	0	956	0	0	2	0	0	0	1	0	0	0	0	0	14	0	0	0	0	0	0	0	0	0	3	0	0	0	1	0	2	0	0	0	0	0	0	0	0	0	0	0	11	0	0	0	0	0	0	1	0	0	1	0	0	0	0	0	0	1	1	2	0	0	0	1	0	2	0	0	0	0	0	0	0	0	0	0	0	0	0	0	0	0	0	1	0	0
0	0	0	1	0	1	8	0	5	0	0	0	0	0	0	0	0	1	0	0	0	1	0	0	0	0	0	1	0	0	0	0	0	0	0	0	0	0	0	0	2	0	55	0	0	0	0	0	0	1	0	0	7	0	0	0	0	0	0	0	0	0	0	2	0	0	0	0	9	0	0	6	0	1	0	0	0	0	0	0	0	0	0	0	0	0	0	0	0	0	0	0	0	0	1	0	0	0	0	0	0	0	0	0	0	0	0	0	0	0	0	0	0	1	5	0	0	0	2	1	0	0	0	0	1	0	0	0	0	0	0	0	2	0	3	0	0	0	0	6	0	0	0	0	9	0	0	0	0	0	0	0	0	0	0	0	0	7	0	0	0	0	18	0	0	0	5	0	0	0	0	1	0	1	0	0	0	0	0	0	1	0	0	0	0	0	0	0	0	1	0	0	0	0	0	2	0	0	0	0	0	0	0	1	0	0	0	656	0	0	2	0	0	0	0	0	0	1	0	0	7	0	0	0	0	0	0	0	0	0	0	2	0	0	5	0	0	0	0	0	0	0	0	0	0	0	0	0	24	0	0	0	0	0	0	0	0	0	4	0	0	1	0	0	0	3	0	5	0	0	0	1	0	7	0	0	0	0	0	0	0	1	0	0	0	0	1	0	0	0	0	0	0	0
0	0	0	3	0	0	6	0	8	0	0	4	0	0	0	0	0	0	0	0	0	1	0	0	0	0	0	0	0	0	0	0	0	1	0	0	0	0	0	0	2	0	73	0	0	0	0	0	0	0	0	0	3	0	0	0	0	0	0	0	0	0	0	1	0	5	0	0	5	0	0	4	0	7	0	0	0	0	0	0	0	0	1	0	2	0	0	0	0	0	0	0	0	0	1	0	0	0	0	0	0	0	0	0	0	1	0	0	0	0	0	0	0	0	3	0	0	0	0	0	0	0	0	0	0	0	0	0	0	0	0	0	0	0	1	0	0	0	0	1	0	0	1	0	2	0	0	0	0	0	0	0	0	0	0	0	0	8	0	0	0	0	8	0	0	0	1	1	0	0	0	0	0	0	1	0	0	0	0	0	19	0	0	0	3	0	0	0	0	0	0	0	0	0	0	1	0	0	0	0	0	0	0	0	0	0	0	869	0	0	1	2	0	0	0	0	0	0	1	0	14	0	0	0	0	0	0	0	0	0	11	1	0	0	1	0	0	0	0	0	0	0	0	0	0	0	0	0	9	0	0	0	0	0	0	0	0	0	0	0	0	1	0	0	0	1	0	0	0	0	0	1	0	4	0	0	0	0	0	0	0	0	0	0	0	0	0	0	0	0	0	0	0	0
0	0	0	0	0	0	10	0	4	0	0	0	0	0	0	0	0	1	0	0	0	2	0	0	0	0	0	0	0	0	0	0	0	0	1	0	0	0	0	0	0	0	36	0	0	0	0	1	0	2	0	0	9	0	0	0	0	0	2	0	0	0	0	0	0	0	0	0	3	0	0	1	0	0	0	0	0	0	0	0	0	0	0	0	0	0	0	0	0	0	0	0	0	0	0	0	0	0	0	0	0	0	0	0	1	1	0	0	0	0	0	1	0	0	2	0	0	0	0	5	0	0	0	0	0	0	0	0	0	0	0	0	3	0	0	0	0	0	0	5	0	0	0	0	0	1	0	0	0	0	2	0	0	1	0	0	2	1	0	0	0	0	4	0	0	0	3	0	0	0	0	3	0	0	0	0	0	1	0	0	1	0	0	3	0	0	0	0	0	0	0	0	0	1	0	0	0	0	0	0	0	0	0	0	0	0	0	744	0	0	3	0	0	0	0	0	0	0	0	0	9	0	0	0	0	0	0	0	0	0	0	0	0	0	1	0	2	0	0	0	0	0	0	0	0	0	1	0	13	0	0	0	0	0	0	0	0	0	0	0	0	1	0	0	0	0	0	2	0	0	0	4	0	1	0	0	0	0	0	0	0	0	0	0	0	0	0	0	0	0	0	0	0	0
0	0	0	4	0	1	3	0	4	0	0	2	0	0	0	0	0	1	0	0	0	0	0	0	0	0	0	0	0	0	0	0	0	0	0	0	0	0	0	0	1	0	34	0	0	0	0	0	0	0	0	0	10	0	0	0	0	0	0	0	0	0	0	0	0	1	0	0	3	0	0	2	0	0	0	0	0	0	0	0	0	0	0	0	0	0	0	0	0	0	0	0	0	0	0	0	0	0	0	0	0	0	0	0	0	0	0	0	1	0	0	0	0	0	1	0	0	0	1	1	0	0	0	0	0	0	0	0	0	0	0	1	2	0	1	0	0	0	1	5	1	0	0	0	5	0	0	0	0	0	0	0	1	0	0	0	0	8	0	0	0	0	19	0	0	0	0	0	0	0	0	1	0	1	0	1	0	0	0	0	0	0	0	0	0	0	0	0	0	1	0	0	0	0	0	0	0	0	0	0	0	0	0	0	0	0	0	563	0	0	0	0	0	0	0	0	0	0	0	0	3	0	0	0	0	0	0	0	0	0	2	0	0	0	3	0	0	0	0	0	0	0	0	0	0	0	0	0	19	0	0	0	0	0	0	1	0	0	1	0	0	2	0	0	0	0	0	7	1	0	0	4	0	6	0	0	0	0	0	0	0	0	0	0	0	0	0	0	0	0	0	0	0	0
0	0	0	1	0	0	12	0	15	0	0	0	0	0	0	0	2	0	0	0	0	2	0	0	0	0	0	0	0	0	0	0	0	0	0	0	0	0	0	0	5	0	95	0	0	0	0	0	0	4	0	0	6	0	0	0	0	0	0	0	0	0	0	10	0	0	0	0	24	0	0	6	0	4	0	0	0	0	0	0	0	0	0	0	1	0	0	0	0	0	0	0	0	0	3	0	0	0	0	0	0	0	0	0	0	1	0	0	0	0	0	0	0	1	2	0	0	0	0	0	0	0	0	0	0	0	0	0	0	0	0	0	3	0	4	0	0	0	0	5	0	0	2	0	10	0	0	0	0	0	1	0	0	0	0	0	1	10	0	0	0	1	9	0	0	0	0	0	0	0	0	0	0	2	0	0	0	0	0	0	16	0	0	2	2	0	0	0	0	2	0	0	0	0	0	2	0	0	0	0	0	0	0	5	0	0	0	948	0	0	1	0	0	0	0	0	0	3	0	0	20	0	0	0	0	0	0	0	0	0	2	7	0	0	5	0	2	0	0	0	0	0	0	0	0	0	1	0	29	0	0	0	0	0	0	0	0	0	2	0	0	3	0	0	0	6	0	3	0	0	0	2	0	12	0	0	0	0	0	0	0	0	0	0	0	0	3	0	0	0	0	0	0	0
0	0	4	2	0	0	7	0	5	0	0	1	0	0	0	0	0	0	0	0	0	0	0	0	0	0	0	0	0	0	0	0	0	0	0	0	0	0	0	0	1	0	73	0	0	0	0	0	0	0	0	0	10	0	0	0	0	0	0	0	0	0	0	2	0	0	0	0	5	0	0	5	0	3	0	0	0	0	0	0	0	0	0	0	0	0	0	0	0	0	0	0	0	0	0	0	0	0	0	0	0	0	0	0	0	0	0	0	1	0	17	0	0	0	0	0	0	0	0	1	0	0	0	0	0	0	0	0	0	0	0	0	1	0	1	0	0	0	0	1	0	0	0	0	4	0	0	0	0	0	0	0	0	0	2	0	0	8	0	0	0	0	4	0	0	0	6	0	0	0	0	1	0	3	0	0	0	0	0	0	2	0	0	0	0	0	0	0	0	0	0	0	0	0	0	1	0	0	0	0	0	0	0	1	0	0	0	776	0	0	1	0	0	0	2	0	0	0	0	0	7	0	0	0	0	0	0	0	0	0	4	1	0	0	5	0	1	0	0	1	0	0	0	0	0	0	0	0	8	0	0	0	0	0	0	0	0	0	0	0	0	1	0	0	1	1	0	0	0	0	0	1	1	3	0	0	0	0	0	0	0	0	0	0	0	0	0	0	0	0	0	0	0	0
0	0	0	2	0	0	5	0	5	0	0	1	0	0	0	0	0	2	0	0	0	4	0	0	0	0	0	0	0	0	0	0	0	0	0	0	0	0	0	0	0	0	33	0	0	0	0	0	0	0	0	0	6	0	0	0	0	0	0	0	0	0	0	0	0	0	0	0	1	0	0	2	0	4	0	0	0	0	0	0	0	0	0	0	3	0	0	0	0	0	0	0	0	0	0	1	0	0	0	0	0	0	0	0	0	1	0	0	0	0	0	1	0	1	6	0	0	0	0	3	0	0	0	0	0	0	0	0	0	0	0	0	1	0	0	0	0	0	1	3	0	0	2	0	0	0	0	0	0	0	0	0	0	0	0	0	0	0	0	0	0	0	8	0	0	0	1	0	0	0	0	2	0	0	0	0	0	0	0	0	28	0	0	0	5	0	0	0	0	0	0	0	0	0	0	0	0	0	0	0	0	0	0	0	0	0	0	839	0	0	3	2	0	0	0	0	0	0	0	0	6	0	0	0	0	0	0	0	0	0	5	0	0	0	0	0	1	0	0	0	0	0	0	0	1	0	0	0	11	0	0	0	0	0	0	0	0	0	0	0	0	1	0	0	0	0	0	3	0	0	0	6	0	2	0	0	0	0	0	0	0	0	0	0	0	0	0	0	0	0	0	0	0	0
0	0	0	3	0	1	19	0	11	0	0	2	0	0	0	0	1	0	0	0	0	0	0	0	0	0	0	0	0	0	0	0	0	0	0	0	0	0	0	0	1	0	88	0	0	0	0	0	0	6	0	0	6	0	0	0	0	0	2	1	0	0	0	5	0	0	0	0	14	0	0	1	0	0	0	0	0	0	1	0	0	0	0	0	0	0	0	0	0	0	0	0	0	0	0	0	0	0	0	0	0	0	0	0	0	1	0	0	0	0	0	0	0	0	0	0	0	0	0	0	0	0	0	0	0	0	0	0	0	0	0	0	1	0	2	0	0	0	1	3	1	0	0	0	7	0	0	0	0	0	13	0	1	6	0	0	6	5	0	0	0	0	11	0	0	0	1	0	0	0	0	0	0	1	0	0	0	0	0	0	0	0	0	13	0	0	0	0	0	1	0	0	0	0	0	1	0	0	0	0	0	0	0	1	0	0	0	1022	3	0	0	0	0	0	0	0	0	0	0	0	21	0	0	0	0	0	0	0	0	0	1	2	0	0	5	0	4	0	0	0	0	0	0	0	0	0	3	0	12	0	0	0	0	0	0	1	0	0	0	0	0	1	0	0	0	3	0	4	1	0	0	1	0	6	0	0	0	0	0	0	0	0	0	0	0	0	0	0	0	0	0	0	0	0
1	0	6	0	0	0	104	1	4	0	2	12	0	0	5	0	0	0	5	0	0	1	1	0	0	1	1	1	0	0	1	0	0	0	0	0	1	0	0	0	0	0	71	1	1	3	0	1	0	0	0	23	0	0	3	0	0	0	25	0	0	0	0	3	0	0	0	0	0	0	0	1	1	0	1	0	1	0	8	3	0	0	0	0	0	0	0	0	1	0	1	1	0	0	0	0	0	13	0	0	0	0	1	3	0	0	0	0	3	5	11	0	0	0	6	1	0	0	0	0	4	0	1	0	0	7	1	0	0	20	0	0	0	1	0	20	0	0	0	2	0	0	1	0	9	1	0	0	0	0	0	6	0	0	5	2	0	0	1	1	0	0	1	0	33	0	173	0	0	1	0	4	1	0	2	1	0	0	8	1	4	0	0	0	1	0	0	0	0	0	1	0	0	1	8	0	8	0	0	5	2	0	0	1	15	0	0	42	0	0	0	5	0	45	0	0	2	1	0	0	8	0	0	32	0	0	0	0	0	0	0	0	0	3	0	1	0	4	0	0	0	2	0	1	2	0	7	1	36	0	4	0	0	0	0	0	0	1	0	0	0	0	0	0	0	32	0	21	1	0	0	0	0	8	0	0	0	0	0	0	2	0	0	1	0	0	0	0	0	0	0	0	0	13
3	0	0	0	0	0	269	0	2	0	3	4	0	0	0	0	0	0	5	0	0	0	2	0	0	4	2	0	0	0	0	0	0	0	0	0	1	1	0	0	0	0	54	1	1	0	0	0	0	0	0	47	1	0	1	0	0	0	16	0	0	0	0	3	0	1	1	0	0	0	1	0	3	0	1	0	0	0	7	0	1	0	0	0	0	0	0	0	0	0	0	1	0	0	0	1	0	4	0	1	0	1	0	2	0	0	0	0	6	4	3	0	0	0	0	0	2	2	0	0	4	1	0	0	0	1	1	0	0	14	0	0	0	0	1	17	0	0	0	3	0	0	0	0	0	0	0	0	0	0	0	5	0	0	0	1	0	0	0	0	0	0	0	1	79	1	174	0	0	3	0	2	0	0	0	0	0	0	4	6	0	0	0	0	0	0	0	0	0	0	0	0	0	1	4	1	0	5	0	2	6	0	1	0	18	0	0	36	0	0	0	2	0	39	0	0	0	0	1	0	1	0	0	90	0	1	0	0	0	0	0	0	1	16	0	6	0	0	0	0	0	10	0	0	5	0	21	1	20	0	5	2	2	0	0	0	0	3	0	0	0	0	0	0	0	31	0	12	10	0	0	0	0	7	0	0	0	0	0	1	1	0	0	0	0	0	0	0	6	0	0	0	0	5
0	0	0	0	0	0	207	1	4	0	2	3	0	0	1	1	0	0	0	0	0	1	3	0	0	2	3	0	0	0	0	0	1	0	0	0	0	0	0	0	0	0	74	0	0	0	0	1	0	0	0	40	2	0	0	1	2	0	31	0	0	0	0	0	0	2	0	0	0	0	0	1	0	0	0	0	3	0	3	2	0	0	2	0	0	0	0	0	3	0	0	3	2	0	0	1	0	8	0	0	0	0	0	6	0	0	0	0	2	1	7	0	0	0	1	0	1	2	0	0	0	0	0	1	0	4	0	0	0	5	0	0	0	1	0	40	0	0	0	6	0	0	1	0	7	0	0	0	0	0	0	12	0	0	1	1	0	0	0	0	0	0	1	0	61	1	214	1	0	3	0	6	0	0	1	0	0	0	15	6	3	0	0	0	1	0	0	0	0	0	0	0	0	0	3	0	1	3	0	0	0	0	0	0	9	0	0	74	0	0	0	1	0	11	0	2	0	0	0	0	8	0	0	64	0	0	0	0	0	0	0	0	0	6	0	11	0	0	0	0	0	7	0	1	9	0	17	3	32	0	2	3	0	0	0	0	0	3	1	0	0	0	0	1	0	34	0	10	2	0	2	0	0	7	0	0	0	0	0	0	1	0	0	1	0	1	0	1	6	0	0	0	0	6
3	0	7	0	0	0	67	0	7	0	0	2	0	0	7	0	0	0	2	0	2	0	0	0	0	2	1	1	0	1	2	0	0	0	0	0	1	1	0	2	0	0	57	4	0	2	0	0	0	0	0	17	4	0	0	0	1	1	1	0	0	0	1	0	0	0	2	0	0	0	0	0	1	0	0	0	0	0	5	0	1	0	0	0	0	0	0	0	4	3	0	0	3	0	0	0	0	11	0	0	1	0	2	3	0	0	0	0	5	2	3	2	0	0	2	0	0	5	0	0	3	0	0	0	0	11	0	0	2	11	0	0	0	0	2	71	0	0	0	15	0	1	0	0	11	2	1	0	0	0	0	0	0	0	0	1	0	2	5	0	0	0	8	0	31	0	35	1	0	10	0	3	0	1	9	1	0	1	20	6	0	0	0	0	0	0	0	0	0	0	2	0	0	1	6	1	14	2	0	5	0	0	2	2	16	0	1	57	0	0	2	8	0	33	0	1	0	1	0	0	7	0	0	37	0	0	0	0	0	0	0	0	0	5	0	10	0	8	0	0	1	3	0	4	11	0	2	0	44	0	7	3	2	0	0	0	0	3	1	0	0	0	0	0	0	7	0	9	3	0	3	0	0	8	0	0	0	0	0	1	1	0	0	0	0	0	0	1	5	0	0	0	0	0
5	0	6	0	0	0	57	0	1	0	1	1	2	0	4	0	0	0	13	0	1	0	0	0	0	1	0	0	0	0	1	0	0	0	0	0	4	0	0	1	0	0	34	3	2	0	0	0	0	0	0	20	2	0	2	0	0	2	7	1	0	0	0	2	0	1	1	2	0	0	0	1	4	0	2	0	0	0	5	0	0	0	0	0	0	0	0	0	1	1	0	0	1	0	0	0	0	5	0	1	0	1	0	1	0	0	0	0	2	19	6	0	0	0	0	0	0	1	0	0	6	1	0	0	0	6	5	0	1	50	0	0	0	0	1	7	0	0	0	4	0	0	0	0	8	1	1	0	0	0	0	1	0	0	0	6	0	1	2	0	1	2	1	0	20	1	75	1	0	1	0	2	0	0	1	0	1	0	16	1	1	0	0	0	0	0	0	0	0	0	4	0	0	0	6	1	7	0	0	14	5	0	2	2	23	0	0	40	0	0	0	11	0	92	0	0	1	0	0	0	3	0	4	33	0	1	0	0	0	0	0	0	0	6	0	0	0	4	0	0	1	2	0	1	1	0	3	0	44	0	17	1	0	0	0	0	0	0	1	0	0	0	0	0	0	16	0	13	1	0	0	0	0	6	0	0	0	0	0	2	0	0	0	0	0	0	0	0	0	0	0	0	0	10
2	0	7	0	0	0	101	0	10	0	3	3	1	0	10	2	0	0	6	0	0	1	0	0	0	2	0	0	0	0	2	0	1	3	0	1	2	1	1	0	0	0	87	1	5	1	0	0	0	0	0	29	6	0	1	0	0	0	6	0	0	2	1	5	0	1	1	0	25	0	1	0	1	0	1	0	0	0	6	0	0	0	5	0	0	3	0	111	0	0	0	0	1	0	0	11	0	15	0	0	0	0	0	0	0	0	0	0	24	2	13	3	0	0	1	0	1	0	0	0	6	1	0	0	0	10	3	0	0	26	0	0	0	0	8	103	0	0	0	22	0	0	3	0	5	1	0	0	3	0	0	2	0	0	0	0	0	0	6	0	0	0	0	1	49	2	52	0	1	0	0	8	0	0	1	1	0	0	19	1	0	2	0	0	0	7	0	0	0	0	4	0	0	1	13	0	8	2	0	4	5	0	1	0	25	2	0	64	0	0	0	8	0	42	2	1	0	1	1	0	1	0	1	43	0	1	0	0	0	0	0	0	0	15	0	2	0	1	0	0	0	7	0	10	0	20	2	1	78	0	5	8	1	0	0	0	0	9	0	0	0	0	0	0	0	23	0	35	1	0	0	3	0	13	0	0	0	0	0	1	0	0	0	0	0	0	0	1	2	0	0	0	0	4
0	0	4	0	1	0	163	0	3	0	10	0	1	1	3	0	0	0	11	0	0	2	0	0	0	4	4	0	0	2	2	0	2	0	0	0	2	0	1	1	0	0	71	4	2	0	0	0	0	1	0	31	2	0	1	0	0	2	8	1	0	1	0	4	0	0	2	1	0	0	0	0	0	0	1	0	0	0	3	1	0	0	1	0	0	0	0	0	0	3	1	0	3	0	0	2	0	2	0	2	1	0	0	1	0	0	0	1	2	3	5	1	0	0	0	1	0	0	0	0	4	1	0	0	0	6	2	0	1	26	0	0	0	0	3	27	0	0	0	11	0	0	3	0	5	1	0	0	0	0	0	9	0	0	2	3	0	6	6	1	0	2	1	0	46	3	64	4	0	5	0	3	0	2	0	0	0	0	16	3	0	0	0	0	0	0	0	0	0	1	7	0	0	0	7	2	7	2	0	9	1	0	6	0	7	0	0	51	0	0	1	9	0	50	0	0	2	0	0	0	13	0	2	89	0	1	0	0	0	0	0	0	0	12	0	4	0	4	0	0	1	12	0	1	1	0	5	1	40	0	6	1	1	0	0	0	0	3	6	0	0	0	0	0	0	34	0	19	3	2	0	0	0	10	1	0	0	0	0	2	1	0	0	0	0	0	0	0	1	0	0	0	0	10
2	0	0	0	0	0	269	0	1	0	3	2	0	0	1	0	0	0	0	0	0	0	0	0	0	0	3	1	0	0	0	0	0	0	0	0	1	0	0	0	0	0	69	1	0	1	0	0	0	0	0	17	0	0	0	0	0	0	25	0	0	0	0	0	0	2	0	0	0	0	0	1	0	0	0	0	0	0	2	0	2	0	1	0	0	0	0	0	2	0	0	0	1	0	0	0	0	3	0	0	0	0	0	7	0	0	0	0	1	2	2	0	0	0	1	0	1	3	0	0	0	0	0	0	0	5	0	0	0	4	2	0	0	0	0	7	0	0	0	1	0	0	1	0	1	0	0	0	0	0	0	1	0	0	1	2	0	0	3	1	0	0	1	0	50	1	213	0	0	8	0	1	0	0	1	1	1	0	8	5	0	0	0	0	0	0	0	0	0	0	0	0	0	0	3	1	1	10	0	1	0	0	0	0	10	0	0	22	0	0	0	6	0	17	0	1	0	1	0	0	3	0	0	100	0	0	0	0	0	0	0	0	0	5	0	5	0	0	0	0	0	19	0	1	4	0	11	0	14	0	4	4	2	0	0	0	0	4	0	0	0	0	0	0	0	26	0	5	3	0	1	0	0	4	0	0	0	0	0	0	1	0	18	1	0	0	0	1	3	0	0	0	0	2
2	0	3	0	0	0	159	0	1	0	7	2	0	0	6	0	0	0	4	0	1	0	0	0	0	0	1	0	0	0	0	0	0	0	0	0	1	0	0	0	0	0	43	0	1	3	0	0	0	0	0	27	1	0	0	0	0	1	19	0	0	0	0	0	0	0	0	0	0	0	0	1	0	0	1	0	0	0	3	0	0	0	0	0	0	0	0	0	1	0	0	0	1	0	0	0	0	8	0	0	0	0	0	2	0	0	0	0	0	5	2	0	0	0	4	0	1	0	0	0	1	2	0	0	0	3	1	0	1	22	1	0	0	0	0	2	0	0	0	1	0	0	2	0	5	0	0	0	0	0	0	4	0	0	1	2	0	2	1	0	1	0	6	0	44	3	153	0	1	2	0	0	0	0	5	1	0	0	12	3	1	0	0	0	0	0	0	0	0	0	1	0	0	0	3	0	4	6	0	5	0	0	0	0	7	0	1	15	0	0	1	4	0	33	0	0	1	1	0	0	2	0	0	62	0	1	0	0	0	0	0	0	0	12	0	3	0	4	0	0	0	11	0	1	0	0	5	1	19	0	6	1	0	0	0	0	0	3	0	0	0	0	0	0	0	23	0	7	1	0	0	0	0	2	0	0	0	0	0	0	0	0	0	0	0	0	0	0	1	0	0	0	0	6
2	0	2	0	0	0	135	0	4	0	1	5	0	0	2	0	0	0	7	0	0	0	2	0	0	2	0	0	0	0	0	0	0	0	0	0	2	2	0	0	0	0	50	1	1	0	0	0	0	0	0	37	2	0	3	0	0	0	11	0	0	0	0	3	0	0	1	0	0	0	2	0	3	0	1	0	0	0	8	0	0	0	0	0	0	0	0	0	0	0	0	1	0	0	0	0	0	7	0	0	0	1	0	1	0	0	0	0	6	6	5	0	0	0	0	0	2	1	0	0	5	1	0	0	0	3	2	0	0	18	0	0	0	0	1	29	0	0	0	5	0	0	0	0	4	2	0	0	0	0	0	4	0	0	0	1	0	0	1	0	0	0	0	1	59	0	132	0	1	1	0	4	0	0	0	0	0	0	7	2	2	0	0	0	0	0	0	0	0	0	0	0	0	1	5	1	5	1	0	5	6	0	1	1	19	0	0	58	0	0	0	3	0	57	0	0	0	0	1	0	2	0	1	48	0	1	0	0	0	0	0	0	2	12	0	4	0	1	0	0	0	2	0	0	3	0	14	0	36	0	7	1	1	0	0	0	0	2	0	0	0	0	0	0	0	20	0	13	6	0	0	0	0	8	0	0	0	0	0	1	0	0	0	0	0	0	0	0	2	0	0	0	0	8
0	0	1	0	0	0	178	1	5	0	2	0	0	0	3	1	0	0	1	0	0	0	2	0	0	2	2	0	0	0	1	0	1	0	0	0	0	0	1	2	0	0	79	1	0	0	0	1	0	1	1	17	1	0	0	1	1	0	33	0	0	0	1	0	0	0	0	0	0	0	0	0	0	0	0	0	4	0	2	1	0	0	1	0	0	1	0	0	2	3	0	2	2	0	0	0	0	5	0	0	0	0	2	1	0	0	0	0	1	2	5	0	0	0	0	0	0	0	0	0	0	0	0	1	0	6	0	0	2	7	0	0	0	0	1	72	0	0	0	8	0	0	2	0	12	0	1	0	0	0	0	9	0	0	0	1	0	1	2	0	0	0	2	0	46	1	201	1	1	1	0	6	0	1	0	0	0	0	14	1	6	0	0	0	1	0	0	0	0	0	2	0	0	0	5	0	6	1	0	3	0	0	1	0	8	0	0	85	0	1	0	3	0	18	0	0	0	0	0	0	11	0	0	61	0	0	0	0	0	0	0	0	0	7	0	6	0	2	0	0	0	6	0	1	4	0	20	0	36	0	3	2	1	0	0	0	0	3	2	0	0	0	0	0	0	21	0	6	5	0	0	0	0	6	0	0	0	0	0	0	0	0	0	0	0	0	0	0	1	0	1	0	0	6
3	0	11	0	0	0	83	1	1	0	0	2	8	1	11	0	0	0	15	0	4	0	1	0	0	1	0	0	0	1	2	0	0	0	0	0	2	0	1	1	0	0	26	1	3	0	0	2	0	0	0	17	2	0	0	2	4	2	18	4	0	2	0	0	0	1	0	5	0	0	0	0	1	0	7	0	4	0	7	0	0	0	0	0	0	0	0	0	4	1	0	1	1	0	0	6	0	10	0	2	0	7	0	2	0	0	0	0	0	19	2	0	0	0	1	0	0	1	0	0	10	3	0	1	0	7	13	0	1	103	0	0	0	1	4	4	0	0	0	3	0	1	0	0	8	0	0	0	2	0	0	0	0	0	0	5	0	5	3	0	3	7	2	0	29	0	158	0	0	5	0	2	0	1	2	0	0	0	29	5	2	0	0	0	1	0	0	0	0	0	6	0	0	0	6	0	7	1	0	21	10	0	3	0	28	0	2	41	0	0	1	14	0	97	0	0	1	0	0	0	0	0	11	47	0	1	0	0	0	0	0	0	0	11	0	3	0	5	0	0	1	2	0	3	10	0	9	0	47	0	22	1	0	0	0	0	0	1	0	0	0	0	0	0	0	17	0	7	3	1	0	0	0	5	0	0	0	0	1	2	0	0	0	0	0	0	0	0	5	0	0	0	0	14
4	0	1	0	0	0	27	0	7	0	0	5	0	1	5	1	0	0	2	0	0	1	0	0	0	1	0	0	0	1	0	0	1	0	0	0	0	1	1	3	0	0	80	2	0	1	0	0	0	1	0	2	7	0	2	1	0	1	23	0	0	0	1	2	0	2	2	1	0	0	0	2	2	0	0	1	0	0	3	0	0	0	0	0	0	0	0	0	0	4	0	0	6	0	0	0	0	17	0	1	1	0	1	0	0	1	0	0	13	7	12	1	0	0	2	0	1	0	0	0	4	0	1	0	0	4	1	0	3	15	0	0	1	0	4	115	0	0	0	26	0	1	0	0	22	0	1	0	0	0	0	1	0	0	0	3	0	5	2	0	0	1	6	1	5	0	100	3	0	0	0	12	1	1	6	0	0	0	43	0	3	0	0	0	0	0	0	0	0	1	3	0	1	1	6	1	9	0	0	6	2	0	4	3	22	0	1	163	0	0	3	4	0	34	0	0	0	0	0	0	10	0	0	5	0	0	0	0	0	0	0	0	0	0	0	0	0	4	0	0	1	0	0	3	0	0	7	0	76	0	12	3	0	0	0	0	0	0	3	0	0	0	0	0	0	5	0	23	1	0	0	0	0	10	0	0	0	0	0	1	0	0	0	0	0	0	0	0	0	0	0	0	0	4
1	0	1	0	0	0	158	0	3	0	7	0	3	0	2	0	0	0	3	0	2	1	1	0	0	8	3	0	0	0	0	0	1	0	0	0	0	0	0	2	0	0	57	0	0	0	0	0	0	2	2	42	2	0	0	0	0	1	4	2	0	0	0	2	0	0	0	2	0	0	0	0	0	0	3	0	0	0	1	0	0	0	0	0	0	0	0	0	0	2	0	0	3	0	0	2	0	8	0	3	0	0	0	2	0	0	0	0	0	1	3	0	0	0	0	2	2	0	0	0	2	2	0	0	0	1	4	0	1	21	0	0	0	0	2	58	0	0	0	8	0	1	1	0	5	0	0	0	0	0	0	20	0	0	1	0	0	3	0	0	2	3	4	0	37	2	31	2	1	4	0	0	0	2	2	0	0	0	11	6	0	0	3	0	0	0	0	0	0	0	1	0	0	0	4	0	2	3	0	2	2	0	3	0	5	0	2	21	0	0	1	0	0	17	0	0	1	0	0	0	19	0	1	61	0	2	0	0	0	0	0	0	0	17	1	11	0	3	0	0	0	11	0	0	3	0	3	2	21	0	1	1	0	0	0	0	0	2	4	0	0	0	0	0	0	21	0	12	7	0	0	0	0	4	0	0	0	0	0	0	0	0	0	1	0	0	0	0	8	0	2	0	0	1
6	0	3	0	0	0	91	0	2	0	2	3	0	1	3	0	0	0	9	0	2	0	0	0	0	2	2	1	0	2	1	0	1	0	0	0	2	0	0	1	0	0	46	3	1	4	0	0	0	1	0	41	2	0	0	0	1	1	5	1	0	0	0	1	0	0	1	1	0	0	0	1	1	0	0	0	0	0	5	0	0	0	0	0	0	0	0	0	2	2	1	0	3	0	0	0	0	8	0	1	1	0	0	2	0	0	0	0	0	6	2	0	0	0	3	0	2	3	0	0	4	2	0	0	0	5	1	0	0	25	0	0	0	0	0	2	0	0	0	3	0	3	0	0	3	1	0	0	0	0	0	5	0	0	1	4	0	4	2	0	2	1	5	0	41	1	66	3	0	7	0	0	0	0	8	2	0	0	16	4	0	0	0	0	0	0	0	0	0	1	2	0	0	1	6	1	7	2	0	9	1	0	3	0	10	0	2	22	0	0	5	9	0	55	0	0	1	3	0	0	6	0	1	40	0	0	0	0	0	0	0	0	0	7	0	2	0	5	0	0	1	3	0	1	2	0	2	1	24	0	11	0	0	0	0	0	0	0	3	0	0	0	0	0	0	24	0	14	2	1	0	0	0	6	0	0	0	0	0	1	1	0	0	0	0	0	0	0	2	0	0	0	0	8
5	0	10	0	0	0	53	0	3	0	1	0	2	0	6	1	0	0	6	0	0	1	0	0	0	2	0	0	0	0	3	0	0	1	0	0	4	0	0	0	0	1	39	0	3	0	0	0	0	0	0	15	2	0	0	0	0	1	5	0	0	2	2	0	0	4	0	0	0	0	0	3	3	0	4	0	0	0	1	0	0	0	1	0	0	1	0	0	0	0	0	0	0	0	0	9	0	7	0	1	0	1	1	2	0	0	0	0	1	20	6	0	0	0	0	0	2	1	0	0	1	0	0	0	0	8	6	0	0	57	0	0	0	0	1	45	0	0	0	2	0	0	1	0	4	0	0	0	2	0	0	3	0	0	0	4	0	0	3	0	0	0	0	0	12	0	33	0	0	0	0	0	0	0	0	0	4	0	7	1	1	1	0	0	0	1	0	0	0	0	4	0	0	0	13	0	4	0	0	6	3	0	0	1	33	1	0	9	1	0	0	13	0	59	0	1	2	0	0	0	4	0	4	28	0	0	0	0	0	0	0	0	0	11	0	3	0	1	0	0	0	4	0	3	1	1	1	0	33	0	11	5	0	0	0	0	0	2	0	0	0	0	1	0	0	11	0	9	2	0	2	0	0	0	0	0	0	0	0	0	0	0	0	0	0	0	0	0	3	0	0	0	0	1
1	0	14	0	1	0	185	0	4	0	2	0	1	0	8	0	0	0	7	0	1	0	1	0	0	3	2	0	0	0	4	0	0	0	0	0	2	0	0	0	0	0	56	2	3	0	0	0	0	0	0	29	0	0	0	0	0	1	7	0	0	1	0	0	0	0	0	0	0	0	0	0	0	0	4	0	0	0	5	0	1	0	0	0	0	0	0	0	2	0	0	1	0	0	0	5	0	6	0	0	0	0	1	5	0	0	0	0	0	4	2	0	0	0	0	0	0	1	0	0	3	1	0	0	0	10	4	0	0	32	0	0	0	0	1	26	0	0	0	2	0	0	1	0	3	1	0	0	1	0	0	3	0	0	0	1	0	0	6	0	0	0	1	0	60	0	80	0	0	7	0	0	0	0	1	0	0	0	5	9	0	0	0	0	0	0	0	0	0	0	4	0	0	0	11	0	9	5	0	7	2	0	1	0	12	0	0	12	0	0	0	12	0	50	0	1	2	0	0	0	5	0	3	100	0	0	0	0	0	0	0	0	0	17	0	13	0	4	0	0	0	10	0	3	10	0	5	1	24	0	4	1	2	0	0	0	0	5	0	0	0	0	0	0	0	28	0	8	6	0	1	0	0	4	0	0	0	0	1	0	0	0	0	1	0	0	0	1	7	0	0	0	0	5
3	0	1	0	0	0	67	0	2	0	1	0	0	1	1	0	0	0	9	0	1	0	1	0	1	1	2	0	0	3	1	0	1	0	0	1	4	0	2	1	0	0	33	4	1	0	0	0	0	0	0	80	8	0	1	1	2	1	0	0	0	0	0	3	1	1	2	2	0	0	1	1	3	0	0	0	0	0	4	0	0	0	0	0	0	0	0	0	3	2	0	0	3	0	0	1	0	2	0	0	2	0	0	5	0	0	0	0	8	10	7	2	0	1	0	0	1	5	0	0	2	1	0	0	0	9	0	0	2	24	0	0	0	0	2	11	0	0	0	15	0	0	1	0	9	0	1	0	0	0	0	4	0	0	0	6	0	3	1	0	0	1	0	0	51	1	18	2	1	5	0	5	0	0	1	0	1	0	28	13	0	0	0	1	0	0	0	0	0	1	3	0	0	0	2	2	6	2	0	8	0	0	3	1	18	0	0	63	0	0	1	7	0	59	0	1	0	0	0	0	3	0	0	61	0	0	0	0	0	0	0	0	0	10	0	14	0	4	0	0	1	7	0	1	10	0	0	4	60	0	12	6	0	0	0	0	0	4	2	0	0	0	0	0	0	24	0	16	0	3	3	0	0	11	0	0	0	0	0	2	1	1	0	1	0	0	0	0	7	0	0	0	0	6
2	0	3	0	0	0	93	0	3	0	0	2	6	0	5	1	0	0	5	0	2	4	0	0	0	4	1	0	0	0	1	0	4	1	0	0	0	1	1	0	8	0	77	0	1	0	0	0	0	0	0	10	4	0	3	1	1	1	15	1	0	2	0	7	0	1	1	2	0	0	1	0	3	0	2	0	0	0	8	1	1	0	5	0	0	1	0	0	1	0	1	1	3	0	0	9	0	12	0	1	0	2	0	2	0	0	0	0	21	8	16	3	0	0	0	1	0	2	0	0	9	1	0	0	0	6	7	0	0	52	0	0	0	0	11	62	0	0	0	22	0	0	0	0	7	0	0	0	3	0	0	0	0	0	2	2	0	1	2	2	1	2	0	0	12	0	91	2	0	6	0	14	0	0	0	0	0	0	37	2	0	1	0	0	0	3	0	0	0	0	5	0	0	0	7	1	2	0	0	6	12	0	7	0	35	1	1	103	0	0	0	7	0	48	0	2	1	0	1	0	8	0	3	40	0	0	0	0	0	0	0	0	1	2	0	0	0	1	0	0	0	5	0	5	7	0	5	0	77	0	11	5	1	0	0	0	0	1	2	0	0	0	0	0	0	27	0	38	1	0	0	1	0	16	0	0	0	0	0	2	2	0	0	1	0	0	0	2	2	0	0	0	0	6
0	0	0	0	0	0	176	0	2	0	2	6	2	0	5	0	0	0	2	0	2	0	1	0	0	1	2	1	0	0	0	0	1	0	0	0	0	0	1	1	0	0	43	0	0	1	0	0	0	0	0	36	6	0	1	1	1	0	14	1	0	0	1	3	0	0	0	2	0	0	0	0	0	0	2	0	0	0	6	0	1	0	0	0	0	0	0	0	2	0	0	0	3	0	0	2	0	13	0	0	0	1	2	3	0	0	0	0	2	2	6	1	0	0	3	0	0	1	0	0	4	2	0	0	0	2	3	0	3	22	0	0	0	0	5	15	0	0	0	13	0	1	2	0	15	0	2	0	0	0	0	1	0	0	0	0	0	5	0	0	2	3	8	0	52	1	147	1	1	4	0	7	0	0	5	0	0	1	29	7	2	0	0	0	0	0	0	0	0	0	1	0	0	0	0	0	3	6	0	3	3	0	1	1	8	0	1	75	0	0	3	0	0	21	0	1	0	0	0	0	2	0	0	71	0	1	0	0	0	0	1	0	0	13	0	10	0	5	0	0	0	12	0	1	8	0	7	1	46	0	3	2	1	0	0	0	0	5	1	0	0	0	0	0	0	23	0	12	2	0	1	0	0	10	0	0	0	0	0	0	0	0	0	0	0	0	0	1	6	0	0	0	0	4
0	0	1	0	0	0	261	0	0	0	7	0	0	0	1	0	0	0	1	0	0	1	0	0	0	1	3	0	0	0	0	0	0	0	0	0	0	1	0	0	0	0	53	0	0	0	0	0	0	0	0	20	1	0	5	0	0	0	8	0	0	0	0	3	0	0	0	0	0	0	1	2	2	0	1	0	0	0	6	0	3	0	0	0	0	0	0	0	1	0	0	1	0	0	0	0	0	1	0	0	0	0	2	9	1	2	0	0	6	4	9	0	0	0	0	0	0	2	0	0	1	0	1	0	0	2	3	0	0	7	1	0	0	0	0	14	0	0	0	3	0	0	2	0	5	0	0	0	0	0	0	2	0	0	5	1	0	0	0	1	0	0	0	1	33	1	104	0	0	5	0	2	0	0	0	0	0	1	2	7	1	0	0	0	0	0	0	0	0	0	0	0	0	0	0	0	1	7	0	0	2	0	0	4	9	0	0	20	0	1	0	1	0	25	0	0	1	0	0	0	11	0	0	122	0	0	0	0	0	0	0	0	0	6	0	8	0	2	0	0	0	23	0	0	9	0	7	1	16	0	1	1	4	0	0	0	0	3	0	0	0	0	0	0	0	29	0	10	4	0	3	0	0	6	0	0	0	0	0	0	3	0	0	2	0	0	0	0	4	0	0	0	0	1
2	0	6	0	0	0	4	2	21	0	1	11	0	0	1	0	0	0	0	0	2	1	0	0	2	0	0	0	0	0	0	0	0	0	0	0	0	1	1	0	12	0	48	0	0	1	0	0	0	4	0	1	7	0	0	0	0	0	9	0	0	0	1	1	0	1	1	0	2	0	0	5	2	0	3	0	0	7	0	0	0	8	4	0	0	0	0	0	0	4	0	0	7	0	0	0	0	9	0	0	0	10	0	0	0	15	0	0	14	4	28	0	0	1	7	4	0	0	0	0	0	0	0	0	0	2	0	0	0	10	1	0	0	0	0	34	0	0	0	12	0	0	0	0	22	0	0	0	0	0	0	4	0	0	0	0	1	12	1	0	0	0	36	0	1	0	16	1	1	1	0	8	0	0	5	0	1	0	67	0	20	0	5	0	0	1	0	0	0	0	0	2	0	0	1	1	2	0	0	0	1	0	3	3	9	0	1	230	0	0	0	1	1	11	3	0	0	0	0	0	27	0	0	1	0	0	1	0	0	0	0	0	0	0	0	0	0	0	0	0	0	1	0	1	1	0	1	0	173	1	3	1	0	0	1	2	0	0	0	0	0	0	0	0	0	0	0	27	1	0	0	0	0	32	1	0	0	0	0	0	0	0	0	0	0	0	0	0	0	0	0	2	0	1
2	0	10	0	0	0	116	3	7	0	5	11	0	0	7	0	0	0	0	1	1	0	0	0	2	1	2	1	0	0	0	0	0	0	0	0	0	0	2	0	2	0	170	0	0	0	0	0	0	0	0	6	14	4	1	0	0	2	28	0	0	0	0	0	0	1	0	0	1	0	1	4	2	0	2	0	0	0	1	0	0	3	0	0	0	1	0	0	0	9	0	0	4	0	0	0	0	12	0	0	0	2	0	1	2	0	0	0	1	5	2	0	0	2	17	2	1	0	0	0	0	0	0	0	1	3	0	0	1	9	2	0	0	1	0	3	0	0	0	10	0	0	0	0	20	2	0	0	0	0	0	2	0	0	2	0	1	6	0	0	0	1	25	0	53	2	91	1	1	4	0	9	0	1	4	2	1	0	26	3	16	0	1	0	0	0	0	0	2	1	0	1	1	0	2	0	2	0	0	0	2	0	1	4	13	0	1	152	0	0	0	3	0	17	1	1	0	0	0	0	4	0	0	67	0	0	7	0	0	0	0	0	1	14	2	3	0	2	0	0	0	3	0	1	1	0	7	2	70	2	0	0	0	0	1	3	1	0	0	0	2	0	0	0	0	20	0	20	3	0	0	0	0	25	3	0	0	0	0	0	0	0	7	1	0	0	0	0	1	0	0	0	0	6
0	0	4	0	0	0	9	3	14	0	2	10	0	0	6	1	0	0	1	1	1	4	1	1	0	0	2	0	0	0	0	0	1	0	0	0	0	0	1	0	4	1	90	0	0	1	0	0	0	1	0	3	6	1	0	0	0	1	10	0	0	0	0	1	0	0	1	0	3	0	2	5	0	0	2	0	5	1	1	0	0	6	2	0	0	0	0	0	0	11	0	0	13	0	0	0	0	4	0	0	0	4	0	0	1	0	0	0	3	5	9	0	0	1	16	1	0	0	0	0	2	0	0	0	0	9	0	0	1	16	0	0	0	1	0	22	0	0	0	10	0	1	0	0	30	0	0	0	0	0	1	13	0	0	0	0	0	28	3	0	0	1	71	0	6	1	48	3	0	0	4	9	0	0	9	0	1	0	55	3	23	1	2	1	0	0	0	0	0	1	0	1	1	1	6	2	1	0	0	0	1	0	3	3	22	0	1	210	0	0	0	5	0	28	2	0	0	0	0	0	13	0	2	9	1	1	4	0	0	0	0	0	1	0	1	0	0	3	0	0	0	0	0	6	2	0	2	2	109	1	2	1	0	0	0	0	0	0	0	0	0	0	0	0	0	4	0	12	8	0	0	0	0	35	0	0	0	0	0	0	0	0	0	0	0	0	0	0	0	0	0	0	0	9
4	2	8	0	0	0	27	2	13	0	0	4	0	0	1	0	0	0	2	0	0	1	1	1	2	0	0	1	0	0	1	0	1	0	0	0	0	1	0	0	5	1	72	0	0	2	0	0	0	1	1	5	4	0	0	0	0	0	7	0	0	0	0	4	0	4	6	0	2	0	0	2	5	0	0	0	3	0	0	0	0	6	6	2	0	1	0	0	0	4	0	0	9	2	0	0	0	9	0	0	0	4	0	0	0	0	0	0	16	4	25	0	0	1	2	3	0	0	0	0	0	0	0	0	0	0	2	0	0	17	3	0	0	0	2	27	0	1	0	27	0	1	0	0	17	1	1	0	0	0	0	7	0	0	0	0	2	38	1	1	0	1	22	0	14	0	29	1	1	2	0	15	0	0	4	0	2	0	42	0	4	0	6	1	0	0	0	0	0	1	0	4	0	0	0	2	0	0	0	0	0	0	5	5	6	0	1	119	0	0	0	0	1	13	1	1	0	0	1	0	2	0	0	12	0	0	0	0	2	0	0	0	0	1	0	0	0	2	0	0	0	3	0	0	2	0	0	1	120	4	1	3	0	0	1	3	0	1	0	0	2	2	0	1	0	4	0	39	8	0	0	0	0	30	0	0	0	0	1	0	1	1	0	0	1	0	0	0	0	0	0	0	0	1
0	1	6	0	0	0	20	2	14	0	5	9	0	0	7	1	0	0	1	2	1	4	0	0	0	0	4	0	0	0	0	0	1	0	0	0	0	0	2	0	4	0	143	0	0	1	0	0	0	0	0	7	10	2	0	0	0	1	12	0	0	0	0	0	0	0	0	0	3	0	3	10	0	0	3	0	3	1	1	0	0	3	1	0	0	0	0	0	0	12	0	0	13	0	0	0	0	5	0	0	0	4	0	0	1	1	0	0	0	4	11	0	0	1	18	1	2	0	0	0	3	0	0	0	0	10	0	0	1	13	0	0	1	1	0	2	0	0	0	6	1	0	1	0	35	0	1	0	0	0	1	17	0	0	0	0	0	19	5	1	0	2	86	0	14	1	65	2	0	0	3	6	0	0	4	1	1	0	41	4	32	0	2	1	0	0	0	0	4	2	1	1	0	0	7	0	2	0	0	1	2	0	1	1	21	0	1	224	0	0	0	2	1	23	2	0	0	0	0	0	20	0	3	17	3	0	4	0	0	0	0	0	1	2	0	2	0	6	0	0	0	1	0	4	1	0	3	7	79	1	0	0	0	0	0	0	0	0	0	0	0	0	0	0	0	5	0	14	11	0	0	0	0	34	0	0	0	0	0	0	0	0	3	1	0	0	0	0	0	0	0	0	0	9
4	0	6	0	0	0	46	0	11	0	0	13	0	0	0	0	1	0	0	0	4	0	0	1	2	3	0	2	0	1	0	0	0	0	0	0	0	0	0	7	4	1	52	0	0	1	0	0	0	0	0	0	2	0	1	0	0	0	13	0	0	0	1	1	0	2	1	0	3	0	0	0	3	0	2	0	0	4	0	0	0	4	1	0	0	0	0	0	0	3	0	0	7	0	0	0	0	8	0	0	1	3	0	1	0	1	0	0	4	2	13	0	0	1	0	7	0	0	0	0	2	0	0	0	1	1	0	0	0	5	3	0	0	0	1	31	1	0	0	10	0	0	0	0	12	0	0	0	0	0	0	0	0	0	0	0	0	3	0	0	0	0	3	0	16	0	33	2	0	4	0	3	0	2	1	0	0	0	42	0	6	7	0	0	0	0	0	0	0	1	0	2	0	2	0	1	0	0	0	0	0	0	0	4	2	0	0	235	0	0	0	7	1	9	1	2	0	0	0	0	9	0	0	32	0	1	0	0	0	0	0	0	3	1	0	0	0	0	0	0	0	0	0	0	0	0	0	0	107	3	0	0	0	0	1	5	0	0	0	0	1	0	0	0	0	15	0	23	1	0	0	0	0	25	3	0	0	0	0	0	0	0	0	0	0	0	0	0	0	2	0	1	0	0
2	0	8	0	0	0	26	2	11	0	1	12	0	0	2	0	0	0	0	0	1	3	1	0	1	0	1	0	0	0	0	0	0	0	0	0	0	0	0	1	4	1	84	0	0	0	0	0	0	1	0	0	3	0	0	0	0	0	11	1	0	0	1	0	0	1	0	0	0	0	0	2	1	0	0	0	1	2	0	0	0	4	1	0	0	1	0	0	0	1	0	0	14	0	0	0	0	5	0	0	0	4	0	0	0	1	0	0	4	2	10	0	0	0	0	3	0	0	0	0	1	0	0	0	0	0	0	0	0	5	2	0	0	0	0	29	0	0	0	14	0	0	0	0	12	1	0	0	0	0	0	11	0	0	1	0	2	1	1	0	0	0	20	0	16	0	25	0	0	1	1	9	0	0	4	0	3	0	38	0	14	1	5	1	0	0	0	0	0	1	0	4	0	1	0	3	0	0	1	0	0	0	2	5	4	0	0	274	0	0	0	3	0	10	0	0	0	0	0	0	12	0	0	16	0	0	0	0	0	0	0	0	0	2	0	1	0	0	1	0	0	3	0	0	1	0	0	1	118	1	0	0	0	0	0	3	0	0	0	0	0	0	0	0	0	9	0	17	3	0	0	0	0	22	1	0	0	0	2	0	1	1	0	0	0	0	0	0	2	1	0	1	1	1
0	1	1	0	0	0	119	0	13	0	4	1	0	0	1	1	0	0	0	0	1	2	0	0	0	0	0	0	0	0	0	0	0	0	0	1	0	0	0	0	6	0	126	0	0	0	0	0	1	3	0	4	2	0	0	0	0	0	5	0	0	0	1	0	0	0	0	0	0	0	0	6	0	1	0	0	1	5	0	0	0	0	2	0	0	0	0	0	0	0	2	0	7	0	0	0	0	0	0	0	0	4	0	0	0	5	0	0	3	2	23	0	0	0	0	3	0	0	0	0	0	0	0	0	0	0	0	0	0	3	0	0	1	0	0	8	0	0	0	12	0	0	0	0	12	4	0	0	0	0	0	14	0	0	2	0	0	0	1	0	0	2	26	0	39	0	51	0	1	0	2	2	0	1	1	0	0	0	13	0	16	0	5	0	0	0	0	0	0	0	0	0	0	0	0	2	2	0	0	2	0	0	1	1	2	0	0	183	0	0	0	0	0	3	1	1	0	0	0	0	19	0	0	59	0	0	0	0	0	0	0	0	2	14	0	2	0	1	1	0	0	14	0	0	0	0	2	2	66	1	0	1	0	0	0	0	0	0	12	0	0	1	0	0	0	18	0	26	4	0	0	0	0	26	0	0	0	0	0	0	0	2	2	0	0	0	0	0	1	0	0	2	0	1
1	1	1	0	0	1	33	0	19	0	0	1	0	0	0	0	1	0	5	0	1	4	0	0	0	2	0	0	0	0	0	0	2	0	0	0	0	1	0	2	6	0	93	0	0	3	0	0	0	3	2	6	1	0	0	1	0	0	3	1	0	0	0	4	0	0	1	0	2	0	0	1	0	0	0	0	0	0	0	0	0	2	9	1	0	0	0	0	0	0	0	0	6	0	0	1	0	0	0	0	0	1	0	0	0	0	0	0	7	6	23	0	0	0	0	2	0	0	0	0	4	0	0	0	0	0	0	0	0	7	0	0	1	0	2	54	0	0	0	22	2	3	0	0	13	2	1	0	0	0	0	4	0	0	1	0	0	27	2	2	0	3	16	0	23	0	38	1	0	0	0	2	0	0	1	0	0	0	29	0	4	0	1	0	0	0	0	0	0	0	0	0	0	1	0	2	0	0	0	0	0	0	2	3	3	0	0	169	0	0	0	0	0	8	3	0	0	0	2	0	14	0	2	28	0	0	0	0	0	0	0	0	2	4	0	0	1	3	0	0	0	2	0	0	0	0	0	0	84	1	1	0	0	0	0	0	0	0	0	0	0	2	0	0	0	12	0	15	8	0	0	0	0	29	0	0	0	0	1	1	0	0	0	0	1	0	0	0	1	2	0	0	0	0
1	0	1	0	0	0	21	1	23	0	1	3	0	0	1	0	0	0	2	0	4	1	1	0	0	1	1	0	0	0	0	0	1	0	0	0	0	2	0	0	11	0	93	0	2	2	0	0	0	4	0	5	4	2	0	0	0	2	8	0	0	0	1	7	0	0	1	0	1	0	0	2	1	0	3	0	0	0	0	0	0	6	11	2	0	0	0	0	0	2	0	0	0	0	0	0	0	2	0	0	0	2	0	0	0	3	0	0	17	13	9	0	0	0	18	0	0	0	0	0	1	4	0	0	0	1	1	0	0	11	0	0	1	0	3	87	0	0	0	20	1	0	1	0	21	2	0	0	0	0	0	0	0	0	1	0	0	54	1	2	0	0	32	0	13	0	52	4	0	0	0	4	0	0	5	0	0	0	43	2	9	0	0	0	0	0	0	0	1	0	1	0	2	0	2	0	2	0	0	0	0	0	8	4	12	0	1	127	0	0	0	2	0	15	8	0	0	0	1	0	19	0	0	15	1	0	1	0	0	0	0	0	2	3	0	2	0	2	0	0	0	0	0	2	1	0	5	0	117	0	7	2	0	0	0	0	0	0	0	0	0	4	0	0	0	6	0	11	3	0	0	0	0	36	0	0	0	0	3	1	1	0	3	0	0	0	0	17	0	1	0	1	0	0
0	0	1	0	0	0	31	3	10	0	3	6	0	0	6	1	0	0	0	3	6	0	1	0	0	0	3	0	0	0	0	0	0	0	0	0	0	2	2	4	12	0	80	0	2	0	0	0	0	1	0	1	3	1	0	0	0	6	7	1	0	0	0	3	0	0	0	0	0	0	3	4	0	0	0	0	2	0	3	0	0	3	1	1	0	0	0	0	0	3	0	0	3	0	0	1	0	0	0	0	1	3	0	0	1	0	0	0	10	2	8	0	0	0	20	1	1	0	0	0	1	2	0	0	0	11	3	0	0	12	0	0	0	0	2	70	0	0	0	19	0	0	0	0	21	0	0	0	0	0	1	6	0	0	0	0	0	6	0	0	0	0	59	0	8	2	49	4	1	0	1	10	0	0	17	0	0	0	23	2	17	3	2	1	0	0	0	0	0	0	0	0	0	0	2	7	1	0	0	0	1	0	8	8	26	0	6	117	0	0	0	12	0	28	1	0	0	0	0	0	8	0	0	18	1	3	3	0	2	0	0	0	0	2	1	1	0	2	0	0	0	0	0	5	5	0	5	3	121	0	1	4	0	0	0	0	0	0	0	0	0	2	1	0	0	12	0	21	4	0	0	0	0	48	0	0	0	0	3	0	1	0	1	1	0	0	0	0	1	5	0	0	0	7
1	3	3	0	0	0	38	1	15	0	3	7	0	0	2	0	0	0	0	1	2	0	0	1	1	0	1	0	0	0	0	0	0	1	0	0	0	0	1	0	15	0	105	0	0	1	1	0	0	1	0	6	10	1	0	0	0	2	20	0	0	0	0	2	0	1	1	0	0	0	0	1	2	0	1	0	0	3	3	0	0	2	5	1	0	1	0	0	0	5	0	0	0	0	0	0	0	8	0	0	0	2	0	0	0	0	0	0	11	5	35	0	0	1	14	6	0	0	0	0	0	0	0	0	0	4	0	0	3	5	0	0	0	1	1	20	0	0	0	21	0	0	0	0	20	1	0	0	0	0	2	0	0	0	0	0	0	14	0	0	0	0	4	0	19	0	27	5	5	1	0	5	0	1	2	1	0	0	22	1	3	0	2	0	0	1	0	0	0	0	2	0	0	2	2	0	2	0	0	0	1	0	0	3	6	0	1	96	0	1	0	4	0	8	2	0	0	0	0	0	11	0	0	15	0	1	4	0	2	0	0	0	0	6	1	1	0	0	1	0	0	8	0	1	1	0	5	0	109	2	0	0	0	0	0	1	0	4	0	0	1	1	0	0	0	7	0	53	0	0	0	0	0	49	1	0	0	0	0	1	0	3	4	0	0	0	0	0	0	0	0	0	0	0
0	3	0	0	0	0	112	0	14	0	1	1	0	0	1	0	0	0	2	0	2	1	0	0	0	3	0	0	0	2	0	0	2	0	0	0	0	0	0	0	8	0	63	0	0	1	0	0	0	2	0	5	1	0	1	0	0	1	2	0	0	0	1	2	0	0	0	0	1	0	0	4	0	0	1	0	0	5	0	0	0	1	2	1	0	0	0	0	0	1	0	0	2	0	0	0	0	0	0	0	0	3	0	1	0	2	0	0	8	1	41	0	0	0	4	8	0	0	0	0	0	0	0	0	1	1	0	0	0	8	0	0	0	0	2	15	0	0	0	14	0	0	0	0	19	0	0	0	0	0	0	3	0	0	0	0	0	13	2	0	0	0	22	0	17	0	66	2	4	0	0	2	0	6	2	0	0	0	16	0	7	0	2	0	0	1	0	0	0	0	0	0	0	0	1	0	0	0	0	0	0	0	3	0	6	0	0	78	0	0	0	0	0	8	3	4	0	0	0	0	11	0	0	52	0	0	0	0	0	0	0	0	5	7	0	1	1	1	0	0	0	1	0	2	1	0	2	0	77	1	1	0	0	0	0	0	0	1	0	0	0	0	0	0	0	14	0	53	7	0	0	0	0	49	0	0	0	0	0	0	0	0	0	0	0	0	0	0	0	0	1	1	0	2
0	2	2	0	0	0	46	1	15	0	1	3	0	0	1	0	0	0	0	0	1	2	0	0	0	1	1	0	0	0	0	0	1	0	0	0	0	0	0	0	7	0	55	0	0	1	0	0	1	2	1	4	2	0	0	0	0	1	3	0	0	0	0	3	0	0	1	0	2	0	1	4	0	0	1	0	1	2	0	0	0	3	2	2	0	0	0	0	1	3	0	0	6	0	0	0	0	1	0	0	0	5	0	0	0	1	0	0	11	3	26	0	0	1	6	4	0	0	0	0	1	0	0	0	0	2	1	0	0	16	0	0	0	0	1	25	0	0	0	16	0	1	1	0	20	0	1	0	0	0	0	9	0	0	0	0	0	22	2	0	0	1	42	0	9	0	51	1	1	1	2	8	0	1	6	0	0	0	33	1	11	0	3	0	0	0	0	0	0	3	0	1	0	0	1	2	0	0	0	0	0	0	6	3	11	0	1	110	0	0	0	0	0	16	2	3	0	0	0	0	8	0	1	23	0	0	0	0	1	0	0	0	2	1	0	0	1	1	0	0	0	0	0	0	2	0	0	1	106	1	2	3	0	0	0	0	1	0	0	0	0	0	0	0	0	7	0	37	8	0	0	0	0	41	0	0	0	0	0	0	0	0	0	0	0	0	0	0	0	0	1	0	0	3
0	3	0	0	0	0	48	0	15	0	2	2	0	0	1	0	1	0	2	1	2	2	0	1	0	2	0	0	0	0	0	0	2	0	0	0	0	0	0	3	14	0	94	0	0	3	0	0	1	1	1	7	2	1	0	0	0	0	6	0	0	0	0	2	0	0	0	0	1	0	0	3	0	0	1	0	0	2	0	0	0	0	4	0	0	0	0	1	0	2	1	0	2	0	0	0	0	0	0	0	1	0	0	0	0	0	0	0	5	2	59	0	0	0	3	7	0	0	0	0	6	0	0	0	0	6	0	0	0	5	0	0	2	0	0	21	0	0	0	19	0	0	1	0	21	0	0	0	0	0	0	0	0	0	0	0	0	13	1	0	0	0	9	0	18	1	36	5	4	0	0	1	0	2	1	1	0	0	12	0	3	1	2	0	0	0	0	0	0	0	1	0	0	3	1	1	1	0	0	0	0	0	0	1	5	0	0	92	0	0	0	5	0	8	1	0	0	0	0	0	13	0	1	27	0	2	0	0	0	0	0	0	0	5	1	1	1	2	0	0	0	4	0	5	0	0	1	0	75	1	0	0	0	0	0	0	0	1	0	0	0	0	0	0	0	14	0	49	3	0	0	0	0	59	0	0	0	0	0	0	0	1	1	0	0	0	0	0	2	2	0	1	0	1
0	0	0	0	0	0	6	0	2	0	1	7	0	0	0	1	0	0	0	0	0	0	0	0	0	0	0	0	0	0	0	0	0	0	0	0	0	0	0	0	0	0	16	0	0	0	0	0	1	0	1	0	2	0	0	0	0	0	0	0	0	0	0	0	0	1	0	0	2	0	0	9	0	0	0	0	4	0	0	0	0	0	0	0	0	0	0	0	0	0	0	0	1	0	0	0	0	0	0	0	0	0	1	0	0	0	1	0	0	0	0	0	0	0	0	0	0	0	0	0	0	0	0	2	1	0	0	0	0	0	1	0	0	0	0	0	1	0	0	0	0	0	0	0	13	0	0	0	0	1	1	0	0	0	0	0	0	85	0	0	0	0	12	0	0	0	10	0	0	0	0	0	0	1	0	0	0	1	0	0	3	0	0	1	0	0	0	0	1	0	0	0	0	0	0	0	0	0	0	0	0	0	0	1	0	0	0	573	0	0	0	0	0	1	0	0	0	0	0	1	2	0	0	0	0	0	0	3	0	0	0	0	0	0	0	0	0	0	0	0	0	0	4	0	0	0	0	0	9	0	0	0	0	0	0	0	0	0	3	0	0	0	0	0	0	3	0	1	0	0	0	0	0	1	1	0	0	0	0	0	0	0	0	0	0	0	0	0	0	0	0	0	0	0
0	0	0	0	0	0	0	0	11	0	0	1	0	2	0	1	0	0	0	3	0	2	0	0	0	0	0	0	0	0	0	0	0	0	2	0	0	0	0	0	0	0	19	0	0	0	0	0	0	0	0	0	1	0	0	0	0	0	0	0	0	0	0	0	3	0	0	0	0	0	0	1	0	0	0	0	2	0	0	0	0	1	0	4	3	0	0	0	0	0	0	0	1	0	2	0	0	0	0	2	0	0	0	0	0	4	0	0	0	0	2	0	2	0	0	0	0	0	0	0	0	0	1	0	0	0	0	0	0	0	0	0	0	0	0	0	0	0	0	1	0	0	2	0	12	0	0	0	0	0	2	1	0	0	0	0	0	11	0	0	0	0	14	0	0	0	3	0	0	0	0	1	0	1	0	0	1	0	0	0	7	0	0	0	1	0	4	0	0	0	0	0	0	0	0	0	0	0	0	0	0	0	6	3	0	0	0	964	0	0	0	0	0	0	0	0	0	0	0	0	0	0	0	4	0	0	0	0	0	0	0	0	2	0	0	0	0	0	0	0	0	0	4	0	0	0	0	0	4	0	0	0	0	0	0	0	0	0	7	0	1	0	0	0	0	3	0	0	1	0	0	1	0	3	0	2	0	0	0	0	0	0	0	0	0	0	0	0	0	2	0	0	0	0
0	0	0	0	0	0	21	0	7	0	0	5	0	2	0	0	0	0	0	0	0	0	0	0	0	0	0	0	1	0	0	0	0	0	0	0	0	0	0	0	0	0	24	0	0	0	0	0	0	0	0	0	0	0	0	0	0	0	0	0	0	0	0	0	0	0	0	0	5	0	0	7	0	0	0	0	0	0	0	0	0	0	0	0	0	0	0	0	0	1	0	0	6	0	0	0	0	0	0	0	0	0	31	2	0	0	1	0	0	0	0	0	0	0	1	0	0	0	0	0	0	0	1	0	0	0	0	0	0	0	0	0	0	1	0	0	0	0	0	1	0	0	0	1	2	0	0	0	0	0	0	0	1	0	0	0	0	28	0	0	0	1	10	0	0	0	13	0	0	0	0	0	0	0	0	0	0	0	0	0	3	0	0	0	0	0	0	0	1	0	0	0	0	3	0	0	0	0	0	0	0	0	0	1	0	0	0	871	0	0	0	0	0	0	0	0	0	1	0	0	0	0	0	4	0	0	0	0	0	0	0	1	0	0	0	0	0	0	0	0	0	0	3	0	0	0	0	1	8	0	0	0	0	0	0	0	0	0	5	0	0	0	0	1	0	7	0	1	0	0	0	0	1	6	0	0	0	1	0	0	0	0	0	0	0	5	1	0	0	0	0	0	0	0
0	0	0	0	0	0	7	0	4	0	2	25	0	3	0	0	0	0	0	0	0	0	1	0	0	0	0	0	0	0	0	0	0	0	0	0	0	0	0	0	0	0	27	0	0	0	0	0	1	0	0	0	0	2	0	0	0	0	0	0	0	0	0	0	2	0	0	0	2	1	0	4	0	0	0	0	5	0	0	0	0	0	0	1	0	0	2	0	0	0	0	0	0	0	0	0	0	0	0	0	0	0	0	0	0	0	0	1	0	0	1	0	1	0	0	0	0	0	0	0	0	0	0	8	0	0	0	3	0	0	0	0	0	0	0	0	0	0	0	0	0	0	1	0	5	0	0	3	0	1	0	2	0	0	0	0	0	95	0	0	0	0	0	0	0	0	2	0	0	0	0	0	0	0	0	0	1	0	0	0	0	0	1	0	0	0	2	0	3	0	0	0	0	3	0	0	0	0	0	0	0	0	0	4	0	0	0	762	0	0	0	0	0	3	3	0	0	0	3	0	0	1	0	1	0	0	0	2	0	0	0	0	0	0	0	0	0	0	1	0	0	0	9	0	0	0	0	0	10	1	0	0	0	0	0	0	0	1	4	0	1	1	0	1	0	6	0	0	1	1	0	1	0	1	3	2	0	0	0	0	0	0	0	0	0	0	0	0	0	2	1	0	0	0
0	0	0	0	0	0	7	0	9	0	0	6	1	3	0	0	0	0	0	0	0	2	0	0	0	0	0	0	0	0	0	0	0	0	0	0	0	0	0	0	3	0	17	0	0	0	1	0	0	3	0	0	1	1	0	0	5	0	0	0	0	0	0	0	0	2	0	0	0	0	1	14	0	0	0	0	11	0	0	0	2	0	0	2	1	0	0	0	0	1	0	0	1	1	0	0	0	0	1	0	0	0	5	0	1	0	6	0	0	0	0	0	4	0	1	0	0	0	1	0	0	0	1	0	11	0	0	0	0	1	0	1	0	0	0	0	0	1	0	1	0	0	0	1	13	0	0	0	0	0	1	0	1	0	0	0	0	53	0	0	0	0	22	0	0	0	28	0	0	0	0	0	0	0	0	0	2	0	0	0	5	0	0	4	0	0	0	0	0	0	0	0	0	1	0	0	0	0	0	0	0	0	0	1	1	0	0	871	0	0	0	0	0	0	0	0	0	0	0	3	7	0	0	1	0	0	0	1	0	0	0	0	0	0	6	0	0	0	0	0	0	0	6	0	0	0	0	0	10	0	0	0	0	3	1	4	1	0	2	1	0	0	0	0	0	1	1	1	0	0	0	3	0	2	0	2	0	0	0	0	0	0	0	0	0	0	0	0	1	1	2	0	0	0
0	0	1	0	0	0	3	0	5	0	0	7	0	0	0	0	0	0	0	0	0	1	0	0	0	0	0	1	0	0	0	0	0	0	0	0	0	0	0	0	0	0	22	0	0	0	0	0	0	0	0	0	0	0	0	0	0	0	0	0	0	0	0	0	0	1	0	0	0	0	0	7	0	0	0	0	3	0	0	0	1	0	0	1	1	0	0	0	0	0	0	0	2	0	0	0	0	0	0	0	0	0	0	0	0	0	1	0	0	0	0	0	0	0	0	0	0	0	0	0	0	0	0	0	0	0	0	0	0	0	0	0	0	0	0	0	0	0	0	2	0	0	0	0	7	0	0	0	0	0	2	0	0	0	0	0	0	33	0	0	0	0	3	0	0	0	7	0	0	0	0	0	0	0	0	0	0	0	0	0	4	0	1	1	0	0	0	0	0	0	0	0	1	0	0	0	0	0	0	0	0	0	0	0	0	0	0	540	0	0	0	0	0	0	0	0	0	0	0	0	0	1	0	2	0	0	0	0	0	0	0	0	0	0	0	0	0	0	0	0	0	0	1	0	0	0	0	0	6	0	0	0	0	0	0	0	0	0	4	0	0	0	0	0	0	2	0	1	0	1	0	0	0	2	0	1	0	0	0	0	1	0	0	0	0	0	0	0	0	0	1	0	0	0
0	0	0	0	0	0	2	0	10	0	0	11	0	0	0	0	0	0	0	1	0	3	0	0	0	0	0	0	0	0	0	0	0	1	0	0	0	0	0	0	2	0	46	0	0	0	0	0	0	2	0	0	0	1	0	0	1	0	0	0	0	0	0	0	0	1	0	0	1	0	0	12	0	0	0	0	7	0	0	0	2	0	0	1	3	0	0	0	0	0	0	0	6	0	1	0	0	0	0	1	0	0	0	0	2	2	4	0	0	0	0	0	2	0	0	0	0	0	0	0	0	0	0	0	4	0	0	0	0	0	0	0	0	0	0	0	0	0	0	2	0	0	1	0	17	0	0	0	0	0	3	0	0	0	0	0	0	18	0	0	0	0	8	0	1	0	22	0	0	0	0	0	1	0	0	0	1	0	0	0	8	0	1	4	1	0	0	0	0	0	0	0	0	0	0	0	0	0	0	0	0	0	2	0	0	0	0	731	0	0	0	0	0	0	0	0	0	2	0	0	2	6	0	6	0	0	0	0	0	0	0	0	1	0	4	0	0	0	0	0	0	0	1	0	0	0	0	0	10	0	0	0	0	3	0	2	0	0	5	0	0	0	0	1	0	1	0	3	0	0	0	1	0	4	0	2	1	2	0	1	2	0	0	0	0	0	0	0	0	0	1	0	0	0
0	0	0	0	0	0	1	0	7	0	1	6	1	3	0	0	0	0	0	0	0	0	0	0	0	0	0	0	0	0	0	0	0	0	0	0	0	0	0	0	2	0	22	0	0	0	1	0	1	1	0	0	2	0	0	0	2	0	0	0	0	0	0	1	0	0	0	0	3	0	0	12	0	0	0	0	4	0	0	0	0	0	0	1	1	0	1	0	1	0	0	0	2	0	0	0	0	0	1	0	0	0	0	0	0	0	5	1	0	0	0	0	1	0	0	0	0	1	1	0	0	0	0	3	9	0	0	1	0	0	1	1	0	0	0	0	0	0	0	0	0	0	1	0	22	0	0	1	0	1	1	1	0	0	0	0	0	64	0	0	0	0	28	0	0	0	19	0	0	1	0	0	0	1	0	0	1	0	0	0	4	0	0	2	0	0	0	0	1	0	0	0	0	0	0	0	0	0	0	0	0	0	0	4	1	0	0	907	0	0	0	0	0	1	2	0	0	1	1	1	10	0	0	1	0	0	1	5	0	0	0	0	0	0	5	0	0	0	0	0	0	0	8	0	0	0	0	0	17	0	0	0	0	2	1	4	1	0	3	1	0	0	0	0	0	3	0	2	1	0	0	1	0	0	0	2	0	1	0	0	0	0	0	0	0	0	0	0	1	2	0	0	0	0
0	0	0	0	0	0	11	0	1	0	0	5	0	0	0	1	0	0	0	0	0	0	0	0	0	0	0	0	0	0	0	0	0	0	0	0	0	0	0	0	0	0	25	0	0	0	2	0	0	0	0	0	2	0	0	0	0	0	0	0	0	0	0	0	0	0	0	0	0	0	0	5	0	0	0	0	0	0	0	0	0	2	0	0	2	0	0	0	0	1	1	0	0	0	0	0	0	0	0	0	0	0	14	0	0	0	2	0	1	0	0	0	0	0	3	0	0	0	0	0	0	0	0	0	0	0	0	0	0	0	0	0	0	1	0	0	0	0	0	2	0	0	1	0	4	0	0	0	0	0	1	3	2	0	0	0	0	19	0	0	0	0	32	0	0	0	22	0	0	0	0	0	0	2	0	0	0	0	3	0	1	0	1	0	0	0	0	0	0	0	0	0	0	3	0	0	0	0	0	0	0	0	0	0	0	0	0	637	2	0	0	0	0	0	0	0	0	0	0	0	0	0	0	3	0	0	0	0	0	0	6	0	0	0	0	0	0	0	0	0	0	0	1	1	0	0	0	0	2	0	1	0	0	0	0	0	0	1	2	0	0	0	0	1	0	1	0	0	0	0	0	0	0	2	0	1	0	0	0	0	1	0	0	0	0	1	0	0	0	0	0	0	0	0
0	0	0	0	0	0	7	0	8	0	1	3	0	1	0	0	0	0	0	3	0	1	0	0	0	0	0	0	0	0	0	0	0	0	3	0	0	0	0	0	0	0	12	0	0	0	0	0	2	0	0	0	0	0	0	0	0	0	14	0	0	0	0	0	0	0	0	0	4	0	0	7	0	0	0	0	0	0	0	0	0	0	0	1	3	0	1	0	0	0	0	0	6	0	3	0	0	0	0	2	0	0	0	0	0	7	1	1	0	0	0	0	0	0	0	0	0	0	0	1	0	0	0	5	0	0	0	3	0	0	1	0	0	0	0	0	0	0	0	6	0	0	0	0	31	0	0	1	0	1	4	1	0	0	0	0	0	53	0	0	0	0	12	0	0	0	7	0	0	0	0	0	0	1	0	0	0	0	0	0	10	0	0	0	2	0	0	0	1	0	0	0	0	0	0	0	0	0	0	0	0	0	5	6	0	0	0	827	0	0	0	0	0	1	1	0	0	0	1	0	1	0	0	4	0	0	0	3	0	0	0	0	2	0	0	0	0	0	0	0	0	0	5	0	0	0	0	0	12	0	0	0	0	0	0	0	0	0	13	0	0	0	0	0	0	10	0	1	3	0	1	0	0	13	1	0	0	0	0	0	2	0	0	0	0	0	0	0	0	2	0	0	0	0
0	0	0	0	0	0	6	0	6	0	0	5	1	4	0	0	0	0	0	0	0	0	0	0	0	0	0	0	0	0	0	0	0	0	0	0	0	0	0	0	1	0	19	0	0	0	2	0	1	1	0	0	0	0	0	0	5	0	0	0	0	0	0	0	1	0	0	0	1	0	0	10	0	0	0	0	0	0	0	0	0	1	0	1	2	0	0	0	1	0	0	0	2	0	0	0	0	0	1	0	1	0	0	0	1	0	9	0	0	0	0	0	0	0	1	0	0	1	1	0	0	0	1	1	13	0	0	1	0	1	0	2	0	0	0	0	0	0	0	0	0	0	1	0	15	0	0	0	0	0	1	1	0	0	0	0	0	28	0	0	0	0	35	0	0	0	32	0	0	1	0	0	0	0	0	0	0	0	1	0	3	0	0	1	0	0	2	0	0	0	0	0	0	1	0	0	0	0	0	0	0	0	0	2	0	0	0	900	1	0	0	0	0	0	1	0	0	1	0	1	6	0	0	3	0	0	0	1	0	0	0	0	0	0	7	0	0	0	0	0	0	0	5	0	0	0	0	0	12	0	0	0	0	3	2	4	1	0	4	1	0	0	0	0	0	3	1	2	0	0	0	0	0	2	0	0	0	0	0	0	1	0	0	0	0	0	0	0	1	1	0	0	0	0
0	0	0	0	0	0	0	0	3	0	0	0	0	0	0	0	0	0	0	0	0	0	0	0	0	0	0	0	1	0	0	0	0	0	0	0	0	0	0	1	0	0	3	0	0	0	2	0	0	0	0	0	0	0	0	0	0	0	0	0	0	0	0	0	0	0	0	0	2	0	0	3	0	0	0	0	0	0	0	0	0	1	0	0	0	0	0	0	0	0	0	0	2	0	0	0	0	0	1	0	0	0	0	0	0	0	5	0	0	0	0	0	0	0	0	0	0	0	1	0	0	0	0	0	3	0	0	0	0	0	0	0	0	1	0	0	0	0	0	0	0	0	0	0	4	0	0	0	0	0	0	0	0	0	0	0	0	20	0	0	0	0	27	0	0	0	8	0	0	0	0	0	0	0	0	0	0	0	2	0	2	0	1	0	0	0	0	0	1	1	0	0	0	0	0	1	0	0	0	0	0	0	0	1	0	0	0	610	2	0	0	0	0	0	1	0	0	2	0	0	2	0	0	1	0	0	0	0	0	0	0	0	0	0	1	0	0	0	0	0	0	0	1	0	0	0	0	0	8	0	0	0	0	0	2	0	0	0	0	0	0	1	0	0	1	3	0	1	0	0	0	0	1	0	0	0	0	0	0	0	0	0	0	0	0	0	0	0	0	0	0	0	0	0
0	0	0	0	0	0	0	0	3	0	0	11	0	1	0	0	0	0	0	0	0	0	0	0	0	1	0	0	0	0	0	0	0	1	0	0	0	0	0	0	0	0	50	0	0	0	1	0	0	0	0	0	0	0	0	0	0	0	0	0	0	0	0	0	0	0	0	0	1	0	0	10	0	0	0	9	1	0	0	0	0	0	0	0	1	0	0	0	0	0	0	0	3	0	0	0	0	0	1	0	0	0	0	0	2	0	7	0	0	0	0	0	0	0	0	0	0	0	0	0	0	1	0	0	7	0	0	0	0	0	0	1	0	0	0	0	0	0	0	0	0	0	1	0	8	0	0	0	0	0	1	0	0	0	0	0	0	21	0	0	0	0	10	0	0	0	22	0	0	0	0	0	1	0	0	0	0	0	1	0	2	0	0	3	0	0	0	0	0	0	0	0	0	0	0	0	0	0	0	0	0	0	0	0	0	0	0	760	0	0	0	0	0	0	0	0	0	2	0	1	3	5	0	5	0	0	1	1	0	0	0	1	0	0	1	0	0	0	0	0	0	0	2	0	0	0	0	0	12	0	0	0	0	3	1	5	0	0	2	0	0	0	0	3	0	1	0	3	0	1	0	0	0	0	3	1	2	1	0	0	0	0	0	0	0	0	0	0	0	0	0	0	0	0
0	0	0	0	0	0	3	0	5	0	0	5	2	0	0	0	0	0	0	0	0	0	0	0	0	0	0	0	1	0	0	0	0	0	0	0	0	0	0	0	1	0	15	0	0	0	1	0	0	2	0	0	0	0	0	0	5	0	0	0	0	0	0	1	0	0	1	0	4	0	0	12	0	0	0	0	0	0	0	0	0	0	0	0	1	0	0	0	1	0	0	0	7	0	0	0	0	0	1	0	0	0	0	1	1	0	8	0	0	0	0	0	0	0	0	0	0	1	1	0	0	0	0	0	12	0	0	0	0	1	0	2	0	0	1	0	0	0	0	0	0	0	0	0	15	0	0	0	0	0	1	1	0	0	0	0	0	25	0	0	0	0	18	0	0	0	21	0	0	1	0	0	0	0	0	0	0	0	0	0	5	0	3	2	0	0	0	0	0	0	0	0	0	1	0	0	0	0	0	0	0	0	0	1	1	0	0	500	0	0	0	0	0	0	0	0	0	5	0	2	6	0	0	2	0	0	1	1	0	0	0	1	0	0	12	0	0	0	0	0	0	0	1	0	0	0	0	0	15	0	0	0	0	5	0	6	1	2	2	1	0	0	0	0	1	3	1	5	0	0	0	0	0	2	0	0	0	3	0	0	2	0	0	0	0	0	0	0	2	0	0	0	0	0
0	0	0	0	0	0	1	0	5	0	0	2	0	0	0	2	0	0	0	0	0	0	0	0	0	1	0	0	0	0	0	0	0	0	0	0	0	0	0	1	0	0	41	0	0	0	0	0	1	0	0	0	4	0	0	0	0	0	0	0	0	0	0	0	0	0	0	0	0	0	0	6	0	0	0	0	3	0	0	0	0	1	0	2	3	0	0	0	0	0	0	0	1	0	0	0	0	0	0	0	0	0	0	0	0	0	0	0	0	0	0	0	0	0	0	0	0	0	0	2	0	0	0	0	0	0	0	0	0	0	4	0	0	0	0	0	2	0	0	0	0	0	2	0	10	0	0	0	0	0	2	1	0	0	0	0	0	22	0	0	0	0	28	0	0	0	10	0	1	0	0	0	0	3	0	0	0	0	0	1	4	0	0	0	0	0	0	0	0	0	0	0	0	0	0	0	0	0	0	0	0	0	0	1	0	0	0	767	0	0	0	0	0	0	0	0	0	0	0	0	0	1	0	2	0	0	0	0	0	0	0	0	0	0	0	0	0	0	0	0	0	0	4	0	0	0	0	0	5	0	0	0	0	0	0	0	0	0	6	0	0	0	0	1	0	2	0	2	0	0	0	0	1	0	0	3	0	0	0	0	0	0	0	0	0	0	0	0	0	1	0	0	0	0
0	0	1	0	0	0	5	0	8	0	0	3	0	3	0	0	0	0	0	2	0	1	0	0	0	0	0	1	0	0	0	0	0	0	0	0	0	0	0	1	0	0	5	0	0	0	0	0	0	0	1	0	0	0	0	0	0	0	0	0	0	0	0	0	5	1	0	0	0	1	0	4	0	0	0	0	0	0	0	0	0	0	0	2	0	0	0	0	0	0	0	0	0	0	0	0	0	0	1	1	0	0	3	0	0	0	3	0	0	0	3	0	1	0	0	0	0	0	0	0	0	0	2	0	1	0	0	0	0	0	0	0	0	0	0	0	0	0	0	4	0	0	0	0	2	0	0	0	0	0	1	1	0	0	0	0	0	13	0	0	0	0	2	0	0	0	6	0	0	0	0	0	0	0	0	0	1	0	0	0	3	0	1	0	1	0	5	0	0	0	0	0	1	6	0	0	0	0	0	0	0	0	3	1	0	0	0	455	0	0	0	0	0	0	0	0	0	0	0	0	0	0	0	0	0	0	0	0	0	0	0	0	0	0	0	0	0	0	0	0	0	0	2	0	0	0	0	0	4	0	0	0	0	0	0	0	0	0	2	0	1	0	0	0	0	1	0	0	0	0	0	1	0	6	0	0	0	0	0	0	1	0	0	0	0	0	0	0	0	0	0	0	0	0
0	0	1	0	0	0	9	0	1	0	1	12	0	0	0	0	0	0	0	1	0	0	0	0	0	0	0	0	0	0	0	0	0	2	0	0	0	0	0	0	0	0	30	0	0	0	1	0	0	0	0	0	0	0	0	0	0	0	0	0	0	0	0	1	0	0	0	0	1	0	0	11	0	0	0	0	0	0	0	0	0	0	0	0	3	0	1	0	0	0	0	0	2	0	1	0	0	0	0	1	0	0	1	0	2	1	6	1	0	0	0	0	0	0	1	0	0	0	0	0	0	0	0	2	4	0	0	0	0	0	0	0	0	1	0	0	0	0	0	3	0	0	0	0	12	0	0	0	0	1	3	0	0	0	0	0	0	44	1	1	0	0	8	0	0	0	28	0	0	0	0	0	1	0	0	0	0	0	1	0	2	0	0	1	1	0	0	0	0	0	0	0	0	0	0	1	0	0	0	0	0	0	1	1	0	0	0	773	0	0	0	0	0	0	0	0	0	0	0	1	2	2	0	10	0	0	0	2	0	0	0	0	1	0	1	0	0	0	0	0	0	0	2	0	0	0	0	0	8	0	0	0	0	1	1	2	0	0	6	0	0	0	0	2	0	4	0	0	1	1	0	0	0	4	2	0	1	0	0	0	1	0	0	0	0	0	0	0	0	0	0	0	0	0
0	0	0	0	0	0	7	0	7	0	0	8	0	8	0	0	0	0	0	0	0	0	0	0	0	0	0	0	0	0	0	0	0	0	0	0	0	0	0	0	0	0	39	0	0	0	0	0	0	0	0	0	0	0	0	0	1	0	0	0	0	0	0	0	7	0	0	0	0	0	0	9	0	0	0	0	0	0	0	0	0	0	0	0	1	0	0	0	0	0	0	0	2	0	0	0	0	0	1	0	0	0	2	0	1	0	5	0	0	0	6	0	0	0	0	0	0	0	0	1	0	0	4	0	6	0	0	0	0	1	1	0	0	0	0	0	0	0	0	0	0	0	5	0	8	0	0	0	1	0	1	4	0	0	0	0	0	13	0	0	0	0	14	0	0	0	20	0	0	0	0	0	1	1	0	0	1	0	0	0	3	0	0	1	0	0	9	0	0	0	1	0	0	5	0	0	0	0	0	0	0	0	0	2	0	0	0	573	0	0	0	0	0	0	0	0	0	1	0	1	0	0	0	1	0	0	0	0	0	0	0	0	0	0	3	0	0	0	0	0	0	0	8	0	0	0	0	0	9	0	0	0	0	1	0	2	0	0	7	0	1	0	0	1	0	2	1	3	0	0	0	0	0	1	0	2	1	0	0	0	0	0	0	0	0	0	0	0	0	2	0	0	0	0
0	0	0	0	0	2	0	0	15	0	0	5	0	2	0	0	0	0	0	0	0	0	0	0	0	0	0	0	0	0	0	0	0	0	0	0	0	1	0	0	0	0	13	0	0	0	0	0	0	0	2	0	2	2	0	0	0	0	0	0	0	0	0	0	0	0	0	0	0	0	0	24	0	0	0	0	19	0	0	0	0	0	0	1	0	0	1	0	0	0	0	0	0	0	0	0	2	0	0	0	0	0	0	0	1	1	2	2	0	0	0	0	0	0	0	0	0	0	0	0	0	0	0	10	0	0	0	0	0	0	0	0	0	0	0	0	0	0	0	0	0	0	0	0	10	0	0	0	0	0	0	0	0	0	0	0	0	61	0	0	0	0	7	0	0	0	20	0	0	0	0	1	0	0	0	0	0	0	0	0	11	0	0	0	0	0	0	3	2	0	0	0	0	1	0	0	0	2	0	0	0	0	1	0	0	1	0	676	0	0	0	0	0	0	0	0	0	0	0	1	0	0	0	5	1	0	0	1	0	0	0	0	0	0	2	0	0	0	1	0	0	0	5	0	0	0	0	0	14	0	0	0	0	2	0	0	0	1	5	0	0	0	0	1	2	3	1	1	0	0	0	0	0	0	0	0	0	1	0	0	0	1	0	0	0	0	0	0	0	0	0	2	0	0
0	0	0	0	0	3	2	0	5	0	0	5	0	0	0	0	0	0	0	0	0	0	0	0	0	0	0	0	1	0	0	0	0	0	1	0	0	1	0	0	0	0	28	0	0	0	0	0	0	1	2	0	1	4	0	0	0	0	0	0	0	0	0	0	0	1	0	0	1	1	0	19	0	1	0	2	29	0	0	0	0	4	1	2	3	0	1	0	0	0	0	0	3	0	0	0	0	0	0	0	0	0	0	0	1	0	2	1	0	0	0	0	0	0	0	0	0	0	0	0	0	0	6	8	5	0	0	0	1	0	0	0	0	1	0	0	0	0	0	0	0	0	2	0	50	0	0	0	0	0	3	0	0	1	0	0	0	80	0	0	0	0	64	1	0	0	20	0	0	0	1	0	2	0	0	0	0	1	0	0	10	0	0	0	0	1	0	6	0	0	0	0	0	6	0	0	0	0	0	0	0	1	0	1	0	1	0	428	0	0	0	0	1	0	0	0	0	0	1	2	0	1	0	2	2	0	0	0	0	0	0	0	0	0	3	0	0	0	2	0	0	0	0	0	0	0	1	0	5	0	0	0	0	1	3	0	0	0	5	0	0	0	0	0	0	0	0	0	0	1	0	1	0	4	1	0	0	1	0	0	0	3	0	0	0	0	0	0	1	2	0	0	0	0
0	0	0	0	0	0	10	0	14	1	0	4	0	1	0	0	0	0	0	0	0	0	0	0	0	0	1	0	0	0	0	0	0	0	0	0	0	0	0	0	0	0	21	0	0	0	0	0	0	0	0	0	3	0	0	0	0	0	0	0	0	0	0	0	1	0	0	0	5	1	0	6	0	0	0	0	0	0	0	0	0	1	0	0	0	0	0	0	0	0	0	0	3	0	1	0	1	0	0	3	0	0	0	0	0	0	13	0	0	0	0	0	0	0	0	0	0	0	0	0	0	0	3	0	12	0	0	0	0	0	0	0	1	3	0	0	1	0	0	0	0	0	1	0	81	0	0	0	0	0	2	0	0	0	0	0	0	49	0	0	0	0	2	2	0	0	14	0	0	0	0	1	1	0	0	0	0	0	0	0	1	0	0	0	0	0	0	0	0	0	0	0	0	0	0	0	0	0	0	0	0	2	0	0	0	0	0	511	0	0	0	1	0	0	0	0	0	1	0	0	0	0	0	3	0	0	0	0	0	0	0	0	0	0	1	0	0	0	0	0	0	0	1	0	0	0	6	0	15	0	0	0	0	0	1	0	0	0	13	0	0	1	1	1	0	1	0	0	0	1	0	3	0	4	2	0	0	0	0	0	1	0	0	0	0	0	0	0	0	6	0	1	0	0
0	0	0	0	0	2	1	0	3	0	0	8	0	3	0	0	0	0	0	0	1	0	0	0	0	0	0	0	1	0	0	0	0	0	1	0	0	1	0	0	0	0	25	0	0	0	0	0	0	1	1	0	1	2	0	1	0	0	0	0	0	0	0	0	0	0	0	0	1	0	0	26	0	0	0	4	20	0	0	0	0	5	0	1	2	0	2	0	0	2	0	0	3	2	1	0	0	0	0	0	0	0	0	0	0	0	4	1	0	0	0	0	0	1	0	0	0	0	0	0	0	0	2	3	5	0	0	0	0	0	0	0	0	0	0	0	0	0	0	4	0	0	2	0	109	0	0	0	0	0	1	0	0	0	0	0	0	85	0	0	0	0	24	0	0	0	11	0	1	0	0	1	1	0	0	0	1	2	0	0	12	0	0	0	0	0	0	3	0	0	0	0	0	2	0	1	0	0	0	0	0	1	2	1	0	1	0	551	0	0	0	0	2	0	0	0	0	1	1	1	0	2	0	1	3	0	0	0	0	0	0	1	0	1	5	0	0	0	1	0	0	0	0	0	0	0	0	0	13	0	0	0	0	2	1	1	0	0	3	0	0	1	0	0	1	1	1	3	0	1	0	1	0	2	0	0	0	1	0	0	0	2	0	0	0	1	0	0	0	7	0	0	0	0
0	0	0	0	0	0	0	0	9	1	1	7	0	0	0	0	1	0	0	0	1	0	0	0	0	0	0	0	1	0	0	0	0	0	0	0	0	0	0	0	0	0	15	0	0	0	0	0	0	0	0	0	3	0	0	0	1	0	0	0	0	0	0	0	0	1	0	0	1	0	0	10	0	0	0	1	0	0	0	0	0	1	0	0	2	0	0	0	0	0	0	0	4	2	1	0	0	0	0	0	0	0	0	0	1	0	3	1	0	0	0	0	0	1	0	0	0	0	0	0	0	0	0	1	2	0	0	2	0	0	0	0	0	0	0	1	0	0	0	4	1	0	1	0	79	0	0	0	0	0	1	0	0	0	0	0	0	77	0	0	0	0	38	0	0	0	17	0	1	0	2	3	0	0	0	0	0	0	0	0	1	0	0	0	0	0	0	0	1	0	0	0	0	1	0	0	0	0	0	0	0	0	3	1	0	0	0	478	0	0	0	0	0	0	0	1	0	0	0	0	0	1	0	3	1	0	0	0	0	0	0	1	0	2	1	1	0	0	0	1	0	0	2	0	0	0	1	0	11	0	0	0	0	0	0	2	0	0	2	0	0	0	0	1	1	0	0	3	0	0	0	1	0	5	0	0	0	0	0	0	0	0	0	0	0	0	0	0	0	8	0	2	1	0
0	0	0	0	1	0	3	0	5	0	0	5	0	0	0	0	0	0	0	0	0	0	0	0	0	0	0	0	0	0	0	0	0	0	0	0	0	1	0	1	0	0	18	0	0	0	0	0	0	0	0	0	0	0	0	0	0	0	0	0	0	0	0	0	1	3	0	0	1	1	0	7	0	0	0	0	2	0	0	0	0	0	0	0	0	0	1	0	0	0	0	0	0	0	0	0	0	0	0	0	0	0	0	0	0	0	4	2	0	0	0	0	0	0	0	0	0	0	0	0	0	0	1	1	1	0	0	1	0	0	2	0	0	1	0	1	0	0	0	0	0	0	0	0	1	0	0	0	0	0	1	0	0	0	0	0	0	7	0	0	0	0	26	0	0	0	1	0	0	0	2	0	1	0	0	0	0	0	0	0	3	0	0	0	0	0	0	1	0	0	0	0	0	4	0	0	0	0	0	0	0	0	6	0	0	0	0	386	0	0	0	0	0	0	0	0	0	2	0	0	0	0	0	1	0	1	0	0	0	0	0	0	0	0	0	0	0	0	0	0	0	0	0	0	0	0	1	0	0	0	0	0	0	1	1	3	0	0	1	1	0	0	0	0	1	2	0	0	0	0	0	0	0	0	1	0	0	0	0	0	1	0	0	0	0	0	1	0	1	0	0	0	0	0
0	1	0	0	0	0	3	0	16	0	0	5	0	0	0	0	0	0	0	0	0	0	0	0	0	0	0	0	0	0	0	0	0	0	0	0	0	0	0	0	0	0	36	0	0	0	0	0	0	0	0	0	3	1	1	0	0	0	0	0	0	0	0	0	0	0	0	0	2	2	0	25	0	0	0	0	9	0	0	0	0	2	0	0	1	0	1	0	0	0	0	0	3	0	0	0	0	0	0	1	0	0	0	0	1	0	7	1	0	0	0	0	0	0	0	0	0	0	0	0	0	0	3	4	11	0	0	0	0	0	0	0	0	1	0	0	1	0	0	1	0	0	0	0	90	0	0	0	0	0	2	0	0	0	0	0	0	43	0	0	0	0	15	0	0	0	22	0	0	0	0	2	1	0	0	0	0	1	0	0	10	1	0	0	0	0	0	2	0	0	0	0	0	3	0	0	0	0	0	0	0	0	1	0	0	0	0	839	0	0	0	0	0	0	0	1	0	1	0	0	0	0	0	5	1	0	0	0	0	0	1	0	0	1	3	1	0	0	1	0	0	0	1	0	0	0	3	0	8	0	0	0	0	0	2	2	0	0	10	0	0	2	2	0	1	0	1	3	0	0	0	2	0	2	0	0	0	0	0	0	0	1	0	0	0	0	0	0	0	7	0	1	0	0
0	0	0	0	0	0	3	0	6	0	0	10	0	1	0	0	0	0	0	0	0	0	0	0	0	0	0	1	0	0	0	0	0	0	0	0	0	0	0	0	0	0	17	0	0	0	0	1	0	0	0	0	1	0	0	0	0	0	0	0	0	0	0	0	0	1	0	0	1	1	0	5	0	0	0	4	0	0	0	0	0	2	0	0	1	0	0	0	0	1	0	0	4	2	1	0	0	1	0	0	0	0	0	0	0	0	4	0	0	0	0	0	0	1	0	0	0	0	0	0	0	0	0	0	9	0	0	0	1	0	0	0	0	0	0	0	0	0	0	4	1	0	1	0	113	0	0	0	0	0	3	0	0	0	0	0	0	71	0	0	0	0	29	1	0	0	10	0	0	0	0	2	0	0	0	0	0	0	0	0	0	0	0	0	0	0	0	0	0	0	0	0	0	1	0	0	0	0	0	0	0	1	5	1	0	0	0	433	0	0	0	0	0	0	0	0	0	2	0	0	0	1	0	1	1	0	0	0	0	0	0	0	0	1	1	0	0	0	0	0	0	1	0	0	0	0	1	1	9	0	0	0	0	0	0	3	0	0	2	1	0	2	1	0	0	1	0	1	0	1	0	2	0	2	0	0	0	0	0	0	0	0	0	0	0	1	1	0	0	10	0	0	0	0
0	0	0	1	0	0	7	0	7	0	1	5	0	2	0	0	0	0	0	0	0	0	0	0	0	1	0	0	0	0	0	0	0	0	0	0	0	0	0	0	0	0	22	0	0	0	0	0	0	0	0	0	2	0	0	0	2	0	0	0	0	0	0	0	0	1	0	0	0	0	0	8	0	0	0	0	0	0	0	0	0	2	0	0	1	0	0	0	0	1	0	0	2	0	0	0	1	0	0	0	0	0	0	0	1	0	4	0	0	0	0	0	0	0	0	0	0	0	0	0	0	0	1	0	5	0	0	0	0	0	0	0	0	1	0	1	1	0	0	1	0	0	2	0	70	0	0	0	0	0	3	0	0	1	0	0	0	66	0	0	0	0	42	1	0	0	16	0	0	0	2	1	0	0	0	0	1	0	0	0	1	0	0	0	0	0	0	0	0	0	0	0	0	1	0	0	0	0	0	0	0	1	1	1	0	0	0	368	0	0	0	0	0	0	0	0	0	0	0	0	0	1	0	2	0	0	0	0	0	0	0	0	0	0	1	0	0	1	0	0	0	0	0	0	0	0	2	0	12	0	1	0	0	0	0	0	0	0	7	0	0	1	0	0	0	1	0	0	0	2	0	2	0	4	1	0	0	0	0	1	0	1	0	0	0	1	0	0	0	5	0	0	0	0
0	0	0	0	0	0	0	0	14	0	0	7	0	0	0	0	0	0	0	0	0	0	0	0	0	0	0	1	0	0	0	0	0	0	0	0	0	0	0	0	0	0	9	0	0	0	0	1	0	0	0	0	3	0	0	0	0	0	0	0	0	0	0	0	0	1	0	0	2	0	0	8	0	0	0	1	0	0	0	0	0	1	0	0	0	0	0	0	0	0	0	0	2	0	0	0	1	0	0	0	0	0	0	0	1	0	2	0	0	0	0	0	0	0	0	0	0	0	0	0	0	0	0	2	2	0	0	0	0	0	0	0	0	0	0	0	0	0	0	0	0	0	0	0	19	0	0	0	0	0	1	0	0	0	0	0	0	78	0	0	0	0	12	0	0	0	20	0	0	0	0	0	0	0	0	0	0	0	0	0	1	0	0	0	0	0	0	0	2	0	0	0	0	2	0	0	0	1	0	0	0	0	0	0	0	0	0	480	0	0	0	0	0	0	0	0	0	0	0	0	0	0	0	5	1	0	0	1	0	0	0	0	0	0	0	0	0	0	0	0	0	0	4	0	0	0	1	0	7	0	0	0	0	0	0	0	0	0	4	0	0	0	0	2	0	0	0	0	0	0	0	0	0	3	0	0	0	0	0	0	0	0	0	0	0	0	0	0	0	0	0	1	0	0
0	0	0	0	0	0	4	0	23	0	0	8	0	0	0	0	1	0	0	0	0	0	0	0	0	0	0	1	0	0	0	0	0	0	0	0	0	0	0	0	0	0	32	0	0	0	0	0	0	0	0	0	5	0	2	0	0	0	0	0	1	0	0	0	0	0	0	0	0	1	0	20	0	0	0	1	0	0	0	0	0	1	0	0	0	0	1	0	0	0	0	0	3	1	0	0	1	0	0	1	0	0	0	0	1	0	6	1	0	0	0	0	0	0	0	0	0	0	0	0	0	0	3	1	14	0	0	0	0	0	0	0	0	0	0	0	0	0	0	2	0	0	1	0	129	0	0	0	0	0	2	0	0	0	0	0	0	57	0	0	0	0	13	1	0	0	28	0	0	0	0	4	0	0	0	0	0	0	0	0	5	0	0	0	0	0	0	0	0	0	0	0	0	1	0	0	0	0	0	0	0	1	3	0	0	0	0	958	0	0	0	0	0	0	0	1	0	3	0	0	0	0	0	6	1	0	0	1	0	0	0	0	0	1	1	2	1	0	0	0	0	0	2	0	0	0	3	1	13	0	0	0	0	0	1	4	0	0	13	1	0	2	2	0	1	0	0	4	0	1	0	4	0	2	0	0	0	0	0	0	0	0	0	0	0	0	0	0	0	10	0	3	1	0
0	0	0	0	0	0	0	0	4	1	0	11	0	2	0	0	0	0	0	0	1	0	0	0	0	0	0	1	0	0	0	0	0	0	1	0	0	0	0	0	1	0	6	0	0	0	0	0	0	0	0	0	2	0	0	1	0	0	0	0	0	0	0	1	0	0	0	0	3	0	0	7	0	0	0	5	0	0	0	0	0	2	1	0	1	0	0	0	0	1	0	0	4	1	0	1	0	0	0	0	0	0	0	0	1	0	2	0	0	0	0	0	0	0	0	0	0	0	0	0	0	0	0	0	1	0	0	0	1	0	0	1	0	0	0	0	0	0	0	4	1	0	0	0	62	0	0	0	0	0	0	0	0	0	0	0	0	122	0	0	0	0	17	0	0	0	12	0	1	0	0	2	0	0	0	0	2	0	0	0	1	0	0	0	0	0	0	0	0	0	0	0	0	0	0	1	0	0	0	0	0	0	2	3	0	0	0	366	0	0	0	0	1	0	0	0	0	0	1	0	0	2	0	2	1	0	0	0	0	0	0	1	0	1	1	0	0	0	0	0	0	1	0	0	0	0	0	1	13	0	0	0	0	0	0	1	0	0	0	0	0	0	0	0	0	1	0	1	0	0	0	0	0	5	0	0	0	0	0	0	0	1	0	0	0	1	1	0	0	5	0	0	0	0
0	0	0	0	0	0	1	0	2	1	0	5	0	0	0	0	0	0	0	0	0	0	0	0	0	0	0	0	0	0	0	0	0	0	1	0	0	1	0	0	0	0	16	0	0	0	0	0	0	0	0	0	1	0	0	0	0	0	0	0	0	0	0	0	1	0	0	0	7	0	0	12	0	0	0	1	2	0	0	0	0	3	0	0	1	0	0	0	0	1	0	0	3	0	0	0	0	0	0	0	0	0	0	0	0	0	6	0	0	0	0	0	0	0	0	0	0	0	0	0	0	0	2	1	4	0	0	0	0	0	0	0	0	1	0	0	0	0	0	1	1	0	2	0	52	0	0	0	0	0	2	0	0	0	0	0	0	66	0	0	0	0	15	0	0	0	8	0	1	0	0	0	1	0	0	0	0	0	0	0	4	0	0	0	0	0	0	0	0	0	0	0	0	2	0	0	0	0	0	0	0	1	0	1	0	0	0	341	0	0	0	0	1	0	0	0	0	0	0	0	0	1	0	1	1	0	0	0	0	0	0	1	0	0	2	0	0	0	0	0	0	0	0	0	0	0	1	0	8	0	0	0	0	0	1	0	0	0	2	0	0	0	0	0	0	0	0	0	0	1	0	1	0	4	0	0	0	0	0	0	1	1	0	0	0	0	0	0	0	3	0	0	0	0
0	0	0	0	0	2	3	0	5	0	0	2	0	0	0	0	2	0	0	0	0	0	0	0	0	0	0	0	0	0	0	0	0	0	0	0	0	2	0	0	0	0	45	0	0	0	0	0	0	1	1	0	1	3	2	0	0	0	6	0	0	0	0	0	0	0	0	0	5	0	0	33	0	0	0	0	15	0	0	0	0	1	0	1	2	0	0	0	0	0	0	0	3	1	2	0	0	0	0	0	0	0	0	0	0	0	10	3	0	0	0	0	0	0	0	0	0	0	1	0	0	0	3	4	7	0	0	0	0	0	0	0	0	0	0	0	0	0	0	4	0	0	1	0	98	0	0	0	0	0	1	0	0	0	0	0	0	22	0	0	0	0	22	0	0	0	7	0	0	0	0	4	1	0	0	0	0	0	0	0	15	0	0	0	0	0	0	2	0	0	0	0	0	3	0	0	0	0	0	0	0	1	2	0	0	1	0	630	0	0	0	0	0	0	1	1	0	1	0	1	0	0	0	1	1	0	0	0	0	0	0	0	0	2	5	2	2	0	1	0	0	0	0	0	0	0	3	2	10	0	0	0	0	1	1	1	0	0	7	0	0	2	2	0	3	1	1	9	6	0	0	3	0	2	0	0	0	2	0	0	0	2	0	0	0	0	0	0	0	10	0	1	1	0
