0	0	0	11	0	0	12	0	8	0	0	0	0	2	0	0	1	0	0	2	0	1	0	0	0	0	0	0	0	0	0	1	0	0	0	0	1	0	0	0	3	0	64	0	0	0	0	0	0	0	0	0	9	0	0	1	0	0	0	0	0	0	0	1	0	0	0	0	1	0	0	0	0	5	0	0	0	0	0	0	0	3	0	0	0	0	0	0	0	0	0	0	2	0	4	0	0	0	0	0	0	0	0	0	0	0	0	0	0	0	12	0	0	0	3	0	0	0	0	2	0	0	0	0	2	0	0	0	0	0	0	0	7	0	1	0	0	0	0	7	0	0	0	2	4	0	0	0	0	0	0	0	0	0	0	0	0	6	0	0	0	0	3	0	0	0	12	0	0	0	0	0	0	0	0	0	0	0	3	0	2	0	0	0	2	0	0	0	0	0	0	0	0	0	0	2	0	0	0	0	0	0	5	12	1	0	0	1055	1	0	1	0	0	0	0	0	0	0	0	0	13	0	0	0	0	0	0	0	0	0	13	0	2	0	7	0	0	0	0	1	0	0	0	0	0	0	4	0	60	0	0	0	0	0	0	0	0	0	0	0	0	3	0	0	2	5	6	6	0	0	0	12	7	11	0	0	0	0	0	0	0	1	0	0	0	1	1	1	0	0	0	0	0	0
0	0	0	4	0	0	16	0	3	0	0	5	0	0	0	0	0	0	0	0	0	0	0	0	0	0	0	0	0	0	0	0	0	0	0	0	0	2	0	0	0	0	55	0	0	0	0	0	0	0	0	0	0	0	0	0	0	0	0	0	0	0	0	1	0	4	0	0	3	0	0	4	0	0	0	0	1	0	0	0	0	1	0	0	0	0	0	0	0	1	0	0	1	0	0	0	0	0	0	0	0	0	0	0	0	0	0	0	0	0	5	0	0	0	5	1	0	0	0	1	0	0	0	0	2	0	0	0	0	0	0	0	4	0	0	0	0	0	0	5	0	0	0	1	2	0	0	0	0	0	1	0	0	0	0	0	0	9	0	0	0	0	0	0	0	0	8	0	0	0	0	1	0	0	0	0	0	0	0	0	4	3	0	1	1	0	0	0	0	0	0	0	0	1	0	0	0	0	0	0	0	0	2	1	0	0	0	774	0	0	0	0	0	0	0	0	0	1	0	0	14	0	0	0	0	0	0	0	0	0	9	0	0	0	4	0	0	0	0	0	0	0	0	0	0	0	0	0	16	0	0	0	0	0	0	1	0	0	0	0	0	0	0	0	0	2	1	1	0	1	0	3	1	6	0	0	0	0	0	0	0	0	0	0	0	0	0	0	0	0	0	0	0	0
0	0	2	1	0	0	12	0	14	0	1	6	0	3	0	0	0	0	0	0	0	2	0	0	0	0	0	0	0	0	0	0	0	0	0	0	0	1	0	0	2	0	48	0	0	0	0	0	0	0	0	0	1	0	0	0	0	0	3	0	0	0	0	5	0	5	0	0	2	0	0	3	0	0	0	0	1	0	0	0	0	3	0	0	0	0	0	0	0	2	0	0	2	0	0	0	0	0	0	0	0	0	2	0	0	1	0	0	0	1	4	0	0	0	2	1	0	0	0	0	0	0	0	1	3	0	0	0	0	0	0	0	2	0	1	0	0	0	0	5	1	0	0	0	2	0	0	1	0	0	1	0	0	0	0	2	0	1	0	0	0	0	0	0	0	0	2	0	0	0	0	0	1	0	0	0	0	0	0	0	1	0	0	0	0	0	0	0	0	0	0	0	0	2	0	0	0	0	0	0	0	0	0	0	1	0	0	675	0	0	4	0	0	0	1	0	0	1	0	0	12	0	0	0	0	0	0	2	0	0	15	0	1	0	1	0	1	0	0	0	0	0	0	0	0	0	0	0	43	0	0	0	0	0	0	2	0	0	0	0	0	0	1	0	0	2	1	0	1	0	0	0	0	2	0	0	0	0	0	0	0	0	0	0	0	0	1	0	0	0	0	0	0	0
0	0	0	8	0	0	11	0	4	0	0	4	0	0	0	0	0	0	0	0	0	0	0	0	0	0	0	0	0	0	0	0	0	0	0	0	0	0	0	0	1	0	36	0	0	0	0	0	0	0	0	0	6	0	0	0	0	0	2	0	0	0	0	2	0	2	0	0	1	0	0	1	0	1	1	0	0	0	0	0	0	0	0	0	0	0	0	0	0	0	0	0	1	0	0	0	0	0	0	0	0	0	1	0	0	0	0	0	0	0	3	0	0	0	1	0	0	0	0	2	0	0	0	1	0	0	0	0	0	0	0	1	3	0	1	0	0	0	0	3	1	0	0	0	2	0	0	0	0	0	0	0	0	0	0	1	0	4	0	0	0	0	0	0	0	0	7	0	0	0	0	0	1	0	0	0	0	0	1	0	1	0	0	1	0	0	0	0	0	0	0	0	0	1	0	0	1	0	0	0	0	0	1	2	0	0	0	821	0	0	1	0	0	0	0	0	0	0	0	0	8	0	0	0	0	0	0	1	0	0	12	0	0	0	5	0	0	0	0	1	0	0	0	0	0	1	1	0	47	0	0	0	0	0	0	0	0	0	0	0	0	0	0	0	0	4	2	0	0	0	0	5	2	2	0	0	0	0	1	0	0	0	0	0	0	0	0	0	0	0	0	0	0	1
0	0	0	1	0	0	8	0	4	0	0	1	0	1	0	0	0	1	0	0	0	0	0	0	0	0	0	0	0	0	0	0	0	0	0	0	0	0	0	0	2	0	30	0	0	0	0	0	0	1	0	0	2	0	0	0	0	0	1	0	0	0	0	6	1	0	0	0	1	0	0	2	0	0	0	0	0	0	0	0	0	0	0	0	0	1	0	0	0	0	0	0	0	0	0	0	0	0	0	0	0	0	0	0	0	0	0	0	0	0	3	0	0	0	2	0	0	0	0	0	0	0	0	0	0	0	0	0	0	0	0	0	0	0	0	0	0	0	0	2	0	0	0	0	1	0	0	0	0	0	0	0	0	0	0	0	0	0	0	0	0	0	1	0	0	0	1	0	0	1	1	0	0	0	0	0	0	0	3	0	2	0	0	2	0	0	0	0	0	0	0	0	0	0	0	0	0	0	0	0	0	0	0	0	0	0	0	728	0	0	3	0	0	0	0	0	0	0	0	0	10	0	0	0	1	0	1	0	0	0	11	0	0	0	2	0	0	0	1	1	0	0	0	0	0	0	0	0	25	0	0	0	0	0	0	0	0	0	0	0	0	0	0	0	0	7	1	1	0	0	0	0	0	0	0	1	0	0	0	0	0	0	0	0	0	0	0	0	0	0	0	0	0	0
0	0	3	3	0	0	9	0	6	0	2	7	0	0	0	0	0	0	0	0	0	0	0	0	0	0	0	0	0	0	0	0	0	0	0	0	0	1	0	0	0	0	36	0	0	0	0	0	0	0	0	0	3	0	0	0	0	0	0	0	0	0	0	2	1	3	0	0	0	0	1	6	0	0	0	0	3	0	0	0	0	2	0	0	0	0	0	0	0	3	0	0	1	0	0	0	0	0	0	0	0	0	1	0	0	0	0	0	0	1	1	0	0	0	3	0	0	0	0	3	0	0	0	1	3	0	0	1	0	0	0	0	2	0	0	0	0	0	0	2	0	0	0	0	1	0	0	1	0	0	2	0	0	0	0	1	1	1	0	0	0	0	2	0	0	0	2	0	0	0	0	0	0	0	0	0	0	0	1	0	0	0	0	1	1	0	0	0	0	1	0	0	0	1	0	0	0	0	0	0	0	0	0	0	0	0	0	683	0	0	0	0	0	0	0	1	0	1	0	0	17	0	0	0	0	0	1	1	0	0	4	0	0	0	2	0	1	0	0	0	0	0	0	0	0	0	0	0	16	0	0	0	0	0	0	2	0	0	0	0	0	0	1	0	0	4	2	0	1	1	0	1	0	2	0	0	0	0	0	0	0	0	0	0	0	0	0	0	0	0	0	0	0	0
0	0	0	5	0	0	8	0	2	0	0	5	0	0	0	0	0	0	0	0	0	0	0	0	0	0	0	0	0	0	0	0	0	0	0	0	0	0	0	0	0	0	28	0	0	0	0	0	0	0	0	0	0	0	0	0	0	0	2	0	0	0	1	2	0	2	0	0	1	0	0	3	0	0	2	0	0	0	0	0	0	1	0	0	0	0	0	0	0	0	0	0	1	0	0	0	0	0	0	0	0	0	0	0	0	2	0	0	0	0	0	0	0	0	1	0	0	0	0	0	0	0	1	0	1	0	0	0	0	0	0	0	0	0	0	0	0	0	0	1	0	0	0	1	4	0	0	0	0	0	0	0	0	0	0	0	0	3	0	0	0	0	0	0	0	0	3	0	0	0	0	1	0	0	0	0	0	1	0	0	0	0	0	0	0	0	0	0	0	0	0	0	0	3	0	0	0	0	0	1	0	0	2	1	0	0	0	1018	0	0	2	0	0	0	0	0	0	0	0	0	15	0	0	0	0	0	1	0	0	0	2	0	0	0	9	0	0	0	1	0	0	1	0	0	0	0	0	0	28	0	0	0	0	0	0	0	0	0	0	0	0	0	0	0	0	0	2	1	0	1	0	3	3	8	0	0	0	0	0	0	0	0	0	0	0	0	0	0	0	0	0	0	0	0
0	0	0	4	0	0	16	0	1	0	0	2	0	0	0	0	1	0	0	0	0	0	0	0	0	0	0	0	1	0	0	2	0	1	0	0	0	0	0	0	0	0	35	0	0	0	0	0	0	0	0	0	5	0	0	1	0	0	0	0	1	0	0	1	0	2	0	0	2	0	0	0	0	3	0	0	0	0	0	0	0	0	0	0	0	0	0	0	0	0	0	0	0	0	2	0	0	0	0	0	0	0	3	0	0	2	0	0	0	0	4	0	0	0	2	0	0	0	0	1	0	0	0	1	0	0	0	0	0	0	0	0	4	0	2	0	0	0	0	1	0	0	0	2	4	0	0	0	0	0	0	0	0	0	0	0	0	8	0	0	0	0	2	0	0	0	5	0	0	0	0	2	1	0	0	0	0	1	0	0	12	4	0	0	1	0	0	0	0	0	0	0	0	0	0	1	0	0	0	0	0	0	4	3	0	0	0	721	0	0	1	0	0	0	0	0	0	0	0	0	16	0	0	0	0	0	0	0	0	0	9	0	0	0	2	0	0	0	0	1	0	1	0	0	0	0	3	0	35	0	0	0	0	0	0	0	0	0	0	0	0	2	0	0	0	1	0	1	0	0	0	6	0	7	0	0	0	0	0	0	0	0	0	0	0	0	0	0	0	0	0	0	0	0
1	0	1	2	0	0	8	0	4	1	0	3	0	0	0	0	0	0	0	0	0	1	0	0	0	0	0	0	2	0	0	0	0	0	0	0	0	2	0	0	0	0	58	0	0	0	0	0	0	0	0	0	1	0	0	0	0	0	1	0	3	0	0	0	0	6	0	0	6	0	0	1	0	0	0	0	0	0	0	0	0	2	0	0	0	0	0	0	0	0	0	0	6	0	0	0	0	0	0	0	0	0	4	0	0	0	0	0	0	0	2	0	0	3	0	0	0	0	0	2	0	0	0	0	1	0	0	0	0	0	0	0	5	0	0	0	0	0	0	0	0	0	0	0	3	0	0	0	0	0	0	0	0	0	0	0	0	5	0	0	0	0	2	0	0	0	4	0	0	0	0	2	0	0	0	0	0	0	2	0	18	4	0	0	0	0	0	0	0	0	0	0	0	0	0	0	0	0	0	0	0	0	0	0	1	0	0	977	1	0	0	0	1	0	0	0	0	0	0	0	12	0	0	0	0	0	0	1	0	0	1	0	0	0	1	0	0	0	0	0	0	0	0	0	0	0	0	0	17	0	0	0	0	0	0	1	0	0	0	0	0	0	0	0	0	3	3	1	0	0	0	0	0	1	0	0	0	0	0	0	0	0	0	0	0	0	0	0	0	0	0	0	0	0
0	0	0	0	0	0	33	0	3	0	0	1	0	0	0	0	0	0	0	0	0	0	0	0	0	0	0	0	1	0	0	0	0	0	0	0	0	0	0	0	0	0	55	0	0	0	0	0	0	0	0	0	0	0	0	0	0	0	0	0	1	0	0	0	0	2	0	0	1	0	0	2	0	0	5	0	0	0	0	0	0	0	0	0	0	1	0	0	0	0	0	0	0	0	0	0	0	0	0	0	0	0	1	0	0	0	0	0	0	0	5	0	0	0	0	0	0	0	0	1	0	0	9	0	1	0	0	0	0	0	0	0	0	0	1	0	0	0	0	1	0	0	0	0	0	0	0	0	0	0	0	0	0	0	0	0	0	4	0	0	0	0	1	0	0	0	9	0	0	0	0	0	0	0	0	0	0	0	1	0	5	0	0	0	0	0	0	0	0	0	0	0	0	4	0	0	0	0	0	12	0	0	1	0	0	0	0	1036	0	0	0	0	0	5	0	0	0	0	0	0	16	0	0	0	0	0	0	0	0	0	23	0	0	0	1	0	0	0	0	0	0	0	1	0	0	0	0	0	54	0	0	0	0	0	0	0	0	0	0	0	0	0	0	0	0	1	3	0	0	3	0	0	0	4	0	0	0	0	0	0	0	0	0	0	0	3	0	0	0	0	0	0	0	0
0	0	1	0	0	0	12	0	3	0	0	0	0	1	0	0	0	1	0	0	0	0	0	0	0	0	0	0	0	0	0	0	0	0	0	0	0	0	0	0	0	0	43	0	0	0	0	0	0	3	0	0	5	0	0	0	0	0	2	0	0	0	0	0	0	0	0	0	4	0	0	2	0	0	0	0	0	0	0	0	0	0	0	0	0	0	0	0	0	0	0	0	0	0	0	0	0	0	0	0	0	0	0	0	0	1	0	0	1	0	0	0	0	1	1	0	0	0	1	1	0	0	0	0	0	0	0	0	0	0	0	0	0	0	0	0	0	0	0	1	0	0	0	0	3	0	0	0	0	0	6	0	0	2	0	0	3	2	0	0	0	0	2	0	0	0	4	0	0	0	0	1	0	0	0	0	0	0	0	0	0	0	0	5	0	0	0	0	0	0	0	0	0	2	0	0	0	0	0	0	0	0	0	0	0	0	0	680	1	0	1	0	0	0	0	0	0	0	0	0	13	0	0	0	0	0	0	0	0	0	0	0	0	0	1	0	3	0	0	0	0	0	0	0	0	0	1	0	10	0	0	0	0	0	0	0	0	0	1	0	0	0	0	0	0	1	0	1	0	0	0	1	0	1	0	0	0	0	0	0	0	1	0	0	0	0	0	0	0	0	0	0	0	0
0	0	0	2	0	1	15	0	13	1	0	0	0	0	0	0	1	0	0	0	0	1	0	0	0	0	0	0	0	0	0	0	0	0	0	0	0	0	0	0	1	0	89	0	0	0	0	0	0	3	0	0	7	0	0	0	0	0	1	0	0	0	0	5	0	0	0	0	17	0	0	5	0	4	0	0	0	0	0	0	0	0	0	0	2	0	0	0	0	0	0	0	0	0	1	0	0	0	0	0	0	0	0	0	0	1	0	0	0	0	70	1	0	0	2	0	0	0	0	1	0	0	0	0	0	0	0	0	0	0	0	0	3	0	5	0	0	0	0	9	1	0	1	0	4	1	0	0	0	0	1	0	0	1	0	0	1	7	0	0	0	0	25	0	0	0	2	0	0	0	0	1	0	1	0	0	0	0	1	0	15	0	0	3	1	0	0	0	0	2	0	0	0	0	0	3	0	0	0	0	0	0	0	1	0	0	0	1088	0	0	1	1	0	0	0	0	0	1	0	0	16	0	0	0	0	0	0	0	0	0	1	3	0	0	7	0	2	0	0	0	0	0	0	0	0	0	1	0	19	0	0	0	0	0	0	1	0	0	0	0	0	1	0	0	0	5	0	5	1	0	0	2	0	10	0	0	0	0	0	0	0	0	0	0	0	0	1	0	0	0	0	0	0	0
0	0	0	1	0	0	7	0	5	0	0	2	0	0	0	0	0	0	0	0	0	1	0	0	0	0	0	0	0	0	0	0	0	1	2	0	0	0	0	0	1	0	55	0	0	0	0	0	0	0	0	0	6	0	0	0	0	0	2	0	2	0	0	0	0	1	0	0	5	0	0	3	0	2	0	0	0	0	0	0	0	0	0	0	0	0	0	0	0	1	0	1	0	0	0	0	0	0	0	0	0	0	0	0	0	0	0	0	0	0	0	1	0	1	4	0	0	0	0	3	0	0	0	0	1	0	0	0	0	0	0	0	2	0	0	0	0	0	0	4	0	0	0	0	1	0	0	0	0	0	0	0	0	0	0	0	0	3	0	0	0	0	8	0	0	0	7	0	0	0	0	1	0	0	0	0	0	0	0	0	0	0	0	0	0	0	0	0	0	0	0	0	0	1	0	2	0	0	0	0	0	0	0	0	0	0	0	782	0	0	3	0	0	0	0	0	0	0	0	0	10	0	1	0	0	0	0	0	0	0	4	0	0	0	1	0	0	0	0	0	0	0	0	0	0	0	0	0	13	0	0	0	0	0	0	0	0	0	0	0	0	2	0	0	1	1	1	2	0	0	0	3	0	3	0	0	0	0	0	0	0	0	0	0	0	0	0	0	0	0	0	0	0	0
0	0	0	2	0	0	5	0	2	0	0	2	0	0	0	0	0	0	0	0	0	0	0	0	0	0	0	1	0	0	0	0	0	0	0	0	0	0	0	0	0	0	31	0	0	0	0	0	0	0	0	0	0	0	0	0	0	0	0	0	0	0	0	0	0	0	0	0	0	0	0	4	0	2	0	0	0	0	0	0	0	0	0	0	1	0	0	0	0	0	0	0	0	0	0	0	0	0	0	0	0	0	0	0	0	1	0	0	0	0	0	0	0	2	9	0	0	0	1	0	0	0	0	0	0	0	0	0	0	0	0	0	0	0	0	0	0	0	0	0	0	0	1	0	1	0	0	0	0	0	0	0	0	0	0	0	1	6	0	0	0	0	12	0	0	0	2	0	0	0	0	0	0	0	0	0	0	0	0	0	14	0	0	2	1	0	0	0	0	0	0	0	0	1	0	0	0	0	0	0	0	0	0	0	0	0	0	572	0	0	1	1	0	0	0	0	0	0	0	0	12	0	0	0	0	0	0	0	0	0	3	0	0	0	0	0	1	0	0	0	0	0	0	0	0	0	0	0	2	0	0	0	0	0	0	0	0	0	1	0	0	0	0	0	0	0	0	0	0	0	0	0	0	0	0	0	0	0	0	0	0	1	0	0	0	0	0	0	0	0	0	0	0	0
0	0	0	4	0	0	10	0	6	0	0	1	0	0	0	0	2	0	0	0	0	0	0	0	0	0	0	0	0	0	0	0	0	0	0	0	0	0	0	0	3	0	89	0	0	0	0	0	0	1	0	0	5	0	0	0	0	0	0	0	0	0	0	8	0	0	0	0	12	0	0	5	0	1	0	0	0	0	0	0	0	0	0	0	0	0	0	0	0	0	0	0	0	0	2	0	0	0	0	0	0	0	0	0	0	0	0	0	0	0	0	0	0	0	1	0	0	0	0	0	1	0	0	0	0	0	0	0	0	0	0	0	0	0	3	0	0	0	0	2	0	0	0	0	14	0	0	0	0	0	0	0	0	0	0	0	0	15	0	0	0	0	12	0	0	0	7	0	0	0	0	0	0	4	0	0	0	0	0	0	0	0	0	0	0	0	0	0	0	3	0	0	0	0	0	5	0	0	0	0	0	0	0	4	0	0	0	706	0	0	0	0	0	0	0	0	0	2	0	0	13	0	0	0	0	0	0	0	0	0	3	5	0	0	8	0	0	0	0	0	0	0	0	0	0	0	0	0	13	0	0	0	0	0	0	0	0	0	3	0	0	1	0	0	0	6	0	1	0	0	0	0	0	6	0	0	0	0	0	0	0	0	0	0	0	0	3	0	0	0	0	0	0	0
0	0	0	3	0	1	3	0	2	0	0	1	0	0	0	0	0	2	0	0	1	1	0	0	0	0	0	0	0	0	0	0	0	0	0	0	0	0	0	0	0	0	22	0	0	0	0	0	0	0	0	0	8	0	0	0	0	0	0	0	0	0	0	0	0	0	0	0	1	0	0	1	0	0	0	0	0	0	0	0	0	0	0	0	0	0	0	0	0	0	0	0	0	0	0	0	0	0	0	0	0	0	0	0	0	0	0	0	0	0	0	0	0	0	1	0	0	0	1	2	0	0	0	0	0	1	0	0	0	0	0	0	2	0	0	0	0	0	1	5	1	0	0	1	2	0	1	1	0	0	0	0	0	0	0	0	0	8	0	0	0	0	23	0	0	0	1	0	0	0	0	1	0	0	0	0	0	0	0	0	0	0	0	0	0	0	0	0	0	0	0	0	0	0	0	0	0	0	0	0	0	0	0	0	1	0	0	498	0	0	1	0	0	1	1	0	0	0	0	0	2	0	0	0	0	0	0	0	0	0	1	0	0	0	2	0	0	0	0	0	0	0	0	0	0	0	0	0	13	0	0	0	0	0	0	1	0	0	0	0	0	1	0	0	0	0	0	6	1	0	0	3	1	3	0	0	0	0	0	0	0	0	0	0	0	0	0	0	0	0	0	0	0	0
0	0	1	3	0	0	10	0	7	0	0	1	0	0	0	0	0	0	0	0	0	1	0	0	0	0	0	1	0	0	0	0	0	0	0	0	0	0	0	0	2	0	80	0	0	0	0	0	0	1	0	0	12	0	0	0	0	0	0	0	0	0	0	1	0	1	0	0	5	0	0	5	0	4	0	0	0	0	0	0	0	0	0	0	1	0	0	0	0	0	0	0	0	0	0	0	0	0	0	0	0	0	0	0	0	0	0	0	0	0	0	0	0	2	5	0	0	0	0	2	0	0	0	0	0	0	0	0	0	0	0	0	1	0	0	0	0	0	0	4	0	0	1	0	5	0	0	0	0	0	0	0	0	0	0	0	0	0	0	0	0	0	1	0	0	0	6	0	0	0	0	1	0	1	0	0	0	0	0	0	9	0	0	0	2	0	0	0	0	0	0	0	0	1	0	1	0	0	0	0	0	0	0	0	0	0	0	992	0	0	3	1	0	0	0	0	0	0	1	0	10	0	0	0	0	0	0	0	0	0	4	0	0	0	2	0	1	0	0	0	0	0	0	0	0	0	0	0	18	0	0	0	0	0	0	0	0	0	1	0	0	1	0	0	0	1	0	2	0	0	0	4	0	4	0	0	0	0	0	0	0	0	0	0	0	0	0	0	0	0	0	0	0	0
0	0	0	3	0	0	12	0	9	0	0	9	0	0	0	0	0	0	0	0	0	0	0	0	0	0	0	0	0	0	0	0	0	1	0	0	0	0	0	0	2	0	76	0	0	0	0	0	0	2	0	0	5	0	0	0	0	0	0	0	0	0	0	1	0	8	0	0	8	0	0	1	0	1	0	0	0	0	0	0	0	0	1	0	0	0	0	0	0	0	0	0	0	0	0	0	0	0	0	0	0	0	0	0	0	1	0	0	0	0	0	0	0	0	0	0	0	0	0	0	0	0	0	0	0	0	0	0	0	0	0	0	1	0	1	0	0	0	0	2	0	0	0	0	4	0	0	0	0	0	4	0	0	2	0	0	2	3	0	0	0	0	4	1	0	0	0	0	0	0	0	0	0	0	0	0	0	0	0	0	1	0	0	4	0	0	0	0	0	1	0	0	0	2	0	0	1	0	0	0	0	0	0	0	1	0	0	937	2	0	0	0	0	0	0	0	0	0	0	0	19	0	0	0	0	0	0	0	0	0	6	1	1	0	1	0	2	0	0	0	0	0	0	0	0	0	1	0	12	0	0	0	0	0	0	0	0	0	0	0	0	2	0	0	0	1	0	1	0	0	0	2	0	4	0	0	0	0	0	0	0	0	0	0	0	0	0	0	0	0	0	0	0	0
1	0	0	0	0	0	239	0	1	0	6	6	0	0	0	0	0	0	1	0	0	2	1	0	0	1	2	0	0	0	0	0	0	0	0	0	0	2	0	0	0	0	68	0	0	0	0	1	0	0	0	45	1	0	3	0	1	0	20	0	0	0	0	4	0	1	0	0	0	0	2	2	1	0	0	0	0	0	8	2	0	0	0	0	0	0	0	0	1	0	1	1	0	0	0	0	0	5	0	0	0	0	0	6	0	0	0	0	8	2	11	0	0	0	1	1	1	2	0	0	1	0	0	0	0	2	0	0	0	5	0	0	0	0	0	11	0	0	0	2	0	0	1	0	3	0	0	0	0	0	0	8	0	0	6	1	0	0	0	2	0	0	0	1	59	2	190	0	0	2	0	4	0	0	0	0	0	0	4	4	1	0	0	0	0	0	0	0	0	0	0	0	0	1	2	0	1	4	0	0	1	0	0	1	10	0	0	40	0	0	0	0	0	24	0	0	1	0	1	0	7	0	0	80	0	0	0	0	0	0	0	0	1	5	0	4	0	0	0	0	0	11	0	0	5	0	11	4	23	0	1	1	1	0	0	0	0	3	0	0	0	0	0	0	0	45	0	18	2	0	1	0	0	9	0	0	0	0	0	0	4	0	0	2	0	0	0	0	3	0	0	0	0	7
0	0	1	0	0	0	222	0	6	0	9	0	0	1	2	1	0	0	2	0	0	1	1	0	0	5	5	0	0	1	0	0	2	0	0	1	0	0	1	3	0	0	89	1	0	0	0	0	0	2	0	50	3	0	0	0	0	0	7	0	0	0	0	2	0	0	1	0	0	0	0	0	0	0	0	0	0	0	2	0	0	0	1	0	0	0	0	0	1	4	1	0	4	0	0	0	0	6	0	1	0	0	0	2	0	0	0	0	1	0	3	1	0	0	0	1	1	0	0	0	0	1	0	0	0	5	0	0	1	4	0	0	0	0	1	65	0	0	0	14	0	0	2	0	6	0	0	0	0	0	0	20	0	0	1	0	0	4	2	0	0	0	4	0	78	2	64	3	1	5	0	3	0	1	3	0	0	0	13	6	0	0	0	0	0	0	0	0	0	0	2	0	0	0	4	1	6	6	0	2	0	0	3	0	2	0	0	53	0	0	2	2	0	13	0	0	0	0	0	0	17	0	0	92	0	0	0	0	0	0	0	0	0	15	0	14	0	3	0	0	1	14	0	2	3	0	6	3	29	0	1	2	0	0	0	0	0	5	5	0	0	0	0	0	0	30	0	13	4	1	0	0	0	9	0	0	0	0	0	0	1	1	0	0	0	0	0	0	4	0	0	0	0	3
1	0	10	0	0	0	59	0	3	0	5	0	3	0	8	1	0	0	9	0	0	4	0	0	0	2	0	0	0	0	3	0	2	1	0	0	2	0	0	0	0	0	60	0	4	0	0	0	0	0	0	14	3	0	2	0	0	1	8	0	0	2	2	3	0	1	0	0	0	0	0	2	1	0	3	0	0	0	3	1	0	0	4	0	0	1	0	0	0	0	1	0	1	0	0	8	0	7	0	0	0	1	3	1	0	1	0	0	5	13	14	0	0	0	0	1	0	0	0	0	3	1	0	0	0	9	7	0	0	53	0	0	0	0	5	47	0	0	0	9	0	0	3	0	11	0	0	0	2	0	0	3	0	0	4	3	0	0	3	1	0	1	0	0	12	1	43	0	1	0	0	3	0	0	0	0	0	0	16	0	1	0	0	0	0	1	0	0	0	0	7	0	0	0	10	0	7	0	0	8	4	0	2	1	23	0	0	36	0	0	0	11	0	60	3	0	3	0	0	0	9	0	3	34	0	0	0	0	0	0	0	0	0	6	0	1	0	4	0	0	0	5	0	4	0	0	1	1	58	0	9	3	0	0	0	0	0	2	1	0	0	0	0	0	0	21	0	24	0	0	0	1	0	6	0	0	0	0	0	0	0	0	0	0	0	0	0	0	0	0	0	0	0	6
6	0	4	0	0	0	56	0	5	0	0	1	1	0	2	0	0	0	11	0	0	0	0	0	0	2	0	0	0	1	2	0	0	0	0	0	4	4	1	0	0	0	51	6	2	0	0	0	0	0	0	42	7	0	2	0	0	0	1	0	0	1	1	5	0	1	4	1	0	0	4	0	7	0	1	0	0	0	7	0	0	0	0	0	0	0	0	25	1	1	0	0	2	0	0	4	0	6	0	0	0	0	0	1	0	0	0	0	28	9	8	2	0	0	0	0	1	4	0	0	7	1	0	0	0	9	1	0	0	29	0	0	0	0	6	57	0	0	0	21	0	0	0	0	4	3	0	0	0	0	0	1	0	0	0	3	0	1	4	0	0	0	0	2	41	0	26	2	0	3	0	8	0	0	0	0	2	0	23	4	0	0	0	0	0	0	0	0	0	0	3	0	0	2	8	2	7	0	0	9	6	0	4	1	37	1	0	86	0	0	0	11	0	78	0	1	0	0	1	0	1	0	1	36	0	0	0	0	0	0	0	0	2	9	0	4	0	1	0	0	1	2	0	3	5	0	3	0	75	0	15	7	2	0	0	0	0	3	0	0	0	0	0	0	0	15	0	25	2	0	1	0	0	15	0	0	0	0	1	3	0	0	0	0	0	0	0	0	4	0	1	0	0	4
3	1	5	0	0	0	63	0	3	0	0	4	0	0	7	0	0	0	4	0	2	0	0	0	0	1	1	0	0	0	1	0	0	0	0	0	0	0	0	2	0	0	39	1	0	2	0	0	0	1	0	22	4	0	2	0	1	2	4	0	0	0	0	1	0	0	1	0	0	0	0	1	1	0	2	0	0	0	6	0	0	0	0	0	0	0	0	0	3	2	0	0	2	0	0	0	0	12	0	0	0	0	5	3	0	4	0	0	1	6	4	0	0	0	5	0	0	2	0	0	5	1	1	0	0	6	3	0	5	24	0	0	0	0	1	19	0	0	0	8	0	1	0	0	18	0	1	0	0	0	0	1	0	0	0	2	0	2	0	0	1	2	9	0	25	0	61	1	0	4	0	3	2	0	11	0	0	1	19	3	2	0	0	0	0	0	0	0	0	0	2	0	0	1	3	1	10	1	0	7	2	0	1	4	12	0	1	47	0	1	2	3	0	43	0	0	1	0	0	0	6	0	0	31	0	0	0	0	0	0	0	0	0	6	0	5	0	11	0	0	0	2	0	1	7	0	2	0	40	0	7	0	0	0	0	0	0	1	1	0	0	0	0	0	0	11	0	10	2	0	1	0	0	7	0	0	0	0	0	1	0	0	0	0	0	0	0	0	2	0	0	0	0	3
2	0	4	0	0	0	202	0	2	0	8	2	3	0	5	0	0	0	14	0	1	0	1	0	0	2	1	1	0	0	0	0	0	0	0	4	3	0	0	0	0	0	35	0	4	1	0	0	0	0	0	77	2	0	0	0	0	0	7	0	0	1	0	2	0	0	0	1	0	0	0	0	1	0	5	0	0	0	6	0	0	0	0	0	0	0	0	0	0	0	0	0	0	0	0	5	0	7	0	1	0	1	0	2	0	0	0	0	0	5	2	0	0	0	2	0	2	0	0	0	4	5	0	0	0	4	6	0	0	45	0	0	0	0	1	2	0	0	0	1	0	0	2	0	1	0	0	0	0	0	0	6	0	0	0	1	0	1	2	0	2	1	1	0	99	5	102	0	2	2	0	0	0	0	2	1	0	0	9	10	0	0	0	0	0	0	0	0	0	0	2	0	0	0	5	0	3	8	0	8	5	0	1	0	11	0	1	12	0	0	0	5	0	59	1	0	0	1	0	0	0	0	3	96	0	4	0	0	0	0	0	0	0	32	0	9	0	1	0	0	0	13	0	2	2	0	4	4	26	0	7	2	0	0	0	0	0	7	0	0	0	0	0	0	0	36	0	12	3	0	0	0	0	5	0	0	0	0	0	1	0	0	0	0	0	0	0	0	7	1	0	0	0	9
1	0	4	0	0	0	158	1	1	0	2	0	2	1	2	0	0	0	11	0	2	0	1	0	0	3	2	0	0	1	1	0	0	0	0	0	1	0	0	2	0	0	42	2	1	0	0	1	0	1	0	21	1	0	1	2	2	2	15	2	0	1	0	1	0	0	1	4	0	0	0	0	0	0	3	0	1	0	5	1	0	0	0	0	0	0	0	0	2	3	0	2	2	0	0	0	0	3	0	2	1	3	0	3	0	0	0	0	0	10	2	0	0	0	0	0	0	1	0	0	5	1	0	0	0	4	5	0	1	41	0	0	0	0	1	7	0	0	0	3	0	0	0	0	5	0	1	0	0	0	0	3	0	0	0	5	0	6	2	0	1	5	1	0	36	0	137	2	0	7	0	2	0	1	0	0	0	0	14	5	1	0	0	0	0	0	0	0	0	1	4	0	0	0	4	1	4	1	1	12	3	0	4	0	12	0	1	40	0	0	0	8	0	65	0	0	1	0	0	0	7	0	4	79	0	0	0	0	0	0	0	0	0	9	0	4	0	4	0	0	1	6	0	0	8	0	13	0	27	0	11	0	2	0	0	0	0	0	3	0	0	0	0	0	0	26	0	8	6	1	0	0	0	6	0	0	0	0	0	2	1	0	0	1	0	0	0	0	3	0	0	0	0	11
2	0	1	0	0	0	96	0	6	0	0	7	2	0	5	1	0	0	2	0	0	0	0	0	0	3	0	0	0	0	0	0	0	0	0	0	0	0	1	2	0	0	81	0	0	0	0	0	0	1	2	1	4	0	1	1	0	0	46	0	0	1	0	2	0	1	1	1	0	0	0	0	1	0	0	0	0	0	4	0	0	0	0	0	0	0	0	0	0	2	0	1	3	0	0	1	0	18	0	2	0	1	0	0	1	0	0	1	4	4	5	1	0	0	2	0	0	0	0	0	6	0	0	0	0	1	5	0	0	23	1	0	0	0	4	104	0	0	0	14	0	1	0	0	10	0	1	0	1	0	0	1	0	0	0	1	0	5	2	0	1	2	5	0	12	0	210	2	0	1	0	7	0	1	2	0	0	0	29	0	2	0	0	0	0	0	0	0	0	0	2	1	0	1	7	1	4	0	0	5	6	0	3	0	21	0	1	115	0	0	2	3	0	29	0	0	0	0	0	0	6	0	0	17	0	0	0	0	0	0	0	0	0	4	0	0	0	1	0	0	0	1	0	3	0	0	21	0	48	0	9	1	0	0	0	0	0	0	1	0	0	0	0	0	0	8	0	15	8	0	0	0	0	7	0	0	0	0	0	1	0	0	0	0	0	0	0	0	0	0	1	0	0	4
6	0	3	0	0	0	94	0	2	0	0	0	0	0	2	0	1	0	2	0	0	0	1	0	0	0	1	0	0	0	1	0	0	0	0	0	5	0	0	0	0	23	45	3	0	1	0	0	0	0	0	20	0	0	0	0	0	0	10	0	0	0	1	0	0	4	0	0	0	0	0	3	1	0	0	0	0	0	1	0	0	0	0	0	0	0	0	0	1	1	0	1	0	0	0	0	0	4	0	0	0	0	0	4	0	0	1	0	0	11	2	0	0	0	1	0	3	3	0	0	0	0	0	0	0	6	0	0	0	15	0	0	0	0	0	15	0	0	0	0	0	0	0	0	2	0	0	0	0	0	0	3	0	0	0	5	0	0	3	0	0	0	0	0	27	0	83	0	0	2	0	0	0	0	0	0	4	0	5	3	1	0	0	0	0	0	0	0	0	0	0	0	0	0	8	0	4	1	0	3	0	0	0	1	19	0	0	11	0	0	0	11	0	37	0	0	0	0	0	0	4	0	0	39	0	0	0	0	0	0	0	0	0	6	0	5	0	1	0	0	0	4	0	1	2	0	5	0	17	0	9	3	0	0	0	0	0	1	0	0	0	0	1	0	0	13	0	4	2	0	3	0	0	1	0	0	0	0	0	0	0	0	0	0	0	0	0	0	3	0	0	0	0	2
0	0	2	0	0	0	186	0	3	0	0	2	0	0	5	1	0	0	0	0	1	1	1	0	0	1	2	0	0	0	0	0	2	1	0	0	0	0	1	0	0	0	61	0	0	0	0	1	0	0	0	18	3	0	0	1	2	0	23	0	0	1	2	1	0	2	0	0	0	0	0	0	0	0	0	0	1	0	5	0	1	0	2	0	0	1	0	0	4	0	0	1	1	0	0	5	0	9	0	0	0	0	1	7	0	0	0	0	4	3	7	1	0	0	1	0	0	3	0	0	1	0	0	1	0	7	0	0	0	18	0	0	0	0	3	33	0	0	0	10	0	0	1	0	10	0	0	0	1	0	0	0	0	0	0	1	0	1	1	0	0	0	1	0	40	0	182	0	0	6	0	8	0	0	1	0	0	0	24	9	2	1	0	0	1	3	0	0	0	0	2	0	0	0	2	0	3	5	0	2	0	0	1	0	17	1	0	72	0	0	0	3	0	20	0	3	0	0	0	0	3	0	0	81	0	0	0	0	0	0	0	0	0	6	0	9	0	2	0	0	0	12	0	4	14	0	10	0	47	0	4	5	1	0	0	0	0	5	0	0	0	0	0	0	0	26	0	10	1	0	2	1	0	9	0	0	0	0	0	0	1	0	0	1	0	0	0	3	7	0	0	0	0	3
4	0	8	0	0	0	23	3	9	0	2	18	0	0	4	0	1	0	0	2	4	0	1	1	1	0	1	1	0	0	1	0	0	0	0	0	0	0	2	1	7	0	74	0	1	0	0	0	0	0	0	0	8	2	0	0	0	1	20	0	0	0	0	1	0	1	1	0	0	0	0	1	3	0	1	0	0	1	2	0	0	7	0	0	0	0	0	0	0	7	0	0	5	1	0	1	0	9	0	0	1	4	0	0	1	0	0	0	8	3	6	0	0	3	17	3	1	0	0	0	0	0	0	0	0	7	1	0	1	9	2	0	0	1	1	38	0	0	0	13	0	0	0	0	19	0	0	0	0	0	1	1	0	0	0	0	0	5	0	0	0	0	20	0	10	1	35	3	1	2	0	11	0	0	9	1	1	0	42	2	14	1	1	0	0	0	0	0	1	1	1	1	1	1	1	2	1	0	0	0	2	0	3	7	15	0	2	182	0	0	0	11	0	22	1	0	0	0	0	0	8	0	0	14	1	1	5	0	0	0	0	0	0	1	1	1	0	0	0	0	0	0	0	2	2	0	3	0	137	1	0	1	0	0	1	3	0	0	0	0	1	0	0	0	0	9	0	23	0	0	0	0	0	34	1	0	0	0	1	0	0	0	1	1	0	0	0	0	0	1	0	0	0	4
0	0	1	0	0	0	91	0	15	0	3	2	0	0	1	0	0	0	0	0	3	2	0	0	0	1	1	0	0	0	0	0	0	0	0	0	0	0	1	0	6	0	121	0	0	0	0	0	0	3	0	3	2	1	0	0	0	1	8	0	0	0	0	2	0	0	0	0	0	0	0	3	0	0	0	0	0	1	0	0	0	2	3	0	0	0	0	0	0	0	0	0	2	0	0	0	0	0	0	0	0	2	0	0	0	2	0	0	5	5	8	0	0	0	3	1	0	0	0	0	0	1	0	0	0	1	0	0	0	4	0	0	0	0	1	34	0	0	0	13	0	0	0	0	14	5	0	0	0	0	0	1	0	0	2	0	0	4	1	0	0	2	25	0	35	0	65	1	0	0	0	2	0	0	4	0	0	0	19	0	14	0	2	1	0	0	0	0	0	0	0	0	0	0	0	1	3	0	0	0	0	0	3	2	7	0	1	155	0	0	0	2	0	8	4	1	0	0	0	0	17	0	0	54	0	0	0	0	1	0	0	0	3	14	0	3	0	0	0	0	0	2	0	0	1	0	4	1	78	0	1	1	0	0	0	0	0	0	0	0	0	3	0	0	0	19	0	14	3	0	0	2	0	29	0	0	0	0	0	1	0	1	4	0	0	0	0	1	1	0	0	0	0	0
0	2	0	0	0	0	73	0	12	0	2	5	0	0	4	0	0	0	3	3	2	1	0	0	0	4	2	0	0	1	0	0	2	0	0	0	0	0	1	2	7	0	118	0	0	1	0	0	0	0	1	11	5	1	0	0	0	1	12	0	0	0	0	1	0	0	0	0	2	0	1	3	0	0	2	0	0	1	1	0	0	0	2	0	0	0	0	0	0	7	1	1	2	0	0	0	0	1	0	0	0	0	0	0	2	0	0	0	2	3	26	0	0	0	11	6	1	0	0	0	2	0	0	0	0	8	0	0	0	7	0	0	1	1	0	7	0	0	0	10	1	0	1	0	27	0	0	0	0	0	0	0	0	0	0	0	0	16	1	2	0	0	15	0	28	2	70	3	2	0	0	2	0	1	2	1	0	0	17	6	7	0	0	0	0	0	0	0	2	0	0	0	0	0	4	0	1	0	0	0	1	0	0	1	9	0	0	110	0	0	0	5	0	13	1	3	0	0	0	0	13	0	0	47	2	2	4	0	0	0	0	0	3	7	0	1	1	2	0	0	0	1	0	6	1	0	3	1	62	1	0	0	0	0	0	0	0	0	0	0	0	0	0	0	0	19	0	33	5	0	0	0	0	51	0	0	0	0	0	0	0	0	3	1	0	0	0	0	0	0	0	0	0	3
0	2	0	0	0	0	11	0	24	0	3	2	0	0	1	0	0	0	0	0	0	1	0	0	0	0	0	0	0	0	2	0	0	0	0	0	0	1	0	0	24	0	95	0	1	5	0	0	1	3	0	6	6	1	0	0	0	0	7	0	0	0	1	3	0	0	1	0	0	0	0	3	0	0	1	0	0	4	0	0	0	2	12	3	0	0	0	0	0	1	2	0	1	1	1	0	0	2	0	0	0	3	0	0	0	0	0	0	21	10	60	0	0	0	5	3	0	0	0	0	1	0	0	0	0	2	1	0	0	5	0	1	2	0	1	44	0	0	0	27	0	0	0	0	20	4	0	0	0	0	0	0	0	0	1	0	0	24	0	0	0	0	17	0	8	0	16	4	3	0	0	5	0	0	2	0	0	0	26	0	4	0	5	0	0	1	0	0	0	0	0	0	0	1	1	1	1	0	0	0	0	0	2	2	5	0	1	113	0	0	0	0	0	5	5	0	0	0	0	0	24	0	1	4	0	0	0	0	2	0	0	0	0	3	0	0	0	1	1	0	0	13	0	1	2	0	3	0	127	0	1	1	0	0	0	0	0	4	0	0	0	2	1	0	0	2	0	42	1	0	0	0	0	48	0	0	0	0	2	0	1	3	3	0	0	0	0	0	1	1	1	1	0	0
0	0	3	0	0	0	26	4	12	0	2	7	0	0	7	2	0	0	0	1	1	3	0	0	0	1	1	0	0	0	0	0	0	0	0	0	0	0	1	0	4	0	82	1	0	0	0	0	0	1	0	3	4	0	0	0	0	2	4	0	0	0	0	0	1	0	0	0	2	0	4	11	0	0	2	0	11	1	1	0	0	3	1	0	0	0	0	0	0	7	0	0	14	0	0	0	0	1	0	0	0	6	0	0	0	2	0	0	4	2	10	0	0	2	17	1	1	0	0	0	1	0	0	0	0	10	0	0	1	19	0	0	0	1	0	13	0	0	0	10	0	0	0	0	31	0	1	0	0	0	0	35	0	0	0	0	0	16	4	0	0	1	122	0	6	1	67	2	1	0	13	11	0	0	11	1	1	0	39	3	33	0	3	1	0	0	0	0	0	1	1	1	1	0	5	4	0	0	0	3	1	0	6	3	26	0	1	164	0	0	0	2	0	29	2	0	0	0	0	0	11	0	2	17	1	0	3	0	0	0	0	0	1	1	1	0	0	5	0	0	0	0	0	4	4	0	2	6	99	0	1	1	0	0	0	0	0	0	0	0	0	0	0	0	0	5	0	19	14	0	0	0	0	39	0	0	0	0	0	0	0	0	0	0	0	0	0	0	0	0	0	1	0	13
3	1	13	0	0	0	42	3	13	0	3	7	0	0	3	0	0	0	1	0	0	1	0	0	3	1	1	1	0	0	0	0	1	0	0	0	0	0	0	0	3	1	121	0	1	1	0	0	1	1	1	6	10	1	0	0	0	0	17	0	0	0	0	1	0	3	3	0	3	0	0	2	4	0	1	0	0	1	0	0	0	4	3	0	0	1	0	0	0	9	0	0	7	0	0	0	0	13	0	0	0	3	0	0	0	0	0	0	7	5	12	0	0	2	8	3	1	0	0	0	0	0	0	0	0	1	0	0	0	13	5	0	2	0	1	7	0	0	0	17	0	0	0	0	20	1	0	0	0	0	0	4	0	0	0	0	1	27	1	0	0	0	26	0	26	0	49	1	1	4	0	13	0	0	2	0	1	0	41	0	8	0	3	0	0	0	0	0	0	1	0	4	0	0	2	0	1	0	0	0	0	0	3	4	8	0	0	147	0	0	0	0	2	14	2	0	0	0	0	0	5	0	0	22	0	0	2	0	0	0	0	0	0	5	0	1	0	2	0	0	0	4	0	1	1	0	3	1	96	3	1	0	0	0	2	5	0	0	0	0	3	1	0	0	0	6	0	29	5	0	0	0	0	27	3	0	0	0	0	0	0	0	1	0	0	0	0	0	0	0	0	0	0	2
1	1	2	0	0	0	13	1	18	0	0	5	0	0	0	1	1	0	6	1	2	2	0	0	0	2	0	0	0	0	1	0	4	0	0	0	0	0	0	1	5	0	46	0	0	3	0	0	0	2	1	1	1	0	0	0	0	0	3	0	0	0	0	5	0	0	2	0	4	0	0	1	1	0	2	0	0	1	0	0	0	6	6	2	0	0	0	0	0	3	0	0	7	0	0	0	0	2	0	0	0	3	0	0	0	1	0	0	12	5	15	0	0	0	2	2	0	0	0	0	3	1	0	0	1	1	0	0	0	15	0	0	1	0	4	79	0	0	0	19	0	1	0	0	17	0	0	0	0	0	0	3	0	0	0	0	0	44	3	1	0	0	25	0	6	0	36	3	0	1	0	5	0	0	4	0	0	0	54	0	7	1	1	0	0	0	0	0	0	1	0	0	0	1	1	3	0	0	0	0	0	0	5	4	8	0	0	168	0	0	0	3	0	18	3	0	0	0	1	0	10	0	1	13	0	0	0	0	1	0	0	0	1	0	0	0	1	2	0	0	0	0	0	1	0	1	0	0	123	1	4	2	0	0	0	0	0	0	0	0	0	0	0	0	0	6	0	16	7	0	0	0	0	33	0	0	0	0	2	0	1	0	0	0	0	0	0	0	0	3	0	0	0	0
1	1	4	0	0	0	60	0	12	0	1	4	0	0	1	0	0	0	0	0	0	1	0	1	0	0	0	0	0	0	0	0	0	0	0	0	0	0	0	1	6	1	78	0	0	0	0	0	0	1	0	3	2	0	0	0	1	0	6	1	0	0	1	1	0	0	1	0	1	0	0	2	1	0	0	0	1	5	0	0	0	2	2	0	0	1	0	0	0	1	1	0	12	0	0	1	0	3	0	0	1	3	0	0	0	0	0	0	3	0	38	0	0	0	0	8	0	0	0	0	1	0	0	0	0	0	0	0	0	4	1	0	0	0	0	11	0	0	0	15	0	0	0	0	11	0	0	0	0	0	0	10	1	0	0	0	0	1	1	0	0	1	9	0	23	0	25	0	1	1	1	3	0	1	1	0	1	0	23	0	6	1	5	0	0	0	0	0	0	1	0	3	0	2	0	2	0	0	0	1	0	0	0	2	1	0	0	198	0	0	0	1	1	5	0	1	0	0	0	0	11	0	0	30	0	1	0	0	1	0	0	0	1	4	0	0	0	1	1	0	0	8	0	0	0	0	0	1	89	2	0	0	0	0	0	1	1	1	0	0	1	0	0	0	0	12	0	39	4	0	0	0	0	29	0	0	0	0	0	0	0	1	0	0	0	0	0	0	1	0	1	1	0	0
0	0	0	0	0	0	17	0	5	0	0	8	0	2	0	0	0	0	0	1	0	0	0	0	0	0	0	0	0	0	0	0	0	0	0	0	0	0	0	0	0	0	13	0	0	0	0	0	0	0	0	0	0	0	0	0	0	0	0	0	0	0	0	0	0	0	0	0	5	0	0	6	0	0	0	0	0	0	0	0	0	0	0	0	0	0	1	0	0	0	0	0	4	0	0	0	0	0	0	0	0	0	13	0	0	0	1	1	0	0	0	0	0	0	1	0	0	0	0	0	0	0	1	3	0	0	0	0	0	0	0	0	0	0	0	0	0	0	0	2	0	0	0	0	5	0	0	1	0	1	0	1	0	0	0	0	0	41	0	0	0	0	3	0	0	0	8	0	0	0	0	0	0	0	0	0	0	0	0	0	3	0	1	0	0	0	1	0	1	0	0	0	0	4	0	0	0	0	0	0	0	0	1	3	0	0	0	648	0	0	0	0	0	0	1	0	0	0	0	0	0	0	0	3	0	0	0	0	0	0	0	0	0	0	0	0	0	0	0	0	0	0	3	0	0	0	0	0	10	0	0	0	0	0	0	0	0	0	5	0	0	0	0	0	0	8	1	0	1	0	0	0	1	8	1	0	0	0	0	0	0	0	0	0	0	1	1	0	0	1	0	0	0	0
0	0	0	0	0	0	2	0	3	0	0	15	0	0	0	0	0	0	0	0	0	0	0	0	0	0	0	0	0	0	0	0	0	2	0	0	0	0	0	0	0	0	72	0	0	0	0	0	0	0	0	0	0	0	0	0	0	0	0	0	0	0	0	0	0	0	0	0	0	0	0	8	0	0	0	1	1	0	0	0	0	0	0	0	1	0	0	0	0	0	0	0	1	0	0	0	0	0	0	0	0	1	0	0	2	0	1	0	0	0	0	0	0	0	0	0	0	0	0	0	0	0	0	0	0	0	0	0	0	0	0	0	0	0	0	0	0	0	0	0	0	0	3	0	7	0	0	0	0	0	1	1	0	0	0	0	0	25	0	0	0	0	7	0	0	0	15	0	0	0	0	0	3	0	0	0	0	0	0	0	2	0	0	1	0	0	0	0	0	0	0	0	0	0	0	0	0	0	0	0	0	0	0	1	0	0	0	765	0	0	0	0	0	0	0	0	0	0	0	0	0	8	0	5	0	0	0	0	0	0	0	0	0	0	0	1	0	0	0	0	0	0	4	0	0	0	0	0	8	0	0	0	0	0	0	0	0	0	6	0	0	0	0	5	0	2	0	2	0	2	0	0	0	0	3	2	3	0	0	0	0	0	0	0	0	0	0	0	0	1	0	0	0	0
0	0	0	0	0	0	3	0	10	0	0	5	2	8	0	0	0	0	0	1	0	0	0	0	0	0	0	0	0	0	0	0	0	0	0	0	0	0	0	0	2	0	25	0	0	0	1	0	0	2	0	0	0	0	0	0	7	0	0	0	0	0	0	3	4	0	0	0	3	0	0	14	0	0	0	0	0	0	0	0	0	0	0	2	1	0	0	0	1	0	0	0	4	0	0	0	0	0	1	0	0	0	0	0	1	0	9	0	0	0	3	0	1	0	0	0	0	2	1	0	0	0	1	0	20	0	0	0	0	2	0	4	0	0	0	0	0	0	0	0	0	0	1	0	20	0	0	1	0	0	1	1	0	0	0	0	0	26	0	0	0	0	29	0	0	0	29	0	0	1	0	0	0	0	0	0	1	0	0	0	6	0	0	3	0	0	5	0	0	0	0	0	0	1	0	0	0	0	0	0	0	0	0	3	1	1	0	844	0	0	0	0	0	0	1	0	0	4	0	2	11	0	0	1	0	0	2	2	0	0	0	0	0	0	14	0	0	0	0	0	0	0	8	0	0	0	0	0	17	0	0	0	0	6	1	9	1	0	3	1	1	0	0	0	0	3	1	4	0	0	0	1	0	1	0	2	0	2	0	0	1	0	0	0	0	0	0	0	2	2	0	0	0	0
0	0	0	0	0	0	13	0	4	0	0	2	0	1	0	3	0	0	0	0	0	0	0	0	0	0	0	0	0	0	0	0	0	0	0	0	0	0	0	0	0	0	16	0	0	0	0	0	3	0	0	0	4	0	0	0	0	0	0	0	0	0	0	0	0	0	0	0	1	0	0	8	0	0	0	0	1	0	0	0	0	2	0	1	1	0	0	0	0	0	0	0	1	0	0	0	0	0	0	0	0	0	9	0	0	0	1	0	0	0	0	0	0	0	2	0	0	0	0	2	0	0	0	2	0	0	0	0	0	0	3	0	0	0	0	0	2	0	0	1	0	0	1	0	12	0	0	0	0	0	1	1	1	0	0	0	0	62	0	0	0	0	37	0	0	0	14	0	0	0	0	0	0	2	0	0	0	0	0	0	4	0	0	0	0	0	0	0	0	0	0	0	0	1	0	0	0	0	0	0	0	0	0	3	0	0	0	916	0	0	0	0	0	0	0	0	0	0	1	0	1	0	0	1	0	0	0	3	0	0	0	0	0	0	0	0	0	0	0	0	0	0	9	0	0	0	0	0	7	0	0	0	0	0	1	0	0	0	6	0	0	0	0	0	0	6	0	1	0	0	0	0	0	2	0	1	0	0	0	0	0	0	0	0	0	1	0	0	0	2	0	0	0	0
0	0	0	0	0	0	1	1	4	0	1	7	0	0	0	0	0	0	0	0	0	2	0	0	0	0	0	0	0	0	0	0	0	0	0	0	0	0	0	0	1	0	18	0	0	0	1	0	1	2	0	0	0	2	0	0	0	0	0	0	0	0	0	0	0	1	0	0	5	0	0	7	0	0	0	0	9	0	0	0	1	1	0	0	1	0	1	0	0	0	0	0	4	0	0	0	0	0	0	0	0	0	0	0	0	0	2	2	0	0	0	0	1	0	1	0	0	0	0	0	0	0	0	4	0	0	0	2	0	0	0	0	0	1	0	0	0	0	0	0	0	0	0	0	16	0	0	1	0	1	0	0	0	0	0	0	0	69	0	0	0	0	15	0	0	0	11	0	0	0	0	0	0	0	0	0	0	0	1	0	4	0	1	1	0	0	0	0	3	0	0	0	0	0	0	0	0	0	0	0	0	0	0	2	0	0	0	1000	1	0	0	0	0	2	0	0	0	1	2	0	4	0	0	4	0	0	0	3	0	0	0	0	0	0	0	0	0	0	0	0	0	0	2	0	0	0	0	0	15	0	0	0	0	0	1	0	0	0	2	0	0	0	0	0	0	5	0	1	2	0	0	0	0	0	1	0	0	0	0	0	0	0	0	0	0	0	0	0	0	1	2	0	0	0
0	0	0	0	0	0	1	0	3	0	0	2	1	0	0	0	0	0	0	0	0	0	0	0	0	0	0	0	0	0	0	0	0	0	0	0	0	0	0	0	0	1	18	0	0	0	1	0	0	0	0	0	0	0	0	0	3	0	1	0	0	0	0	1	0	0	0	0	1	1	0	9	0	0	0	0	0	0	0	0	0	0	0	0	3	0	0	0	1	0	0	0	4	0	0	0	0	0	1	1	0	0	0	0	1	0	8	0	0	0	0	0	0	0	0	0	0	1	1	0	0	0	0	0	10	0	0	0	0	1	1	1	0	0	1	0	0	0	0	2	0	0	0	0	17	0	0	0	0	0	4	1	0	0	0	0	0	13	0	0	0	0	27	0	0	0	22	0	0	1	0	0	0	2	0	0	0	0	1	0	6	0	2	1	1	0	0	0	0	0	0	0	0	0	0	0	0	0	0	0	0	0	1	0	1	0	0	464	0	0	0	0	0	0	0	0	0	3	0	2	2	0	0	3	0	0	1	0	0	0	0	0	1	0	6	0	0	0	0	0	0	0	0	0	0	0	0	0	9	0	0	0	0	3	1	5	1	1	3	1	0	1	0	0	0	1	1	4	0	0	0	0	0	1	0	0	0	2	0	0	2	0	0	0	0	0	0	0	1	0	0	0	0	0
0	0	0	0	0	0	0	0	7	0	0	0	0	3	0	0	0	0	0	2	0	0	0	0	0	0	0	1	0	0	0	0	0	0	0	0	0	0	0	1	0	0	8	0	0	0	0	0	0	0	0	0	0	0	0	0	0	0	0	1	0	0	0	0	8	0	0	1	0	0	0	1	0	0	0	0	0	0	0	0	0	1	0	2	0	0	0	0	0	0	0	0	0	0	0	0	0	0	0	0	0	0	0	0	0	0	1	0	0	0	4	0	2	0	0	0	0	0	0	0	0	0	1	0	0	0	0	0	0	0	0	0	0	1	0	0	0	0	1	0	0	0	1	0	1	0	0	0	0	0	1	1	0	0	0	0	0	9	0	0	0	0	8	0	0	0	2	0	0	0	0	0	0	0	0	0	2	0	1	0	2	0	0	0	0	0	9	0	0	0	0	0	2	0	0	0	0	0	0	0	0	0	2	1	0	0	0	678	1	0	0	0	0	0	1	0	1	0	0	0	0	0	0	1	0	0	0	0	0	0	0	0	0	0	0	0	0	0	0	0	0	0	3	0	0	0	0	0	2	0	0	0	0	0	0	0	0	0	1	0	3	0	0	0	0	2	0	0	0	0	0	2	0	0	0	2	0	0	0	0	0	0	0	0	0	0	0	0	0	1	1	0	0	0
0	0	0	0	0	0	10	0	11	0	0	7	0	0	0	0	0	0	0	3	0	2	0	0	0	0	0	0	0	0	0	0	0	0	1	0	0	0	0	0	0	0	33	0	0	0	0	0	0	0	0	0	0	0	0	0	0	0	6	0	0	0	0	0	0	2	0	0	0	0	0	11	0	0	0	0	3	0	0	0	0	0	0	2	3	0	0	0	0	0	0	0	3	0	2	0	0	0	0	2	0	0	7	0	1	5	1	0	0	0	0	0	1	0	0	0	0	0	0	0	0	0	0	0	0	0	0	0	0	0	0	0	0	0	0	0	0	0	0	8	0	0	1	0	18	0	0	0	0	0	4	0	0	0	0	0	0	35	0	0	0	0	5	0	0	0	13	0	0	0	0	0	0	0	0	0	0	0	0	0	9	0	0	1	2	0	0	0	0	0	0	0	0	1	0	0	0	0	0	0	0	0	5	2	0	0	0	732	0	0	0	0	0	0	0	0	0	0	0	0	0	2	0	5	0	0	0	0	0	0	0	0	2	0	0	0	0	0	0	0	0	0	4	0	0	0	0	0	6	0	0	0	0	0	0	0	0	0	12	0	0	0	0	2	0	3	0	0	1	0	0	0	0	11	0	2	0	0	0	0	1	0	0	0	0	1	0	0	0	0	0	0	0	0
0	0	0	0	0	0	8	0	2	0	0	14	0	0	0	0	0	0	0	0	0	0	0	0	0	0	0	0	0	0	0	0	0	0	0	0	0	0	0	0	1	0	19	0	0	0	1	0	0	1	0	0	0	1	0	0	1	0	0	0	0	0	0	0	0	1	0	0	0	0	0	9	0	0	0	0	4	0	0	0	1	0	0	0	0	0	0	0	0	0	0	0	0	0	0	0	0	0	1	0	0	0	6	0	1	0	4	0	0	0	0	0	1	0	1	0	0	0	0	0	0	0	0	0	5	0	0	0	0	1	0	1	0	0	0	0	0	0	0	0	0	0	0	0	3	0	0	0	0	0	0	2	0	0	0	0	0	36	0	0	0	0	7	0	0	0	21	0	1	0	0	0	0	0	0	0	1	0	1	0	1	0	1	2	0	0	0	0	0	0	0	0	0	4	0	0	0	0	0	0	0	0	0	0	0	0	0	471	0	0	0	0	0	0	0	0	0	0	0	1	1	1	0	1	0	0	0	0	0	0	0	0	0	0	2	0	0	0	0	0	0	0	2	0	0	0	0	0	7	0	0	0	0	1	0	1	0	1	0	0	0	2	0	1	0	0	1	1	0	1	0	1	0	0	0	1	0	0	0	0	1	0	0	0	0	1	1	1	0	0	1	0	0	0
0	0	0	0	0	1	1	0	8	0	0	9	0	0	0	0	0	0	0	0	0	0	0	0	0	0	0	2	0	0	0	0	0	0	0	0	0	0	0	0	1	0	26	0	0	0	0	2	0	1	1	0	1	2	0	0	0	0	0	0	0	0	0	0	0	2	0	0	0	1	0	19	0	0	0	3	17	0	0	0	0	2	0	1	1	0	3	0	0	0	0	0	1	0	0	0	0	0	0	0	0	0	0	0	0	0	2	1	0	0	0	0	0	0	0	0	0	0	0	0	0	0	2	4	6	0	0	0	1	0	0	0	0	0	0	0	0	0	0	0	0	0	0	0	42	0	0	0	0	0	2	0	0	0	0	0	0	55	0	0	0	0	44	0	0	0	15	0	0	0	0	0	1	0	0	0	0	0	0	0	8	0	0	0	0	0	0	5	0	0	0	0	0	4	0	0	0	0	0	0	0	0	2	0	0	2	0	611	0	0	0	0	0	0	0	0	0	1	0	1	0	0	0	3	2	0	0	0	0	0	0	0	0	0	2	0	0	0	1	0	0	1	0	0	0	0	1	0	4	0	0	0	0	1	1	3	0	0	4	1	0	0	0	0	1	0	1	1	0	0	0	1	0	1	0	0	0	1	0	0	0	1	0	0	0	0	1	0	0	2	0	0	0	0
0	0	0	0	0	0	1	0	4	0	0	6	0	3	0	0	0	0	0	0	2	0	0	0	0	0	0	0	1	0	0	0	0	0	0	0	0	0	0	0	0	0	11	0	0	0	0	0	0	0	0	0	1	0	0	1	0	0	0	0	0	0	0	1	0	1	0	0	1	0	0	7	0	0	0	2	1	0	0	0	0	3	1	0	2	0	0	0	0	1	0	0	3	0	0	0	0	0	0	0	0	0	0	0	1	0	2	0	0	0	0	0	0	1	0	0	0	0	0	0	0	0	0	1	2	0	0	0	0	0	0	0	0	0	0	0	0	0	0	0	1	0	2	0	41	0	0	0	0	0	1	0	0	0	0	0	0	109	0	0	0	0	32	0	0	0	16	0	1	0	0	0	0	0	0	0	0	0	0	0	2	0	0	0	0	0	0	0	0	0	0	0	0	2	0	1	0	0	0	0	0	1	0	1	0	0	0	295	0	0	0	0	1	0	0	0	0	0	1	0	0	1	0	2	1	0	0	0	0	0	0	0	0	0	1	0	0	0	0	0	0	0	0	0	0	0	0	0	11	0	0	0	0	0	0	0	0	0	3	0	0	0	0	0	0	0	0	0	0	1	0	0	0	6	0	0	0	0	0	0	0	1	0	0	0	1	0	0	0	2	0	0	0	0
0	0	0	0	0	1	1	0	1	0	0	4	0	1	0	0	1	0	0	0	0	0	0	0	0	1	0	0	0	0	0	0	0	0	0	0	0	1	0	0	0	0	20	0	0	0	0	0	0	0	0	0	0	1	1	0	0	0	0	0	0	0	0	0	0	0	0	0	3	0	0	18	0	0	0	0	7	0	0	0	0	1	0	0	2	1	0	0	0	1	0	0	1	1	2	0	0	0	0	0	0	0	0	0	0	0	5	2	0	0	0	0	0	0	0	1	0	0	0	0	0	0	0	2	1	0	0	0	0	0	0	1	0	0	0	1	0	0	0	2	0	0	0	0	31	0	0	0	0	0	0	0	0	0	0	0	0	29	0	0	0	0	24	0	0	0	3	0	0	0	0	2	1	0	0	0	0	0	0	0	8	0	0	0	0	0	0	1	0	0	0	0	0	2	0	0	0	0	0	0	0	0	3	0	0	0	0	392	0	0	0	0	0	0	0	1	0	1	0	1	0	0	0	0	1	0	0	0	0	0	0	0	0	1	2	1	0	0	1	0	0	0	0	0	0	0	0	0	6	0	0	0	0	1	0	2	0	0	1	0	0	0	0	0	2	2	0	4	0	0	0	0	0	0	0	1	1	1	0	0	1	1	0	0	0	0	0	0	0	3	0	0	1	0
0	0	0	0	0	0	7	0	8	0	0	4	0	0	0	0	0	1	0	0	0	0	0	0	0	0	0	0	0	0	0	0	0	0	0	0	0	0	0	0	0	0	18	0	0	0	0	0	0	0	0	0	1	0	0	0	0	0	0	0	0	0	0	0	2	0	0	0	6	1	0	5	0	0	0	0	0	0	0	0	0	0	0	0	0	0	0	0	0	0	0	0	1	0	0	0	0	0	0	1	0	0	0	0	0	0	9	0	0	0	0	0	0	0	0	0	0	0	0	0	0	0	3	0	7	0	0	0	0	0	0	1	1	1	0	0	1	0	0	0	0	0	0	0	18	0	0	0	0	0	3	0	0	0	0	0	0	19	0	0	0	0	7	2	0	0	5	0	0	0	0	0	1	0	0	0	0	0	0	0	1	0	0	0	0	0	0	0	0	0	0	0	0	2	0	0	0	0	0	0	0	0	2	0	14	0	0	404	0	0	0	0	0	0	0	0	0	2	0	0	0	0	0	1	0	0	0	0	0	0	0	0	0	0	1	0	0	0	0	0	0	0	0	0	0	0	4	0	4	0	0	0	0	0	0	1	0	0	6	0	0	1	2	0	0	1	0	0	0	0	0	2	0	0	1	0	0	0	0	0	0	0	0	0	0	0	0	0	0	1	0	0	0	0
0	0	0	0	0	2	1	0	19	1	0	4	0	0	0	0	0	0	0	0	0	0	0	0	0	0	0	0	0	0	0	0	0	0	0	0	0	1	0	0	0	0	27	0	0	0	0	0	0	1	2	0	3	1	0	0	0	0	1	0	0	0	0	0	0	0	0	0	2	0	0	30	0	0	0	0	21	0	0	0	0	1	0	1	1	0	1	0	0	0	0	0	2	0	0	0	1	0	0	0	0	0	0	0	1	0	6	1	0	0	0	0	0	0	0	0	0	0	0	0	0	1	3	10	5	0	0	0	0	0	0	0	0	0	0	0	0	0	0	0	0	0	0	0	43	0	0	0	0	0	1	0	0	0	0	0	0	49	0	0	0	0	7	0	0	0	24	0	0	0	0	1	2	0	0	0	0	1	0	0	13	0	0	0	0	0	0	3	2	0	0	0	0	2	0	0	0	1	0	0	0	0	0	0	0	2	0	813	0	0	0	0	0	0	0	0	0	0	0	1	0	0	0	6	0	0	0	1	0	0	0	0	0	0	3	0	0	0	2	0	0	0	4	0	0	0	2	0	12	0	0	0	0	1	1	0	0	0	10	0	0	0	0	2	2	0	1	1	0	0	0	0	0	2	0	0	0	1	0	0	0	1	0	0	0	0	0	0	0	2	0	2	0	0
0	0	0	0	0	0	8	0	9	0	0	7	0	3	0	0	0	0	0	0	1	0	0	0	0	0	0	0	2	0	0	0	0	0	1	0	0	0	0	0	0	0	41	0	0	0	0	0	0	0	0	0	3	0	0	1	0	0	0	0	0	0	0	2	0	0	0	0	0	1	0	18	0	0	0	2	0	0	0	0	0	4	1	0	1	0	0	0	0	2	0	0	5	2	1	0	0	0	0	1	0	0	0	0	1	0	6	1	0	0	0	0	0	1	0	0	0	0	0	0	0	0	3	0	17	0	0	0	0	0	0	0	0	0	0	0	1	0	0	7	1	0	5	0	262	0	0	0	0	0	4	0	0	0	0	0	0	84	0	0	1	0	32	2	0	0	23	0	1	0	0	3	0	0	0	0	1	0	0	0	4	0	0	0	0	0	0	0	0	0	0	0	0	1	0	2	0	0	0	0	0	4	2	3	0	0	0	659	0	0	0	0	2	0	0	0	0	2	1	0	0	3	0	3	1	0	0	0	0	0	0	2	0	2	3	0	0	0	0	0	0	0	0	0	0	0	2	0	22	0	0	0	0	0	1	1	0	0	12	0	0	4	2	0	0	1	0	3	0	3	0	6	0	7	1	0	0	0	0	0	0	2	0	0	0	2	0	0	0	22	0	0	1	0
0	0	0	0	0	0	0	0	15	0	0	10	0	0	0	0	1	0	0	0	0	0	0	0	0	0	0	1	0	0	0	0	0	0	0	0	0	0	0	0	0	0	9	0	0	0	0	0	0	0	0	0	4	0	1	0	0	0	0	0	0	0	0	0	0	0	0	0	2	0	0	7	0	0	0	2	0	0	0	0	0	1	0	0	0	0	0	0	0	0	0	0	5	1	0	0	1	0	0	0	0	0	0	0	1	0	3	0	0	0	0	0	0	0	0	0	0	0	0	0	0	0	0	0	3	0	0	0	1	0	0	0	0	0	0	0	0	0	0	3	0	0	0	0	65	0	0	0	0	0	1	0	0	0	0	0	0	91	0	0	0	0	12	0	0	0	20	0	0	0	0	4	0	0	0	0	0	0	0	0	0	0	0	0	0	0	0	0	1	0	0	0	1	0	0	0	0	1	1	0	0	0	3	0	0	0	0	573	0	0	1	0	0	0	0	1	0	1	1	0	0	0	0	5	1	0	0	1	0	0	0	0	0	2	0	0	1	0	0	1	0	0	4	0	0	0	2	1	13	0	0	0	0	0	0	4	0	1	3	0	0	1	0	2	0	1	0	2	0	0	0	0	0	4	0	0	0	0	0	0	0	0	0	0	0	1	1	0	0	6	0	2	1	0
