0.9975	0.0000	0.0025
0.9922	0.0000	0.0078
0.9999	0.0000	0.0001
0.9998	0.0000	0.0002
0.9999	0.0000	0.0001
1.0000	0.0000	0.0000
0.9255	0.0000	0.0745
0.9747	0.0000	0.0253
0.6112	0.0000	0.3888
0.7655	0.0000	0.2345
0.9986	0.0000	0.0014
0.0000	1.0000	0.0000
0.0000	1.0000	0.0000
0.0000	1.0000	0.0000
0.0000	1.0000	0.0000
0.0000	1.0000	0.0000
0.0000	1.0000	0.0000
0.0000	1.0000	0.0000
0.0000	1.0000	0.0000
0.0000	1.0000	0.0000
0.0000	1.0000	0.0000
0.0000	1.0000	0.0000
0.0025	0.0000	0.9975
0.0000	0.0000	1.0000
0.0279	0.0000	0.9721
0.0511	0.0000	0.9489
0.0000	0.0000	1.0000
0.0001	0.0130	0.9869
0.0163	0.0000	0.9836
0.0000	0.0000	1.0000
0.0148	0.0000	0.9852
0.0020	0.0000	0.9980
0.0436	0.0000	0.9564
