0	0	1	7	0	0	5	0	7	0	0	6	0	0	0	0	0	0	0	1	0	1	0	1	0	0	0	0	0	0	0	0	0	0	0	0	0	1	0	0	2	0	45	0	0	0	0	0	0	0	0	0	2	0	0	0	0	0	1	0	0	0	0	2	0	4	0	0	0	0	0	6	0	0	0	0	0	0	0	0	0	3	0	0	0	0	0	0	0	1	0	0	3	0	0	0	0	0	0	0	0	0	0	0	0	0	0	0	0	0	1	0	0	0	2	0	0	0	0	1	0	0	0	0	2	0	0	0	0	0	1	0	3	0	1	0	0	0	0	3	0	0	0	0	3	0	0	1	0	0	0	0	0	0	0	0	3	1	0	0	1	0	0	0	0	0	4	0	0	0	0	0	0	0	0	0	1	0	1	0	2	0	0	0	0	0	0	0	0	0	0	0	0	3	0	0	0	0	0	0	0	1	0	0	1	0	0	748	0	0	1	0	0	0	0	0	0	0	0	0	8	0	0	0	0	0	0	0	0	0	5	0	1	0	2	0	0	0	0	0	0	0	0	0	0	0	1	0	18	0	0	0	0	0	0	0	0	0	0	0	0	0	0	0	1	3	4	1	0	0	0	0	2	0	0	0	0	0	0	0	0	0	0	0	0	0	0	0	0	0	0	0	0	0
0	0	5	4	0	0	7	0	5	0	2	9	0	1	0	0	0	0	0	0	0	0	0	0	0	0	0	0	1	0	0	0	0	0	0	0	0	3	0	0	0	0	37	0	0	0	0	0	0	0	0	0	0	0	0	0	0	0	0	0	1	0	0	1	0	11	0	0	1	0	2	4	0	0	0	0	4	0	0	0	0	1	0	0	0	0	0	0	0	4	0	0	4	0	0	0	0	0	0	0	0	0	4	0	0	0	0	0	0	2	0	0	0	1	3	0	0	0	0	0	0	0	0	0	5	0	0	2	0	0	0	0	4	0	0	0	0	0	0	2	0	0	0	0	1	0	0	2	0	0	3	0	0	0	0	3	0	3	0	0	0	0	0	0	0	0	4	0	0	0	0	0	0	1	0	0	0	0	0	0	6	1	0	0	1	0	0	0	0	0	0	0	0	4	0	0	1	0	0	0	0	0	0	0	0	0	0	615	0	0	0	0	0	0	1	0	0	2	0	0	15	0	0	0	0	0	0	0	0	0	2	0	0	0	1	0	1	0	0	0	0	0	0	0	0	0	0	0	97	0	0	0	0	0	0	3	0	0	0	0	0	0	2	0	0	0	1	3	2	1	0	0	0	1	0	0	0	0	0	0	0	0	0	0	0	0	0	0	0	0	0	0	0	1
0	0	0	0	0	1	9	0	1	0	0	2	0	1	0	0	0	0	0	0	0	0	0	1	0	0	0	0	2	0	0	0	0	0	0	0	0	1	0	0	1	0	37	0	0	0	0	0	0	1	0	0	1	0	0	0	0	0	1	0	2	0	0	2	0	7	0	0	0	0	0	5	0	0	0	0	0	0	0	0	0	4	0	0	0	0	0	0	0	0	0	0	0	0	0	0	0	0	0	0	0	0	1	0	0	0	0	0	0	0	1	0	0	2	0	0	0	0	0	0	0	0	1	0	0	0	0	0	0	0	1	1	2	0	0	0	0	1	0	0	0	0	0	1	2	0	0	1	0	0	0	0	0	0	0	1	5	1	0	0	0	0	19	0	0	0	2	0	0	0	0	0	0	0	0	0	1	0	0	0	6	0	0	0	0	0	0	0	0	0	0	0	0	2	0	0	0	0	0	0	0	1	0	0	0	0	0	537	0	0	0	0	0	0	1	0	0	0	0	0	8	1	0	0	1	0	0	3	0	0	3	0	0	0	0	0	0	0	0	0	0	0	0	0	0	0	0	0	102	0	0	0	0	0	0	0	0	0	3	0	0	0	0	0	0	0	0	1	0	0	0	0	0	0	0	0	0	0	0	0	0	0	0	0	0	0	0	0	0	0	0	0	0	0
0	0	0	4	0	0	12	0	9	0	0	1	0	0	0	0	0	0	0	1	0	2	0	0	0	0	0	0	1	0	0	0	0	0	0	0	0	1	0	0	2	0	71	0	0	0	0	0	0	0	0	0	3	1	0	0	0	0	0	0	1	0	0	0	0	2	0	0	2	0	0	2	0	0	0	0	0	0	0	0	0	4	0	0	0	0	0	0	0	0	0	0	6	0	1	0	0	0	0	0	0	0	0	0	0	0	0	0	0	0	8	0	0	1	3	0	0	0	0	1	0	0	0	0	5	0	0	1	0	0	1	0	6	0	0	0	0	0	0	5	0	0	0	0	4	0	0	1	0	0	0	0	0	0	0	0	1	7	0	0	0	0	0	0	0	0	16	0	0	0	0	1	0	0	0	0	0	0	3	0	12	1	0	0	2	0	0	0	0	0	0	0	0	1	0	1	0	0	0	0	0	0	1	2	2	0	0	1078	1	0	0	0	1	1	0	0	0	0	0	0	12	0	0	0	0	0	0	0	0	0	12	0	1	0	2	0	0	0	0	1	0	0	0	1	0	0	0	0	20	0	0	0	0	0	0	0	0	0	0	0	0	0	0	0	1	3	5	3	0	0	0	2	2	3	0	0	0	0	0	0	0	1	0	0	0	1	1	0	1	0	0	0	0	0
0	0	7	1	0	1	16	0	9	0	2	11	0	0	0	0	0	0	0	0	0	1	0	0	0	0	0	0	0	0	0	0	0	0	0	0	0	2	0	0	0	0	66	0	0	0	0	0	0	0	0	0	1	0	0	0	0	0	1	0	0	0	0	4	0	5	0	0	0	0	3	7	0	0	0	0	7	0	0	0	0	4	0	0	0	0	0	0	0	4	0	0	6	0	0	0	0	0	0	0	0	0	0	0	0	0	0	0	0	3	3	0	0	0	3	0	0	0	0	2	0	0	3	0	4	0	0	2	0	0	0	0	2	0	0	0	0	1	0	4	0	0	0	0	3	0	0	1	0	0	4	0	0	0	0	1	0	1	0	0	0	0	11	0	0	0	3	0	0	0	0	0	0	0	0	0	0	0	1	0	2	0	0	0	1	0	0	0	0	0	0	0	0	1	0	0	0	0	0	0	0	0	0	0	1	0	0	755	0	0	1	0	0	0	0	0	0	2	0	0	19	0	0	0	0	0	1	3	0	0	7	0	0	0	0	0	4	0	1	0	0	0	0	0	0	0	0	0	0	0	0	0	0	0	0	4	0	0	1	0	0	0	4	0	0	5	3	0	3	1	0	0	0	0	1	0	0	0	0	0	0	0	0	0	0	0	0	0	0	0	0	0	0	0
0	0	0	10	0	0	6	0	10	0	0	1	0	3	0	0	1	0	0	4	0	2	0	0	1	0	0	0	0	0	0	1	0	0	0	0	0	0	0	0	1	0	53	0	0	0	0	0	0	0	0	0	7	1	0	1	0	0	3	1	0	0	0	5	0	0	0	0	1	0	0	1	0	3	0	0	0	0	0	0	0	2	0	0	0	0	0	0	0	0	0	0	5	0	4	0	0	0	0	0	0	0	0	0	0	1	0	0	0	0	2	0	0	0	0	0	0	0	0	2	0	0	0	0	1	0	0	0	0	0	0	0	4	0	0	0	0	0	0	4	0	0	0	2	5	0	0	0	0	0	0	0	0	0	0	0	0	3	0	0	0	0	2	0	0	0	4	0	0	0	0	0	0	0	0	0	0	0	3	0	1	0	0	0	2	0	0	0	0	0	0	0	0	1	0	0	0	0	0	0	0	0	1	8	5	0	0	965	4	0	4	0	0	1	0	0	0	0	0	0	8	0	0	0	0	0	0	1	0	0	16	0	3	1	5	0	0	0	0	0	0	0	0	0	0	0	2	0	85	0	0	0	0	0	0	0	1	0	0	0	0	4	0	0	5	6	6	3	0	0	0	4	11	4	1	0	0	0	0	0	0	0	0	0	0	0	2	0	0	0	0	0	1	0
0	0	0	8	0	0	20	0	4	0	0	1	0	0	0	0	0	0	0	0	0	0	0	0	0	0	0	0	1	0	0	1	0	1	0	0	0	1	0	0	1	0	64	0	0	0	0	0	0	0	0	0	5	0	0	0	0	0	3	0	1	0	0	2	0	6	0	0	4	0	0	2	0	1	0	0	0	0	0	0	0	3	0	0	0	0	0	0	0	0	0	0	0	0	0	0	0	0	0	0	0	0	2	0	0	0	0	0	0	0	8	0	0	1	3	0	0	0	0	1	0	0	0	0	1	0	0	0	0	0	0	0	5	0	0	0	0	0	0	3	1	0	0	0	4	0	0	0	0	0	0	0	0	0	0	0	0	3	0	0	0	0	7	0	0	0	8	0	0	0	0	0	0	0	0	0	0	0	0	0	7	4	0	0	0	0	0	0	0	0	0	0	0	1	0	1	1	0	0	0	0	0	1	4	0	0	0	1118	0	0	3	0	1	0	0	0	0	0	0	0	18	0	0	0	0	0	0	1	0	0	2	0	0	0	5	0	0	0	0	0	0	0	0	0	0	0	1	0	0	0	0	0	0	0	0	0	0	0	0	0	0	0	0	0	0	4	4	0	0	0	0	5	2	2	0	0	0	0	0	0	0	1	0	0	0	1	0	0	0	0	0	0	0	0
0	0	0	15	0	0	12	0	3	0	0	0	0	0	0	0	1	0	0	0	0	0	0	0	0	0	0	0	0	0	0	3	0	0	2	0	1	0	0	0	2	0	55	0	0	0	0	0	0	0	2	0	8	0	0	2	0	0	1	0	1	0	0	1	0	2	0	0	17	0	0	1	0	7	0	0	0	0	0	0	0	1	0	0	0	0	0	0	0	0	0	0	0	0	3	0	0	0	0	0	0	0	0	0	0	0	0	0	0	0	10	0	0	0	1	0	0	0	0	1	0	0	0	1	1	0	0	0	0	0	0	0	9	0	0	0	0	0	0	1	0	0	0	1	10	0	0	0	0	0	0	0	0	0	0	0	0	19	0	0	0	0	1	0	0	0	10	0	0	0	2	8	1	0	0	0	0	0	1	0	12	4	1	0	5	0	0	0	0	0	0	0	0	0	0	5	0	0	0	0	0	0	7	5	0	0	0	1204	0	0	0	0	1	0	2	0	0	0	0	0	14	0	0	0	0	0	0	0	0	0	2	2	0	0	19	0	0	0	0	0	0	0	0	0	0	0	3	0	31	0	0	0	0	0	0	0	0	0	0	0	0	3	0	0	0	5	1	1	0	0	0	8	2	30	0	0	0	0	0	0	0	0	0	0	0	0	2	1	0	1	0	0	0	0
0	0	0	1	0	0	6	0	8	0	0	1	0	1	0	0	0	0	0	0	0	3	0	0	0	0	0	0	0	0	0	0	0	0	2	0	0	0	0	0	0	0	25	0	0	0	0	0	0	1	3	0	6	0	0	0	0	0	3	0	0	0	0	3	0	0	0	0	7	0	0	0	0	1	0	0	0	0	0	0	0	2	0	0	0	0	0	0	1	1	0	0	2	0	0	0	0	0	0	0	0	0	0	0	0	1	0	0	0	0	11	0	0	0	1	0	0	0	0	1	0	0	1	3	3	0	0	0	0	0	0	0	3	0	0	0	0	0	0	3	1	0	0	1	8	0	0	0	0	0	1	0	0	0	0	1	0	9	0	0	0	0	1	0	0	0	6	0	0	0	2	9	4	0	0	0	0	0	1	0	0	0	0	0	6	0	0	0	0	0	0	0	0	0	0	1	0	0	0	0	0	0	3	0	0	0	0	911	0	0	1	0	0	0	6	0	0	1	0	0	14	0	0	0	0	1	0	2	0	0	5	2	0	0	7	0	1	0	0	1	0	0	0	0	0	0	0	0	111	0	0	0	0	0	0	0	0	0	0	0	0	0	0	0	0	4	0	4	0	0	0	2	0	19	0	0	0	0	0	0	0	0	0	0	0	0	2	0	0	0	0	0	0	0
0	0	0	1	0	0	7	0	9	0	0	1	0	0	0	0	0	0	0	0	0	3	0	0	0	0	0	0	0	0	0	0	0	0	4	0	0	0	0	0	6	0	44	0	0	0	0	0	0	0	4	0	4	0	0	0	0	0	3	0	0	0	0	2	0	2	0	0	11	0	0	5	0	0	0	0	0	0	0	0	0	6	0	1	0	0	0	0	0	0	0	0	0	0	0	0	0	0	0	0	0	0	0	0	0	0	0	0	0	0	12	0	0	1	1	0	0	0	0	0	0	0	0	2	4	0	0	0	0	0	0	0	3	0	0	0	0	0	0	1	0	0	0	0	8	0	0	0	0	0	0	0	0	0	0	0	1	4	0	0	0	0	2	0	0	0	7	0	0	0	4	12	3	0	0	0	1	0	1	0	4	0	0	0	4	0	0	0	0	0	0	0	0	1	0	2	0	0	0	0	0	0	0	0	0	0	0	1092	0	0	0	0	0	0	3	0	0	0	0	0	13	0	0	0	0	0	0	0	0	0	4	4	0	0	11	0	0	0	0	0	0	0	0	0	0	0	0	0	24	0	0	0	0	0	0	0	0	0	0	0	0	0	0	0	0	5	1	1	0	0	0	0	0	14	0	0	0	0	0	0	0	0	0	0	0	0	4	0	0	0	0	0	0	0
0	0	0	2	0	0	16	0	2	0	0	3	0	1	0	0	0	0	0	0	0	0	0	0	0	0	0	0	0	0	0	0	0	0	0	0	0	0	0	0	0	0	30	0	0	0	0	0	0	0	0	0	2	0	0	0	0	0	0	0	0	0	0	6	0	1	0	0	0	0	0	4	0	0	0	0	0	0	0	0	0	0	0	0	0	0	0	0	0	1	0	0	0	0	1	0	0	0	0	0	0	0	0	0	0	0	0	0	0	0	1	0	0	0	3	0	0	0	0	0	0	0	0	0	0	0	0	0	0	0	0	0	0	0	0	0	0	1	0	1	0	0	0	1	2	0	0	0	0	0	0	0	0	0	0	0	0	1	0	0	0	0	3	0	0	0	4	0	0	0	0	0	0	1	0	0	0	0	1	0	3	0	0	0	0	0	1	0	0	0	0	0	0	1	0	0	0	0	0	0	0	0	0	0	0	0	0	558	0	0	0	0	0	1	1	0	0	0	0	0	12	0	0	0	0	0	1	0	0	0	8	0	0	0	2	0	0	0	1	0	0	0	0	0	0	0	0	0	70	1	0	0	0	0	0	0	0	0	0	0	0	1	0	0	0	6	0	2	0	0	0	0	0	0	1	0	0	0	0	0	0	0	0	0	0	0	0	0	0	0	0	0	0	0
0	0	0	7	0	0	17	0	3	2	0	3	0	0	0	0	0	0	0	0	0	0	0	0	0	0	0	0	2	0	0	0	0	0	0	0	0	2	0	0	1	0	52	0	0	0	0	0	1	0	0	0	3	0	0	0	0	0	0	0	2	0	0	1	0	5	0	0	7	0	0	2	0	1	0	0	0	0	0	0	0	0	0	0	0	0	0	0	0	0	0	0	1	0	1	0	0	0	0	0	0	0	2	0	0	0	0	0	0	0	3	0	0	1	2	0	0	0	0	0	0	0	0	0	0	0	0	0	0	0	0	0	5	0	0	0	0	0	0	1	0	0	0	0	5	0	0	0	0	0	0	0	0	0	1	0	0	13	0	0	0	0	0	0	0	0	10	0	0	0	0	2	0	0	0	0	0	0	1	0	23	6	0	0	2	0	0	0	0	0	0	0	0	1	0	1	0	0	0	0	0	0	1	1	0	0	0	1057	0	0	0	0	1	0	0	0	0	0	0	0	12	0	0	0	0	0	0	0	0	0	7	0	0	0	6	1	0	0	0	0	0	0	0	0	0	0	1	0	7	0	0	0	0	0	0	0	1	0	0	0	0	1	0	0	0	2	1	0	0	0	0	2	1	6	0	0	0	0	0	0	0	0	0	0	0	0	0	0	0	0	0	0	0	0
0	0	0	5	0	0	15	0	1	0	0	2	0	1	0	0	1	0	0	0	0	0	0	0	0	0	0	0	0	0	0	1	0	0	0	0	0	0	0	0	0	0	37	0	0	0	0	0	0	0	0	0	3	0	0	1	0	0	0	0	0	0	0	1	1	1	0	0	0	0	0	0	0	2	0	0	0	1	0	0	0	0	0	0	0	0	0	0	0	1	0	0	1	0	3	0	0	0	0	0	0	0	2	0	0	0	0	0	0	0	2	0	0	0	1	0	0	0	0	2	0	0	1	0	0	0	0	0	0	0	0	0	3	0	0	0	0	0	0	2	0	0	0	3	2	0	0	0	0	0	0	0	0	0	0	1	0	4	0	0	0	0	6	0	0	0	5	0	0	0	0	0	0	0	0	0	0	0	0	0	3	4	0	0	0	0	0	0	0	0	0	0	0	0	0	0	0	0	0	0	0	0	2	7	0	0	0	612	0	0	0	0	0	0	0	0	0	0	0	0	14	0	0	0	0	0	0	2	0	0	3	0	0	0	1	0	0	0	0	0	0	0	0	0	0	0	2	0	84	0	0	0	0	0	0	0	0	0	0	0	0	6	0	0	0	1	1	3	0	0	0	7	1	1	0	0	0	0	0	0	0	0	0	0	0	0	0	0	0	0	0	0	0	0
0	0	0	0	0	0	8	0	5	0	0	8	0	0	0	0	0	0	0	0	0	0	0	0	0	0	0	0	0	0	0	0	0	0	0	0	0	0	0	0	0	0	27	0	0	0	0	0	0	0	0	0	1	0	0	0	0	0	0	0	0	0	0	1	0	0	0	0	4	0	0	0	0	0	0	0	0	0	0	0	0	0	0	0	0	0	0	0	0	1	0	0	2	0	0	0	0	0	0	0	0	0	2	0	0	0	0	0	0	0	4	0	0	0	0	0	0	0	0	0	0	0	0	1	1	0	0	0	0	0	0	1	2	0	4	0	0	0	0	2	0	0	0	0	4	0	0	0	0	0	0	0	0	0	0	0	0	7	0	0	0	0	0	0	0	0	3	0	0	0	0	2	1	0	0	0	0	0	0	0	2	1	0	0	1	0	0	1	0	0	0	0	0	0	0	0	0	0	0	0	0	0	0	0	0	0	0	706	0	0	0	0	1	0	0	0	0	0	0	0	6	0	0	0	0	0	0	0	0	0	1	0	0	0	1	0	0	0	0	0	0	0	0	0	0	0	0	0	12	0	0	0	0	0	0	1	0	0	0	0	0	0	0	0	0	3	0	0	0	0	0	0	0	3	0	0	0	0	0	0	0	0	0	0	0	0	1	0	0	0	0	0	0	0
0	0	2	8	0	1	9	0	4	0	1	4	0	0	0	0	0	0	0	0	0	1	0	1	0	0	0	0	1	0	0	0	0	0	0	0	0	2	0	0	2	0	62	0	0	0	0	0	0	0	1	0	5	0	0	0	0	0	0	0	1	0	0	0	0	8	0	0	3	0	1	6	0	2	0	0	1	0	0	0	0	5	0	0	0	0	0	0	0	1	0	0	2	0	1	0	0	0	0	0	0	0	1	0	0	0	0	0	1	1	4	0	0	0	2	0	0	0	0	2	0	0	1	0	3	0	0	1	0	0	1	0	10	0	0	0	0	1	0	0	0	0	0	1	7	0	0	2	0	0	1	0	0	0	0	0	2	9	0	0	0	0	5	0	0	0	8	1	0	0	0	2	1	0	0	0	2	0	0	0	9	0	0	0	4	0	0	0	0	0	0	0	0	2	0	2	0	0	0	0	0	1	1	0	0	0	0	987	0	0	0	0	0	0	0	0	0	1	0	0	17	0	0	0	0	0	0	2	0	0	5	0	0	0	5	0	1	0	0	0	0	0	0	0	0	0	2	0	6	0	0	0	0	0	0	1	0	0	1	0	0	0	0	0	0	1	2	0	1	1	0	2	0	9	0	0	0	0	0	0	0	0	0	0	0	0	0	0	0	0	0	0	0	0
0	0	0	4	0	0	16	0	3	0	0	1	0	2	0	0	0	0	0	0	0	0	0	0	0	0	0	0	0	0	0	0	0	0	0	0	0	1	0	0	0	0	37	0	0	0	0	0	0	1	0	0	4	3	0	0	0	0	0	0	0	0	0	3	0	2	0	0	0	0	0	5	0	0	0	0	0	0	0	0	0	0	1	0	0	0	0	0	0	1	0	0	2	1	4	0	0	0	0	0	0	0	0	0	0	1	0	0	0	0	2	0	0	0	5	0	0	0	0	0	0	0	0	0	1	0	0	0	0	0	0	0	2	0	0	0	0	0	0	2	0	0	0	1	3	0	0	0	0	0	0	0	0	0	0	0	0	5	0	0	0	0	0	0	0	0	11	0	0	0	0	0	0	1	0	0	0	0	2	0	10	0	0	0	2	0	1	0	0	0	0	0	0	2	0	0	0	0	0	0	0	0	1	1	0	0	0	674	0	0	0	0	0	3	3	0	0	0	0	0	16	0	0	0	0	0	0	0	0	0	20	0	0	0	2	0	0	0	0	2	0	0	0	0	0	0	1	0	205	0	0	0	0	0	0	0	2	0	0	0	0	3	0	0	0	3	0	6	0	0	0	2	0	2	1	0	0	0	0	0	0	0	0	0	0	0	0	0	0	0	0	0	0	1
0	0	0	0	0	0	7	0	7	2	0	2	0	6	0	0	0	0	0	1	1	1	0	0	0	0	0	0	1	0	0	0	0	1	0	0	0	1	1	0	2	0	39	0	0	0	0	0	0	1	0	0	1	0	0	0	0	0	4	0	0	0	0	4	0	4	0	0	4	0	0	1	0	0	2	1	0	0	0	0	0	2	0	0	0	0	0	0	0	1	0	0	4	0	0	0	0	0	0	0	0	0	4	0	0	1	0	0	0	0	2	0	0	1	0	0	0	0	0	0	0	0	0	1	2	0	1	0	0	0	0	0	1	0	0	0	0	0	0	1	1	0	0	0	2	0	0	0	0	0	0	0	0	0	0	2	0	1	0	0	0	0	0	0	0	1	2	0	0	0	0	1	1	0	0	0	0	0	1	0	4	1	0	0	0	0	1	0	0	0	0	0	0	1	0	0	1	0	0	0	0	0	0	0	1	0	0	775	3	0	3	0	0	0	3	0	0	0	0	0	7	0	0	0	0	0	0	0	0	0	4	0	1	0	1	0	0	0	0	0	0	0	0	0	0	0	0	0	169	0	0	0	0	0	0	0	0	0	0	0	0	0	0	0	3	1	1	2	0	0	0	0	0	0	0	0	0	0	1	0	0	0	0	0	0	0	2	0	0	0	0	0	0	0
0	0	0	0	0	0	27	0	4	0	0	4	0	0	0	0	0	0	0	0	0	0	0	0	0	0	0	0	0	0	0	0	0	2	0	0	0	0	0	0	0	0	30	0	0	0	0	0	0	0	0	0	5	7	0	0	0	0	1	0	0	0	0	4	0	1	0	0	0	0	0	5	0	0	1	0	0	0	0	0	0	0	0	0	0	0	0	0	0	0	0	0	0	0	0	0	0	0	0	0	0	0	0	0	0	7	0	0	0	0	2	0	0	0	3	0	0	0	0	0	0	0	0	1	0	0	0	0	0	0	0	0	0	0	0	0	0	0	0	0	2	0	0	0	4	0	0	0	0	0	0	0	0	0	0	0	0	2	0	0	0	0	1	0	0	0	14	0	0	0	0	0	1	0	0	0	0	0	2	0	9	0	0	0	1	0	0	0	0	0	0	0	0	4	0	0	1	0	0	0	0	0	0	0	0	0	0	874	0	0	1	0	0	7	0	0	0	0	0	0	16	0	0	0	0	0	0	1	0	0	55	0	0	0	0	0	0	0	0	7	0	0	0	0	0	0	0	0	3	0	0	0	0	0	0	0	4	0	0	0	0	0	0	0	0	2	0	0	0	0	0	0	0	0	3	0	0	0	2	0	0	0	0	0	0	0	0	0	0	0	0	0	0	0
0	0	1	18	0	0	3	0	7	0	0	8	0	0	0	0	1	0	0	0	0	3	0	0	0	0	0	0	0	0	0	1	0	1	2	0	0	1	0	0	2	0	32	1	0	0	0	0	0	0	1	0	9	0	0	1	0	0	3	0	0	0	0	0	0	2	0	0	4	1	0	2	0	4	1	0	1	0	0	0	0	2	0	0	0	0	0	0	0	2	0	0	0	0	2	0	0	0	0	0	0	0	0	0	0	1	0	0	0	0	2	0	0	0	1	0	0	0	0	2	0	0	1	5	2	0	0	0	0	0	0	0	8	0	0	0	0	0	0	1	0	0	0	0	9	0	0	0	0	0	1	0	0	0	0	2	0	10	0	0	0	0	0	0	0	0	6	0	0	0	2	3	3	0	0	0	0	0	0	0	2	0	0	0	6	0	0	0	0	0	0	0	0	3	0	4	1	0	0	0	0	0	5	3	0	0	0	1117	0	0	1	0	0	0	0	0	0	0	0	0	15	0	0	0	0	0	0	1	0	1	3	2	0	0	17	0	0	0	0	1	0	0	0	0	0	0	2	0	3	0	0	0	0	0	0	1	0	0	0	0	0	1	0	0	0	2	1	0	0	0	0	8	1	25	0	0	0	0	1	0	0	0	0	0	0	0	1	0	0	0	0	0	0	0
0	0	0	8	0	0	3	0	4	0	0	1	0	2	0	0	0	0	0	0	0	0	0	0	0	0	0	0	0	0	0	0	0	0	0	0	0	0	0	0	1	0	22	0	0	0	0	0	0	0	0	0	2	0	0	0	0	0	1	0	0	0	0	2	0	1	0	0	0	0	0	2	0	1	0	0	0	0	0	0	0	2	0	0	0	0	0	0	0	0	0	0	0	0	0	0	0	0	0	0	0	0	0	0	0	0	0	0	1	0	3	0	0	0	3	0	0	0	0	1	0	0	0	0	2	0	0	0	0	0	1	1	1	0	0	0	0	0	0	5	0	0	0	1	2	0	0	0	0	0	0	0	0	0	0	0	1	0	0	0	0	0	0	0	0	0	1	0	0	0	0	0	0	1	0	0	1	0	0	0	0	0	0	8	0	0	0	0	0	0	0	0	0	0	1	1	0	0	0	0	0	0	2	3	0	0	0	557	0	0	1	0	0	0	0	0	0	0	0	0	6	0	0	0	0	0	0	0	0	0	0	0	0	0	6	0	0	0	0	0	0	0	0	0	0	0	1	0	48	0	0	0	0	1	0	0	0	0	0	0	0	1	0	0	0	4	3	7	0	0	0	5	2	1	0	0	0	0	0	0	0	0	0	0	0	1	0	0	0	0	0	0	0	0
0	1	0	0	0	0	14	0	11	0	0	2	0	0	0	0	0	0	0	0	0	0	0	0	0	0	0	0	0	0	0	0	0	0	0	0	0	0	0	0	2	0	69	0	0	0	0	1	0	0	0	0	2	0	0	0	0	0	1	0	0	0	0	3	0	0	0	0	3	0	0	5	0	3	1	0	0	0	0	0	0	2	0	0	2	0	0	0	0	0	0	0	0	0	1	0	0	0	0	0	0	0	0	0	0	1	0	0	1	0	4	0	0	0	8	0	0	0	0	0	0	0	0	2	2	1	0	0	0	0	0	0	1	0	1	0	0	0	0	0	0	0	0	0	3	1	0	0	0	0	0	0	1	0	0	0	0	24	0	0	0	0	25	0	0	0	3	0	0	0	0	0	0	1	0	0	0	0	0	0	26	0	0	1	2	0	0	0	0	0	0	1	1	0	0	1	0	0	0	0	0	0	0	1	0	0	0	759	0	0	1	1	0	0	1	0	0	1	0	0	19	0	0	1	0	0	0	0	0	2	4	1	0	0	1	0	0	0	0	0	0	0	0	0	0	0	0	0	9	0	0	0	0	0	0	0	0	0	1	0	0	1	0	0	0	3	0	0	0	0	1	1	0	2	0	0	0	0	0	0	0	0	0	0	2	0	0	0	0	0	0	0	0	0
0	0	0	3	0	0	7	0	5	0	0	5	0	0	0	0	0	0	0	0	0	1	0	0	0	0	0	0	0	0	0	0	0	1	0	0	0	0	0	0	2	0	63	0	0	0	0	0	0	0	0	0	6	0	0	0	0	0	0	0	0	0	0	1	0	3	0	0	1	0	0	3	0	1	0	0	0	0	0	0	0	1	0	0	0	0	0	0	0	0	0	0	0	0	1	0	1	0	0	0	0	0	0	0	0	0	0	0	0	0	6	0	0	0	1	0	0	0	0	1	0	0	0	0	0	0	0	0	0	0	0	0	2	0	0	0	0	0	0	1	0	0	0	0	1	0	0	0	0	0	0	0	0	0	0	0	1	9	0	0	0	0	11	0	0	0	1	0	0	0	0	0	0	0	0	0	0	0	0	0	2	0	0	0	0	0	0	0	0	0	0	0	0	1	0	0	0	0	0	0	0	0	0	0	0	0	0	460	0	0	1	0	0	1	0	0	0	0	1	0	12	0	0	0	0	0	0	1	0	0	6	2	0	0	2	0	0	0	0	0	0	0	0	0	0	0	0	0	7	0	0	0	0	0	0	0	0	0	1	0	0	0	0	0	0	1	0	0	0	0	0	2	0	0	0	0	1	0	0	0	0	0	0	0	0	0	0	0	0	0	0	0	0	0
0	0	0	2	0	0	5	0	7	0	0	3	0	0	0	0	0	1	0	0	0	1	0	0	0	0	0	0	0	0	0	0	0	0	0	0	0	1	0	0	0	0	40	0	0	0	0	0	0	0	0	0	7	0	0	0	0	0	0	0	0	0	0	0	0	1	1	0	2	0	0	0	0	0	0	1	0	0	0	0	0	1	0	0	0	0	0	0	0	0	0	0	0	0	0	0	0	0	0	0	0	0	0	0	0	0	0	0	0	0	2	0	0	0	2	0	0	0	0	0	0	0	0	0	1	0	0	0	0	0	0	0	1	0	1	0	0	0	0	3	0	0	0	0	1	0	0	0	0	0	0	0	0	0	0	0	0	7	0	0	0	0	8	0	0	0	1	0	0	1	0	2	0	0	0	0	0	0	1	0	4	0	0	0	1	0	0	0	0	0	0	0	1	0	0	0	0	0	0	0	0	0	0	0	0	0	0	861	0	0	0	0	0	0	0	0	0	0	0	0	12	0	0	0	0	0	0	1	0	0	8	0	0	0	1	0	0	0	0	0	0	0	0	0	0	0	0	0	12	0	0	0	0	0	0	0	0	0	2	0	0	1	0	0	0	0	0	3	0	0	0	3	0	3	0	0	0	0	0	0	0	0	0	0	0	0	0	0	0	0	0	0	0	0
0	0	0	3	0	1	5	0	11	0	0	0	0	0	0	0	0	0	0	0	0	1	0	0	0	0	0	1	0	0	0	1	0	0	2	0	0	0	0	0	1	0	78	0	0	0	0	0	0	0	0	0	9	0	0	0	0	0	0	0	0	0	0	4	0	0	0	0	7	0	0	5	0	1	0	0	0	0	0	0	0	0	0	0	0	0	0	0	0	0	0	0	0	0	0	0	1	0	0	0	0	0	0	0	0	0	0	0	0	0	7	0	0	0	4	0	0	0	0	0	0	0	0	0	1	1	0	0	0	0	1	0	0	0	2	0	0	0	0	5	0	0	0	0	7	0	0	0	0	0	1	0	0	0	0	0	0	5	0	0	0	0	4	0	0	0	6	0	0	0	0	1	0	1	0	0	0	0	0	0	2	1	0	0	1	0	0	0	0	1	0	0	0	0	0	1	0	0	0	0	0	0	1	1	0	0	0	914	0	0	0	0	0	1	1	0	0	0	0	0	26	0	0	0	0	0	0	0	0	0	10	2	0	0	5	0	0	0	0	0	0	0	0	0	0	0	0	0	14	0	0	0	0	0	0	0	0	0	12	0	0	0	0	0	0	6	0	5	0	0	0	0	0	7	0	0	0	0	0	0	0	0	0	0	0	0	1	0	0	0	0	0	0	0
0	0	1	2	0	0	10	0	12	0	0	0	0	0	0	0	1	1	0	0	0	3	0	0	0	0	0	0	0	0	0	0	0	0	0	0	0	0	0	0	4	0	101	0	0	0	0	0	0	1	0	0	29	0	0	0	0	0	0	0	0	0	0	4	0	0	0	0	15	0	0	4	0	1	0	0	0	0	0	0	0	0	0	0	0	0	0	0	0	0	0	0	0	0	1	0	0	0	0	0	0	0	0	0	0	0	0	0	0	0	7	3	0	0	1	0	0	0	0	7	0	0	0	0	0	0	0	0	0	0	0	0	9	0	2	0	0	0	0	13	0	0	0	0	6	0	0	0	0	0	0	0	0	0	0	0	0	0	0	0	0	0	1	0	0	0	3	0	0	0	0	3	0	1	0	0	0	0	0	0	1	0	0	0	0	0	1	0	0	0	0	0	0	0	0	1	0	0	0	0	0	0	0	1	0	0	0	975	0	0	2	0	0	0	1	0	0	0	0	0	13	0	0	0	0	0	0	0	0	0	3	5	0	0	5	0	1	0	0	0	0	0	0	0	0	0	0	0	33	0	0	0	0	0	0	0	0	0	2	0	0	5	0	0	0	2	0	7	0	0	0	6	0	10	0	0	0	0	0	0	0	0	0	0	0	0	0	0	0	0	0	0	0	0
0	0	0	0	0	0	10	0	14	0	0	5	0	0	0	0	0	1	0	0	0	0	0	0	0	0	0	0	0	0	0	0	0	0	0	0	0	0	0	0	0	0	52	0	0	0	0	1	0	5	0	0	11	0	0	0	0	0	1	0	0	0	0	1	0	1	0	0	13	0	0	0	0	0	0	0	0	0	0	0	0	2	2	0	0	0	0	0	0	0	0	0	0	0	0	0	0	0	0	0	0	0	0	0	0	0	0	0	1	0	0	1	0	0	3	0	0	0	0	1	0	0	0	1	3	0	0	0	0	0	0	0	3	0	7	0	0	0	0	6	0	0	0	0	5	0	0	0	0	0	3	0	1	0	0	0	0	16	0	1	0	0	13	0	0	0	3	0	0	0	0	4	0	1	0	0	0	0	0	0	1	1	0	0	0	0	0	0	0	0	0	0	0	0	0	0	0	0	0	0	0	0	0	0	0	0	0	1371	1	0	0	0	0	0	0	0	0	0	0	0	15	0	0	1	0	0	0	0	0	3	6	0	0	0	1	0	0	0	0	0	0	0	0	0	0	0	0	0	25	0	0	0	0	0	0	0	0	0	2	0	0	4	0	0	0	3	0	8	0	0	0	3	0	12	0	1	0	0	0	0	0	0	0	0	1	0	0	0	0	0	0	0	0	0
0	0	0	4	0	0	16	0	6	0	0	1	0	0	0	0	1	0	0	0	0	1	0	0	0	0	0	0	0	0	0	0	0	0	0	0	0	0	0	0	2	0	62	0	0	0	0	2	0	1	0	0	6	0	0	0	0	0	1	0	0	0	0	2	0	0	0	0	14	0	0	2	0	2	0	0	0	0	0	0	0	1	0	0	2	0	0	0	0	0	0	0	0	0	1	0	0	0	0	0	0	0	0	0	0	0	0	0	2	0	4	0	0	0	0	0	0	0	0	0	0	0	0	1	0	0	0	0	0	0	0	0	1	0	6	0	0	0	0	6	0	0	0	0	11	0	0	0	0	0	0	0	2	0	0	0	0	20	0	0	0	0	25	0	0	0	0	0	0	0	0	4	0	2	0	0	0	0	0	0	8	1	0	0	0	0	0	0	0	0	0	0	0	0	0	1	0	0	0	0	0	0	0	1	0	0	0	1134	0	0	0	0	0	0	0	0	0	1	0	0	4	0	0	1	0	0	0	0	0	4	2	3	0	0	6	0	1	0	0	0	0	0	0	0	0	0	0	0	26	0	0	0	0	0	0	0	0	0	0	0	0	2	0	0	0	0	0	1	0	0	0	4	0	8	0	0	0	0	0	0	0	0	0	0	2	0	0	0	0	0	0	0	0	0
0	0	1	0	0	0	3	0	3	0	0	5	0	0	0	0	0	0	0	0	0	0	0	0	0	0	0	0	0	0	0	0	0	0	0	0	0	0	0	0	0	0	26	0	0	0	0	0	0	0	0	0	7	0	0	0	0	0	0	0	0	0	0	0	0	4	0	0	0	0	0	0	0	0	0	0	0	0	0	0	0	2	1	0	0	0	0	0	0	0	0	0	0	0	0	0	0	0	0	0	0	0	1	0	0	0	0	0	0	0	2	0	0	0	2	0	0	0	0	1	0	0	0	0	0	0	0	1	0	0	0	0	0	0	0	0	0	0	0	1	0	0	0	0	1	0	0	0	0	0	1	0	0	0	1	0	0	2	0	0	0	0	1	0	0	0	6	0	0	0	0	1	0	1	0	0	0	0	0	0	2	0	0	0	0	0	0	0	0	0	0	0	0	1	0	0	0	0	0	0	0	0	0	0	0	0	0	722	0	0	0	0	0	0	2	0	0	0	1	0	6	0	0	0	0	0	0	0	0	0	4	0	0	0	0	0	2	0	0	1	0	1	0	0	0	0	0	0	4	0	0	0	0	0	0	0	0	0	1	0	0	0	1	0	0	0	0	2	0	0	0	1	0	2	0	0	0	0	0	0	0	0	0	0	0	1	0	0	0	0	1	0	0	0
0	0	0	2	0	0	6	0	12	0	0	0	0	0	0	0	0	0	0	0	0	1	0	0	0	0	0	0	0	0	0	0	0	0	0	0	0	0	0	0	1	0	81	0	0	0	0	0	0	4	0	0	3	0	0	0	0	0	0	0	0	0	0	4	0	0	0	0	16	0	0	5	0	12	0	1	0	0	0	0	0	0	2	0	1	0	0	0	0	0	0	0	0	0	0	0	0	0	0	0	0	0	0	0	0	3	0	0	0	0	5	0	0	4	6	0	0	0	0	0	0	0	0	0	0	0	0	0	0	0	0	0	0	0	3	0	0	0	0	3	0	0	3	0	7	0	0	0	0	0	1	0	0	0	0	0	0	2	0	0	0	0	2	0	0	0	2	0	0	0	0	0	0	2	0	0	0	0	0	0	30	1	0	3	7	0	0	0	0	0	0	1	0	0	0	0	0	0	0	0	0	0	0	0	0	0	0	1191	1	0	2	3	0	0	0	0	0	0	0	0	14	0	0	0	0	0	0	0	0	0	4	1	0	0	2	0	1	0	0	0	0	0	1	0	0	0	0	0	17	0	0	0	0	0	0	0	0	0	0	0	0	3	0	0	0	4	0	3	0	0	0	1	0	12	0	0	0	0	0	0	0	0	1	0	0	0	0	1	0	0	0	0	0	0
0	0	0	3	0	0	19	0	17	0	0	5	0	0	0	0	1	0	0	0	0	0	0	0	0	0	0	0	0	0	0	0	0	0	1	0	0	0	0	0	2	0	99	0	0	0	0	2	0	1	0	0	6	0	0	0	1	0	2	0	0	0	0	5	0	1	0	0	7	0	0	2	0	0	0	0	0	0	0	0	0	5	0	0	1	0	0	1	0	0	0	0	0	0	0	0	0	0	0	0	0	0	0	0	0	0	0	0	4	0	3	0	0	0	5	0	0	0	0	0	0	0	0	3	5	0	0	0	0	0	0	0	0	0	5	0	0	0	0	2	0	0	0	0	12	0	0	0	0	0	0	0	2	0	0	0	0	23	0	0	0	0	12	0	0	0	4	0	0	0	0	2	0	1	0	0	0	0	0	0	7	1	0	0	0	0	0	0	0	1	0	0	0	1	0	1	0	0	0	0	0	0	0	1	0	0	0	1407	0	0	0	0	0	0	0	0	0	1	0	0	30	0	0	2	0	0	0	0	0	5	13	1	0	0	3	0	0	0	0	0	0	0	0	0	0	0	0	0	16	0	0	0	0	0	0	0	0	0	5	0	0	0	0	0	0	4	0	2	0	0	0	1	0	5	0	0	0	0	0	0	0	0	0	0	1	0	1	0	0	0	0	0	0	0
0	0	0	8	0	6	5	0	9	0	0	1	0	0	0	0	0	0	0	0	0	7	0	0	0	0	0	0	0	0	0	0	0	0	0	0	0	0	0	0	0	0	39	0	0	0	0	0	0	0	0	0	8	0	0	0	0	0	0	0	0	0	0	0	0	0	0	0	3	0	0	0	0	1	0	0	0	0	0	0	0	1	0	0	2	0	0	0	0	0	0	0	0	0	0	0	0	0	0	0	0	0	0	0	0	1	0	0	0	0	3	0	0	1	5	0	0	0	0	0	0	0	0	0	1	0	0	0	0	0	5	0	0	0	2	0	0	0	0	9	0	0	0	0	2	0	0	0	0	0	0	0	0	0	0	0	0	3	0	0	0	0	5	0	0	0	0	0	0	0	0	4	0	0	0	0	0	0	0	0	18	4	0	0	2	0	0	0	0	0	0	0	0	0	0	0	0	0	0	0	0	0	6	0	0	0	0	1581	0	0	1	0	0	0	0	0	0	0	0	0	13	0	0	0	0	0	0	0	0	1	16	0	0	0	0	0	0	0	0	0	0	0	0	0	0	0	0	0	20	0	0	0	0	0	0	0	0	0	1	0	0	0	0	0	0	0	0	6	0	0	0	7	0	6	0	0	0	0	0	0	0	0	0	0	0	0	0	0	0	0	0	0	0	0
0	0	2	2	0	0	12	0	11	0	0	0	0	0	0	0	0	0	0	0	0	0	0	0	0	0	0	0	0	0	0	0	0	0	0	0	0	0	0	0	1	0	84	0	0	0	0	0	0	2	0	0	9	0	0	0	0	0	0	0	0	0	0	6	0	0	0	0	15	0	0	3	0	1	0	0	0	0	0	0	0	1	1	0	0	0	0	0	0	0	0	0	0	0	0	0	0	0	0	0	0	0	1	0	0	0	0	0	1	0	5	0	0	0	2	0	0	0	0	0	0	0	0	0	0	0	0	0	0	0	0	0	0	0	5	0	0	0	0	4	0	0	0	0	14	0	0	0	0	0	1	0	0	0	1	0	0	7	0	0	0	0	3	0	0	0	6	0	0	0	0	2	0	4	0	0	0	0	0	0	4	1	0	0	0	0	0	0	0	0	0	0	0	0	0	1	0	0	0	0	0	0	0	1	0	0	0	1366	1	0	0	0	0	0	1	0	0	0	0	0	16	0	0	0	0	0	0	0	0	1	5	1	0	0	5	0	1	0	0	0	0	0	0	0	0	0	0	0	20	0	0	0	0	0	0	0	0	0	2	0	0	1	0	0	0	4	0	5	0	0	0	1	0	11	0	0	0	0	0	0	0	0	0	0	0	0	1	0	0	0	0	0	0	0
0	0	0	0	0	0	8	0	7	0	0	0	0	0	0	0	0	2	0	0	0	1	0	0	0	0	0	0	0	0	0	0	0	0	0	0	0	0	0	0	0	0	34	0	0	0	0	0	0	4	0	0	12	0	0	0	0	0	0	0	0	0	0	0	0	0	0	0	13	0	0	1	0	0	0	0	0	0	0	0	0	0	0	0	0	0	0	0	0	0	0	0	0	0	0	0	0	0	0	0	0	0	0	0	0	0	0	0	1	0	3	1	0	0	1	0	0	0	0	3	0	0	0	0	0	0	0	0	0	0	0	0	5	0	5	0	0	0	0	10	0	0	0	0	4	0	0	0	0	0	1	0	0	0	0	0	1	10	0	0	0	0	17	0	0	0	1	0	0	0	0	6	0	1	0	0	0	0	0	0	3	1	0	0	0	0	0	0	0	0	0	0	0	0	0	0	0	0	0	0	0	0	0	0	0	0	0	1046	1	0	1	0	0	0	0	0	0	0	0	0	4	0	0	0	0	0	0	1	0	0	0	0	0	0	4	0	0	0	0	0	0	1	0	0	0	0	0	0	29	0	0	0	0	0	0	0	0	0	0	0	0	3	0	0	0	1	0	6	0	0	0	4	0	12	0	0	0	0	0	0	0	0	0	0	0	0	0	0	0	0	0	0	0	0
0	0	1	1	0	0	6	0	6	0	0	0	0	0	0	0	0	0	0	0	0	0	0	0	0	0	0	0	0	0	0	0	0	0	0	0	0	0	0	0	0	0	43	0	0	0	0	0	0	1	0	0	5	0	0	0	0	0	0	0	0	0	1	0	0	0	0	0	5	0	0	3	0	1	0	0	0	0	0	0	0	1	1	0	1	0	0	0	0	0	0	0	0	0	0	0	0	0	0	0	0	0	1	0	0	0	0	0	1	0	4	0	0	0	3	0	0	0	0	0	0	0	0	0	0	1	0	0	0	0	0	0	0	0	2	0	0	0	0	2	0	0	0	0	5	0	0	0	0	0	1	0	0	0	1	0	1	6	0	0	0	0	5	0	0	0	4	0	0	0	0	2	0	2	0	0	0	0	0	0	8	1	0	0	1	0	0	0	0	0	0	0	0	0	0	0	0	0	0	0	0	0	0	0	0	0	0	1049	0	0	0	0	0	0	1	0	0	0	0	0	10	0	0	0	0	0	0	0	0	0	4	0	0	0	2	0	2	0	0	1	0	0	0	0	0	0	0	0	11	0	0	0	0	0	0	0	0	0	1	0	0	0	0	0	0	1	0	3	0	0	0	1	0	6	0	0	0	0	0	0	0	0	0	0	0	0	0	0	0	0	0	0	0	0
0	0	0	5	0	1	2	0	8	0	0	1	0	0	0	0	1	0	0	0	0	1	0	0	0	0	0	0	0	0	0	0	0	1	0	0	0	0	0	0	4	0	80	0	0	0	0	0	0	7	0	0	14	0	0	0	0	0	0	0	0	0	0	7	0	2	0	0	39	0	0	2	0	0	0	0	0	0	0	0	0	0	4	0	0	0	0	0	0	0	0	0	0	0	1	0	0	0	0	0	1	0	0	0	0	0	0	0	0	0	4	0	0	0	0	0	0	0	0	0	0	0	0	0	0	0	0	0	0	0	1	0	0	0	8	0	0	0	0	12	0	0	0	0	18	0	0	0	0	0	1	0	0	0	0	0	0	2	0	0	0	0	0	0	0	0	3	0	1	0	0	2	0	3	1	0	0	0	1	0	0	5	0	0	0	1	0	0	0	1	0	0	1	1	0	2	0	0	0	0	0	0	0	2	0	0	0	1204	1	0	0	0	0	0	0	0	0	1	1	0	8	0	0	0	0	0	0	0	0	0	4	3	0	0	9	0	0	0	0	0	1	0	0	0	0	1	0	0	27	0	0	0	0	0	0	0	0	0	1	0	0	5	0	0	0	6	0	9	0	0	0	0	0	27	0	0	0	0	0	0	0	0	0	0	0	0	1	0	0	0	0	0	0	0
3	2	3	0	0	0	71	0	4	0	14	0	0	0	7	1	0	0	9	0	0	6	0	0	0	0	2	0	0	1	1	0	3	0	0	0	2	0	1	1	0	3	95	3	1	0	0	0	0	4	0	20	3	0	2	0	0	0	15	0	0	0	0	5	0	0	1	0	2	0	0	1	1	0	0	0	0	0	1	1	0	0	1	0	0	0	0	1	0	1	1	0	4	0	0	0	0	8	0	0	0	0	0	0	0	0	0	0	4	7	8	1	0	0	0	3	0	0	0	0	3	0	0	0	0	11	2	0	0	42	0	0	0	0	1	74	0	0	0	18	0	0	3	0	12	0	0	0	0	0	0	9	0	0	9	11	0	4	4	2	1	3	1	0	15	3	51	6	0	2	0	2	0	0	1	0	0	0	35	0	0	0	0	0	0	0	0	0	0	1	8	0	0	0	9	1	8	1	0	6	2	0	3	1	14	0	0	36	0	0	2	10	0	54	1	0	45	0	0	0	17	0	1	35	0	0	0	0	0	0	0	0	0	2	0	0	0	5	0	0	0	6	0	4	0	0	1	0	61	0	9	5	0	1	0	0	0	1	4	0	0	1	0	0	0	23	0	27	4	0	0	0	0	17	0	0	0	0	0	0	2	0	0	2	0	0	0	0	0	0	0	0	0	5
1	0	8	0	0	0	44	0	11	0	0	0	1	1	7	3	0	0	0	0	0	1	0	0	0	0	0	0	0	0	2	0	1	2	0	0	1	0	3	1	0	0	59	0	0	0	0	0	0	1	0	11	5	0	0	0	1	0	9	0	0	3	0	1	0	2	1	1	2	0	0	0	0	0	0	0	0	0	0	0	0	0	1	0	0	2	0	1	0	0	0	0	3	0	0	9	0	11	0	1	0	0	1	2	0	0	0	0	7	3	5	2	1	0	0	0	0	1	0	0	2	0	0	0	0	14	0	0	0	11	0	0	0	0	7	106	0	0	0	22	0	0	1	0	11	0	3	0	0	0	0	0	0	0	0	2	0	2	5	0	0	0	1	0	22	0	54	1	0	1	0	5	0	2	2	0	0	0	40	1	0	2	0	0	0	6	0	0	0	0	2	0	0	0	7	0	4	0	0	2	0	0	1	1	21	3	0	91	0	0	1	7	0	16	2	2	0	0	0	0	6	0	0	30	0	0	0	0	0	0	0	0	0	6	0	3	0	1	0	0	0	3	0	9	2	0	3	0	64	0	1	5	0	0	0	0	0	4	1	0	0	0	0	0	0	12	0	11	1	0	0	2	0	9	0	0	0	0	0	0	0	0	0	0	0	0	0	2	1	0	0	0	0	3
4	1	0	0	0	0	49	2	5	0	0	9	1	0	5	1	0	0	5	0	0	0	0	0	0	0	0	0	0	0	0	0	0	0	0	0	0	0	0	0	0	3	45	0	0	0	0	3	0	2	0	13	2	0	0	2	2	0	40	1	0	1	0	3	0	3	0	0	1	0	0	1	2	0	0	0	5	0	5	1	0	1	0	0	0	0	0	0	1	2	0	1	2	0	0	0	0	11	0	0	0	3	0	0	0	0	0	0	2	10	8	0	0	0	1	0	0	1	0	0	4	0	0	2	0	10	1	0	0	23	0	0	0	2	0	21	0	0	0	5	0	0	0	0	7	0	0	0	0	0	0	4	0	0	0	8	0	1	2	0	0	1	0	0	24	0	215	2	0	0	0	5	0	0	3	0	0	0	27	0	7	0	0	0	3	0	0	0	0	0	2	0	0	1	10	0	6	0	0	6	3	0	3	0	22	0	2	65	0	0	0	8	0	68	0	0	0	0	0	0	1	0	1	17	0	0	0	0	0	0	0	0	0	0	0	0	0	0	0	0	0	0	0	2	0	1	14	0	68	0	14	1	0	1	0	0	0	0	0	0	0	2	0	0	0	15	0	11	3	0	0	0	0	18	0	0	1	0	0	1	0	0	0	0	0	0	0	0	0	0	0	0	0	13
4	0	4	0	0	0	131	0	1	0	0	0	2	0	1	0	0	0	5	0	1	1	2	0	0	1	3	0	0	0	1	0	1	0	0	0	3	0	1	0	0	1	54	1	2	0	0	0	0	0	0	42	2	0	0	0	2	0	7	1	0	0	2	0	0	3	0	0	0	0	0	3	1	0	0	0	0	0	6	1	0	1	5	0	0	0	0	0	6	2	1	1	1	0	0	4	0	4	0	0	0	0	0	7	0	1	0	0	2	10	10	0	0	0	1	0	0	4	0	0	1	1	0	0	0	7	1	0	1	32	0	0	0	0	1	14	0	0	0	3	0	1	1	0	3	0	0	0	2	0	0	5	0	0	1	4	0	0	2	0	0	0	0	0	39	0	69	0	0	6	0	3	0	0	1	0	1	0	13	16	5	0	0	0	0	1	0	0	0	0	5	0	0	0	9	0	5	2	0	7	0	0	3	0	18	0	1	25	0	0	0	11	0	64	1	2	0	0	0	0	4	0	2	71	0	0	0	0	0	0	0	0	0	9	0	12	0	2	0	1	0	9	0	2	16	3	3	2	45	0	14	4	0	0	0	0	0	3	1	0	0	0	0	0	0	29	0	14	1	0	5	0	0	5	0	0	0	0	0	1	1	0	0	2	0	0	0	2	13	0	0	0	0	4
4	1	0	0	0	0	81	0	4	0	1	4	0	0	8	1	0	0	6	0	0	0	0	0	0	0	0	0	0	0	0	0	0	0	0	0	0	0	0	0	0	2	58	1	1	0	0	0	0	1	0	12	2	0	1	0	0	0	25	0	0	0	1	3	0	2	0	0	1	0	0	1	2	0	1	0	0	0	7	0	0	0	1	0	0	0	0	1	0	1	0	0	0	0	0	0	0	11	0	0	0	0	1	0	0	1	0	0	6	10	10	0	0	0	1	0	0	1	0	1	3	0	0	0	0	8	5	0	0	35	1	0	0	0	1	59	0	0	0	8	0	0	0	0	9	0	0	0	1	0	1	2	0	0	0	7	0	0	2	0	0	1	0	1	22	0	144	1	0	0	0	5	0	0	1	0	0	0	18	0	5	0	0	0	0	0	0	0	0	0	4	0	0	1	9	0	8	1	0	5	6	0	1	2	25	0	1	40	0	0	0	7	0	70	0	0	0	0	0	0	1	0	0	29	0	1	0	0	0	0	0	0	0	3	0	0	0	2	0	0	0	2	0	2	0	1	10	0	64	0	17	5	1	0	0	0	0	2	0	0	0	1	0	0	0	10	0	12	6	0	0	0	0	17	0	0	0	0	0	1	1	0	0	0	0	0	0	0	0	0	0	0	0	3
3	0	1	0	0	0	144	0	1	0	2	0	3	0	7	0	0	0	11	0	0	0	0	0	0	0	2	0	0	2	1	0	2	0	0	0	1	0	1	0	0	1	61	3	3	0	0	0	0	0	0	15	2	0	0	1	1	0	16	4	0	1	1	1	0	2	0	0	0	0	0	0	0	0	1	0	0	0	8	0	0	1	5	0	0	1	0	1	2	2	0	0	2	0	0	4	0	6	0	0	1	0	0	1	0	2	0	0	1	6	6	1	0	0	0	0	0	0	0	0	2	2	0	0	0	7	5	0	0	46	1	0	0	0	3	15	0	0	0	4	0	1	1	0	3	0	0	0	2	0	0	2	0	0	0	3	0	2	8	0	1	1	0	0	34	1	122	0	0	6	0	4	0	0	2	0	0	0	16	3	8	1	0	0	0	1	0	0	0	1	8	1	0	0	11	0	7	2	0	12	1	0	5	0	19	1	3	33	0	0	1	16	0	71	0	1	0	0	0	0	1	0	2	67	0	1	0	0	1	0	0	0	0	9	0	5	0	3	0	1	1	8	0	4	3	5	8	0	44	0	27	6	1	0	0	0	0	3	0	0	1	0	0	0	0	20	0	11	2	0	0	1	0	8	0	0	0	0	0	2	0	0	0	0	0	0	0	1	4	0	0	0	0	6
2	0	0	0	0	0	117	0	2	0	2	3	1	0	2	0	0	0	2	0	1	1	0	0	0	0	2	0	0	0	0	0	1	0	0	0	0	1	1	0	0	0	60	0	0	0	0	0	0	0	0	21	5	0	2	0	1	0	10	1	0	0	1	6	0	1	0	0	0	0	1	1	2	0	0	0	0	0	7	0	0	0	2	0	0	0	0	1	0	1	0	0	3	0	0	0	0	8	0	0	0	0	0	2	0	0	0	0	13	3	12	1	0	0	0	0	0	1	0	0	3	1	0	0	0	3	2	0	1	12	0	0	0	0	4	34	0	0	0	13	0	0	1	0	7	0	0	0	1	0	0	4	0	0	1	1	0	1	0	0	0	1	0	1	24	1	86	1	0	4	0	8	0	0	2	0	0	0	18	2	2	0	0	0	0	0	0	0	0	0	1	0	1	2	3	1	2	1	0	2	3	0	4	1	16	0	1	80	0	0	1	2	0	29	0	0	0	0	1	0	7	0	0	45	0	0	0	0	0	0	0	0	0	2	0	3	0	1	0	0	0	7	0	1	3	0	6	0	46	0	7	3	0	0	0	0	0	2	1	0	0	0	0	0	0	21	0	21	1	0	0	0	0	13	0	0	0	0	0	1	2	0	0	0	0	0	0	0	2	0	0	0	0	3
6	0	2	0	0	0	13	0	3	0	0	3	1	1	4	0	0	0	10	0	1	0	0	0	0	0	1	0	0	1	0	0	1	0	0	0	2	2	0	1	0	2	41	3	1	0	0	0	0	1	0	42	5	0	3	0	1	0	1	2	0	0	0	7	0	0	2	1	0	0	2	2	5	0	0	0	0	0	7	0	0	0	0	0	0	0	0	1	1	5	0	0	5	0	0	0	0	8	0	1	1	0	0	1	0	1	0	0	8	9	11	1	0	0	0	0	0	4	0	0	7	1	0	0	0	11	1	0	2	25	0	0	0	0	2	21	0	0	0	14	0	1	0	0	10	2	1	0	0	0	0	7	0	0	1	9	0	4	2	0	0	3	1	1	18	0	18	5	0	3	0	5	0	0	7	0	0	0	29	1	3	0	0	0	0	0	0	1	0	1	4	0	0	1	9	3	11	0	0	9	3	0	7	2	17	0	2	64	0	0	2	9	0	87	0	0	0	0	1	0	9	0	2	14	0	0	0	0	0	0	0	0	2	0	0	2	0	5	0	0	1	0	0	2	2	1	0	1	76	0	16	1	0	0	0	0	0	0	3	0	0	1	0	0	0	14	0	25	0	0	0	0	0	20	0	0	0	0	0	4	2	0	0	1	0	0	0	0	1	0	0	0	0	9
1	0	3	0	0	0	100	0	5	0	1	1	0	0	6	1	0	0	6	0	0	2	1	0	0	0	1	0	0	1	2	0	1	1	0	0	1	0	0	0	0	0	69	3	1	0	0	0	0	0	0	29	3	0	1	0	0	0	9	0	0	1	0	1	0	0	0	0	2	0	0	0	1	0	6	0	0	0	3	0	0	0	0	0	0	2	0	4	0	0	0	1	0	0	0	8	0	9	0	0	0	0	0	5	0	0	0	0	10	11	4	1	0	0	0	0	0	2	0	0	2	0	0	0	0	7	1	0	0	55	0	0	0	0	2	69	0	0	0	10	0	0	1	0	11	0	0	0	0	0	0	0	0	0	3	2	0	0	2	0	0	0	0	0	28	0	85	0	0	5	0	5	0	0	0	0	0	0	17	3	0	1	0	0	0	2	0	0	0	0	2	0	0	0	2	0	3	1	0	4	9	0	0	2	41	0	0	52	0	0	0	6	0	29	2	2	0	0	0	0	8	0	0	51	0	0	1	0	0	0	0	0	0	6	0	2	0	5	0	0	0	5	0	2	5	0	6	0	28	0	6	9	1	0	0	0	0	3	0	0	0	0	1	0	0	25	0	16	2	0	2	2	0	6	0	0	0	0	0	0	2	0	0	1	0	0	0	1	2	0	0	0	0	4
0	1	0	0	0	0	145	0	3	0	3	1	1	0	9	1	0	0	1	0	0	3	1	0	0	0	2	0	0	0	0	0	1	0	0	0	0	0	0	0	0	2	63	0	1	1	0	0	0	1	0	21	2	0	1	0	1	0	16	1	0	0	2	4	0	0	0	0	2	0	0	1	0	0	1	0	0	0	7	0	1	0	4	0	0	1	0	0	2	2	0	1	1	0	0	1	0	11	0	0	0	0	3	4	0	5	0	0	1	1	13	0	0	0	3	0	0	1	0	0	1	0	0	0	0	10	4	0	1	16	0	0	0	0	1	71	0	0	0	9	0	0	1	0	12	0	0	0	2	0	0	11	0	0	2	3	0	0	0	0	0	3	0	0	28	0	87	1	0	3	0	3	0	0	6	0	0	0	15	4	13	0	0	0	0	0	0	0	0	0	4	1	0	1	7	0	6	5	0	1	1	0	3	2	8	0	3	27	0	0	0	2	0	30	0	2	0	0	0	0	12	0	0	64	0	1	1	0	1	0	0	0	0	2	1	12	0	4	0	1	0	8	0	3	7	2	4	2	56	0	6	2	0	1	0	0	0	2	0	0	0	2	0	0	0	21	0	11	5	0	1	0	0	21	0	0	0	0	0	0	3	0	0	3	0	0	0	1	7	1	0	0	1	1
2	0	1	1	0	0	140	0	0	0	4	0	0	0	6	0	0	0	2	0	0	0	0	0	0	0	2	0	0	0	0	0	0	0	0	0	0	0	0	0	0	1	32	0	0	0	0	0	0	0	0	13	1	0	0	0	0	0	7	0	0	0	0	0	0	0	0	0	0	0	0	2	1	0	0	0	0	0	2	0	1	0	0	1	0	0	0	0	0	1	0	0	0	0	0	0	0	3	0	0	1	0	1	5	0	1	0	0	0	4	2	0	0	0	0	0	0	1	0	0	0	0	0	0	0	6	2	1	1	12	1	0	0	0	0	6	0	1	0	0	0	0	1	0	4	0	2	0	0	0	0	3	0	0	1	3	0	1	2	0	0	1	2	0	24	2	67	0	1	4	0	0	0	0	4	0	0	0	5	4	2	0	0	0	0	0	0	0	0	0	2	1	0	0	3	0	3	8	0	2	0	0	1	2	8	0	0	5	0	0	0	5	0	29	0	0	0	0	0	0	5	0	0	76	0	0	0	0	0	0	0	0	0	6	0	9	0	4	0	0	0	15	0	0	1	0	3	0	15	0	5	2	1	0	0	0	0	2	0	0	0	0	0	0	0	12	0	1	4	0	2	0	0	4	0	0	0	0	0	0	0	0	0	1	0	0	0	0	3	0	0	0	0	1
1	0	9	0	0	0	88	1	1	0	1	1	0	0	7	0	0	0	6	0	0	0	1	0	0	0	1	0	0	1	2	0	0	0	0	0	3	0	0	1	0	1	33	2	1	1	0	1	0	0	0	16	0	0	0	1	1	0	20	0	0	0	0	0	0	0	0	0	0	0	0	1	0	0	1	0	2	0	3	1	0	0	0	0	0	0	0	0	4	2	0	1	1	0	0	0	0	5	0	0	0	2	2	3	0	0	0	0	0	11	1	0	0	0	3	0	0	1	0	0	1	0	0	1	0	8	1	0	2	32	0	0	0	1	0	3	0	0	0	0	0	0	0	0	11	0	1	0	0	0	0	4	0	0	1	5	0	2	3	0	0	1	5	0	32	0	166	0	1	3	0	0	0	0	4	0	0	1	11	1	1	0	0	0	0	0	0	1	0	0	4	0	0	0	5	0	10	1	0	12	0	0	1	1	10	0	0	19	0	1	0	11	0	59	1	0	0	0	0	0	5	0	2	49	0	0	0	0	0	0	0	0	0	6	1	4	0	8	0	0	1	2	0	1	3	0	8	0	23	0	10	0	0	0	0	0	0	0	1	0	0	0	0	0	0	16	0	2	2	0	1	0	0	3	0	0	0	0	0	0	0	0	0	0	0	0	0	0	0	0	0	0	0	11
1	1	1	0	0	0	186	0	3	0	0	1	0	1	6	0	0	0	6	0	2	0	2	0	0	0	4	0	0	2	0	0	0	0	0	0	0	0	0	1	0	1	42	2	0	0	0	0	0	3	0	58	2	0	0	1	5	0	11	0	0	0	0	2	0	0	1	1	0	0	0	0	0	0	3	0	0	0	3	0	2	0	0	0	0	0	0	0	4	1	0	1	2	0	0	0	0	6	0	0	0	0	0	7	0	0	0	0	0	3	0	0	0	0	0	0	0	4	0	0	3	1	0	0	0	10	0	0	1	32	0	0	0	0	0	14	0	0	0	8	0	0	0	0	10	0	1	0	0	0	0	3	0	0	0	7	0	8	1	0	1	4	2	0	82	0	129	4	0	14	0	2	0	1	3	0	0	0	26	15	0	0	0	0	0	0	0	0	0	1	3	0	0	0	1	1	6	10	0	6	2	0	1	1	11	0	0	37	0	0	5	5	0	38	0	0	0	0	0	0	6	0	0	108	0	0	0	0	0	0	0	0	0	9	0	15	0	7	0	0	1	7	0	1	15	0	11	1	30	0	6	2	2	0	0	0	0	1	2	0	0	0	0	0	0	29	0	4	11	2	2	0	0	15	0	0	0	0	0	0	3	0	0	2	0	0	0	0	8	0	0	0	0	6
1	0	10	0	0	0	167	0	4	0	2	2	0	0	2	0	0	0	2	0	0	0	0	0	0	0	1	0	0	0	3	0	0	0	0	0	2	2	0	0	0	0	77	1	1	0	0	0	0	0	0	17	3	0	3	0	0	0	4	0	0	1	1	4	0	0	1	0	0	0	2	0	3	0	0	0	0	0	7	0	1	0	1	0	0	0	0	1	1	1	0	0	1	0	0	1	0	4	0	0	0	0	1	2	0	1	0	0	20	2	11	1	0	0	0	0	0	2	0	0	6	0	1	0	0	7	2	0	0	3	0	0	0	0	3	48	0	0	0	10	0	0	2	0	4	5	0	0	0	0	0	1	0	0	0	0	0	0	4	0	0	0	0	2	49	1	65	0	0	3	0	6	0	0	1	0	0	0	5	2	1	0	0	0	0	0	0	0	0	0	2	0	0	1	8	2	8	3	0	2	1	0	2	1	10	0	0	54	0	0	0	7	0	39	1	0	0	0	2	0	7	0	1	82	0	0	0	0	0	0	0	0	2	9	0	5	0	1	0	0	0	13	0	2	5	1	4	0	46	0	2	1	4	0	0	0	0	7	0	0	0	0	0	0	0	22	0	20	2	0	0	0	0	9	0	0	0	0	0	2	1	0	0	0	0	0	0	1	1	0	0	0	0	2
1	0	7	0	13	0	98	0	5	0	0	3	0	0	11	1	0	0	16	0	0	0	0	0	0	0	1	0	0	1	4	0	1	0	0	0	2	1	0	0	0	0	61	7	5	0	0	0	0	0	0	21	1	0	2	0	0	0	6	1	0	1	0	4	1	0	1	0	0	0	1	0	1	0	4	0	0	0	12	0	1	0	1	0	0	0	0	3	2	1	0	1	0	0	0	2	0	7	0	0	0	0	0	3	0	0	0	0	6	5	5	1	0	0	0	0	0	0	0	0	5	1	0	0	0	12	6	0	0	41	0	0	0	0	2	28	0	0	0	4	0	0	0	0	4	4	0	0	1	0	0	1	0	0	0	2	0	0	10	0	0	0	0	0	47	0	84	0	0	7	0	5	0	0	1	0	0	0	9	2	2	0	0	0	0	0	0	0	0	0	6	0	0	1	13	1	12	1	0	12	7	0	2	0	27	0	0	39	0	0	0	19	0	85	1	1	0	0	0	0	2	0	3	60	0	1	0	0	0	0	0	0	1	6	0	5	0	4	0	0	0	2	0	4	6	1	5	0	46	0	21	3	2	0	0	0	0	2	0	0	0	0	0	0	0	22	0	15	3	0	0	0	0	14	0	0	0	0	3	3	2	0	0	0	0	0	0	1	2	0	0	1	0	9
5	0	0	0	0	0	54	0	0	0	0	1	1	2	4	0	0	0	18	0	1	0	0	1	0	0	1	0	0	6	0	0	1	0	0	0	1	0	1	4	0	0	38	8	1	0	0	0	0	0	0	25	7	0	1	1	1	7	2	1	0	0	0	1	0	0	2	5	0	0	1	0	3	0	6	0	0	0	8	0	0	0	0	0	0	0	0	3	1	2	0	0	4	0	0	0	0	6	0	1	1	0	0	0	0	0	0	0	7	15	3	2	0	0	0	0	1	1	0	0	5	2	0	0	0	2	5	0	4	63	0	0	0	0	3	9	0	0	0	11	0	1	0	0	11	0	1	0	0	0	0	0	0	0	0	2	0	7	3	0	4	2	8	0	22	0	51	1	0	8	0	8	0	1	2	0	0	0	24	2	0	0	0	0	0	0	0	0	0	3	4	0	0	1	1	2	7	0	0	19	8	0	2	1	30	0	0	86	0	0	4	8	0	69	0	0	0	0	0	0	2	0	0	34	0	1	1	0	0	0	0	0	1	9	0	3	0	10	0	0	1	3	0	1	3	0	4	0	34	0	32	8	1	0	0	0	0	2	2	0	0	0	0	0	0	8	0	13	0	2	1	0	0	5	0	0	0	0	0	3	0	0	0	0	0	0	0	0	1	0	0	0	0	4
4	0	5	0	0	0	3	0	6	0	0	0	4	0	15	1	0	0	8	0	0	0	0	0	0	0	0	0	0	1	2	0	1	0	0	0	0	0	1	2	0	2	33	1	2	1	0	0	0	0	0	8	7	0	0	0	0	0	1	5	0	1	6	2	0	2	0	1	2	0	0	1	2	0	1	0	0	1	7	0	0	1	5	0	0	1	0	1	2	7	0	0	4	0	0	3	0	16	0	0	2	0	10	0	0	10	0	0	2	8	12	1	0	0	3	0	0	0	0	0	4	2	1	0	0	15	8	0	8	40	0	0	0	0	7	69	0	0	0	17	0	2	0	0	21	0	1	0	3	0	0	2	0	0	0	5	0	4	5	0	0	4	4	0	5	0	12	1	1	1	0	5	2	1	17	0	0	1	35	0	26	0	0	0	0	1	0	0	0	0	9	2	0	1	13	0	20	0	0	12	1	0	6	3	21	0	6	59	0	1	2	12	0	80	2	0	0	0	0	0	3	0	1	6	0	1	0	0	1	0	0	0	0	2	1	4	0	9	0	2	0	0	0	7	1	8	0	0	104	0	27	4	0	0	0	0	0	1	0	0	0	1	0	0	0	1	0	11	0	0	1	0	0	14	0	0	0	0	0	3	0	0	0	0	0	0	0	0	1	0	0	0	0	2
1	0	0	0	0	0	238	0	1	0	4	1	1	1	1	0	0	0	0	0	2	1	0	0	0	0	4	0	0	0	0	0	1	0	0	0	0	0	0	2	0	0	50	0	0	0	0	0	0	1	0	30	3	0	0	1	2	0	13	1	0	0	0	3	0	1	1	2	0	0	0	0	0	0	0	0	0	0	3	0	2	0	0	0	0	0	0	0	2	2	0	1	4	0	0	0	0	4	0	2	1	0	0	6	0	0	0	0	2	1	4	1	1	0	0	0	0	2	0	0	2	1	0	0	0	4	0	0	1	5	0	0	0	0	2	12	0	0	0	9	0	1	1	0	4	0	2	0	0	0	0	4	0	0	0	2	0	8	0	0	1	2	1	0	53	1	124	4	0	8	0	3	0	1	3	0	0	0	20	10	0	0	0	0	0	0	0	0	0	1	1	0	0	0	1	1	1	8	0	1	0	0	5	0	6	0	1	55	0	0	4	1	0	16	0	0	0	0	0	0	7	0	0	102	0	0	0	1	0	0	0	0	0	6	0	12	0	0	0	0	0	18	0	1	8	0	10	1	31	0	2	1	1	0	0	0	0	2	4	0	1	0	0	0	0	29	0	9	4	2	1	0	0	11	0	0	0	0	0	1	1	0	0	1	0	0	0	0	7	0	0	0	0	3
2	0	1	0	1	0	44	0	0	0	4	0	0	0	8	0	0	0	13	0	0	1	0	0	1	0	1	0	0	2	1	0	1	0	0	0	1	0	0	0	0	0	33	4	2	0	0	0	0	0	0	9	0	0	1	0	0	0	4	0	0	1	0	1	0	2	0	0	0	1	0	2	2	0	6	0	0	0	4	1	0	0	0	0	0	0	0	2	0	0	0	0	0	0	0	0	0	3	0	0	0	0	0	5	1	0	0	0	0	14	4	0	0	0	0	1	0	0	0	0	0	0	0	0	0	5	6	0	0	41	0	0	0	0	0	1	0	0	0	0	0	0	1	0	3	0	3	0	0	0	0	2	0	0	6	2	0	0	6	1	1	0	0	0	8	1	47	0	0	5	0	1	0	0	1	0	0	0	3	0	1	0	0	0	0	0	0	0	0	0	4	0	0	0	7	0	4	0	0	10	3	0	1	0	26	0	0	11	0	0	0	16	0	52	0	0	0	0	0	0	6	0	2	30	0	1	1	0	0	0	0	0	0	1	0	1	0	6	0	0	0	3	0	1	0	0	1	0	11	0	21	2	0	0	0	0	0	0	0	0	0	0	1	0	0	15	0	7	0	0	0	0	0	1	0	0	1	0	0	1	1	0	0	0	0	0	0	0	0	0	0	0	0	8
3	0	1	0	0	0	181	0	1	0	0	4	0	0	2	0	0	0	1	0	0	0	1	0	0	0	1	0	0	0	0	0	0	0	0	0	1	0	0	0	0	0	39	0	0	0	0	0	0	0	0	26	1	0	1	0	0	0	13	0	0	0	0	1	0	2	0	0	0	0	1	2	4	0	0	0	0	0	5	0	1	0	0	0	0	0	0	0	1	0	0	1	0	0	0	0	0	3	0	0	0	0	0	6	0	0	0	0	4	9	5	0	0	0	0	0	2	4	0	0	1	0	0	0	0	3	1	0	0	11	0	0	0	0	0	11	0	0	0	1	0	0	0	0	3	0	0	0	0	0	0	1	0	0	0	2	0	0	0	0	0	0	0	0	43	0	151	0	0	2	0	1	0	0	0	0	2	0	4	5	0	0	0	0	0	0	0	0	0	0	0	0	0	0	3	0	2	5	0	1	2	0	0	3	19	0	0	19	0	0	0	3	0	39	0	0	0	0	0	0	2	0	0	73	0	0	0	0	0	0	0	0	0	7	0	6	0	0	0	0	0	8	0	0	6	0	11	0	21	0	4	2	2	0	0	0	0	3	0	0	0	0	0	0	0	19	0	5	4	0	3	0	0	5	0	0	0	0	0	0	1	0	0	1	0	0	0	0	4	0	0	0	0	2
0	0	1	0	0	0	143	2	3	0	2	9	0	0	2	0	0	0	0	0	0	1	1	0	0	0	1	0	0	0	0	0	1	1	0	0	0	0	1	2	35	0	78	0	0	0	0	3	0	0	0	8	3	0	2	3	1	0	41	0	0	0	1	2	0	1	1	0	0	0	0	1	0	0	0	0	6	0	7	3	0	0	1	0	0	0	0	0	2	1	1	1	3	1	0	0	0	10	0	0	1	2	5	1	0	1	0	0	6	3	15	2	0	0	4	1	0	0	0	0	4	0	1	2	0	2	1	0	4	6	0	0	0	2	3	33	0	0	0	11	0	0	3	1	18	0	1	0	0	0	0	5	0	0	2	0	0	1	0	1	0	0	6	0	24	1	284	1	1	1	0	17	0	0	3	0	0	1	19	0	2	0	0	0	2	0	0	0	0	0	1	1	0	0	1	0	5	0	0	3	1	0	2	2	8	0	0	172	0	1	0	0	0	19	1	0	0	0	0	0	13	0	0	37	0	0	0	0	0	0	0	0	0	2	0	1	0	3	0	0	0	4	0	0	3	0	18	0	47	0	2	0	0	0	0	0	0	1	4	0	0	0	0	0	0	26	0	19	0	0	0	0	0	6	0	0	0	0	0	0	0	0	0	0	0	0	0	0	0	0	0	0	0	12
1	0	6	0	0	0	173	1	10	0	5	3	0	0	0	0	0	0	0	0	0	0	0	0	1	3	2	0	0	1	0	0	1	0	0	3	0	0	0	0	6	0	148	0	0	1	0	0	0	0	0	6	5	0	1	0	0	1	13	0	0	0	0	1	0	1	1	0	1	0	0	0	1	0	0	0	0	2	0	0	0	2	4	0	0	0	0	0	0	1	0	0	3	0	0	0	0	4	0	0	0	2	0	1	0	0	0	0	7	3	21	0	0	1	1	6	0	0	0	0	0	0	0	0	1	0	0	0	0	4	1	0	1	0	1	10	0	0	0	20	0	0	0	0	10	3	0	0	0	0	0	2	0	0	1	0	0	1	0	0	0	1	10	0	69	0	82	0	1	3	0	7	0	1	1	0	0	0	24	0	11	0	2	0	0	0	0	0	0	1	0	1	0	0	0	1	0	0	0	0	0	0	2	6	2	0	0	133	0	0	0	0	1	3	2	2	0	0	0	0	5	0	0	82	0	0	0	0	0	0	0	0	1	22	0	3	0	0	0	0	0	9	0	0	0	0	4	1	87	3	0	0	0	0	1	1	0	0	1	0	1	2	0	0	0	32	0	41	5	0	0	3	0	35	1	0	0	0	0	0	0	2	4	0	0	0	0	0	2	0	0	0	0	1
1	2	1	0	0	0	85	0	12	0	0	3	0	0	3	0	0	0	1	0	0	0	0	0	0	0	0	0	0	0	0	0	1	0	0	2	0	0	1	0	20	0	33	0	0	2	0	0	0	0	0	1	3	0	2	0	0	2	5	0	0	0	0	15	0	0	0	0	2	0	0	0	1	1	0	0	0	11	1	0	0	2	4	1	0	0	0	0	0	3	9	2	2	0	0	0	0	3	0	0	0	3	0	0	0	0	0	0	19	1	46	2	1	0	4	12	0	0	0	0	1	0	0	0	0	3	0	0	0	14	0	0	0	0	6	17	0	0	0	20	0	0	0	0	19	0	0	0	0	0	0	2	0	0	0	0	0	12	0	5	1	0	6	0	9	0	36	1	2	2	0	5	0	5	2	0	0	2	13	1	1	0	3	0	0	0	0	0	0	1	0	0	0	2	1	3	0	0	0	1	0	0	2	2	8	0	1	56	0	6	0	0	0	9	0	0	0	0	0	0	4	0	0	28	0	0	0	0	1	0	0	0	1	1	0	0	0	0	1	0	0	1	0	0	0	0	1	0	89	1	4	0	1	0	0	0	0	1	2	0	1	2	0	0	0	12	0	80	1	2	0	0	0	51	0	0	0	0	0	0	2	0	0	0	0	0	0	0	0	1	0	0	0	1
0	5	6	0	0	0	56	1	21	0	0	6	0	1	3	0	2	0	4	0	0	0	0	0	1	1	0	1	0	0	0	0	1	1	0	1	0	0	1	0	12	0	79	0	0	2	0	0	0	0	0	1	2	1	1	0	0	1	13	0	0	0	0	6	0	3	1	0	0	0	0	0	2	0	0	0	0	4	0	0	0	4	2	6	0	1	0	0	0	1	0	3	7	0	0	0	0	3	0	0	0	3	0	0	0	0	0	0	17	3	24	0	0	0	8	9	0	0	0	0	3	0	0	1	0	2	0	0	0	9	1	0	0	0	2	48	0	0	0	20	0	0	0	0	26	0	0	0	0	0	0	7	0	0	0	0	1	47	0	2	0	0	6	0	16	0	41	1	0	2	2	8	1	6	3	0	0	0	25	0	1	0	5	0	0	0	0	0	0	1	0	1	0	0	0	2	1	0	0	2	0	0	2	3	10	0	0	213	0	1	0	0	1	18	0	1	0	0	0	0	8	0	2	37	0	0	0	0	0	0	0	0	1	2	0	0	0	0	2	2	0	2	0	0	0	0	0	0	125	1	0	0	0	0	0	1	1	0	3	0	0	1	0	0	0	11	0	46	2	0	0	0	0	46	1	0	0	0	0	2	2	0	0	0	0	0	0	0	0	1	0	0	0	0
1	2	6	0	0	0	28	0	20	0	1	9	0	0	3	0	0	0	7	0	0	0	0	0	2	0	0	2	0	0	0	0	3	0	0	2	0	0	1	0	15	1	103	0	0	4	0	0	0	0	3	5	10	1	0	0	0	0	16	0	0	0	0	7	0	2	2	0	5	0	0	0	2	0	27	0	0	7	0	0	0	3	8	1	0	1	0	0	0	9	4	1	9	0	0	0	0	9	0	0	0	2	0	0	0	0	0	0	9	5	39	0	0	1	6	8	0	0	0	0	4	0	0	0	0	4	0	0	0	11	2	0	2	0	3	7	0	0	0	17	3	1	3	0	32	1	0	0	0	0	0	5	0	0	0	0	0	42	3	8	0	0	12	0	14	0	32	2	0	4	0	6	0	2	0	0	1	1	44	3	3	0	3	0	0	0	0	0	0	2	0	2	0	0	3	0	1	0	0	2	0	0	0	1	8	0	0	212	0	3	0	0	1	11	1	0	0	0	2	0	16	0	2	15	0	0	1	0	0	0	0	0	0	1	0	0	2	3	1	0	0	3	0	2	0	0	0	0	97	3	1	0	1	0	2	3	0	0	3	0	2	1	0	0	0	5	0	46	3	0	0	0	0	42	2	0	0	0	0	0	0	1	0	0	0	0	0	0	0	0	0	0	0	0
0	8	1	0	0	0	71	0	16	0	3	4	0	1	6	0	1	0	2	0	0	0	0	0	0	0	0	0	0	0	0	0	0	1	0	2	0	0	1	0	14	0	101	0	0	0	0	0	2	0	0	4	5	2	0	0	0	0	12	0	0	0	0	8	0	0	0	0	0	0	0	18	0	0	0	0	0	4	0	0	0	0	1	3	0	0	0	0	0	0	0	2	1	1	0	0	0	1	0	0	0	3	0	0	0	0	0	0	7	2	41	0	0	0	2	8	0	0	0	0	4	0	0	2	0	4	0	0	0	5	0	0	0	0	0	11	0	0	0	17	0	0	0	0	25	0	0	0	0	0	0	7	0	0	0	0	0	19	0	0	2	1	2	0	23	0	27	0	5	0	3	3	1	10	0	0	0	0	2	0	3	0	8	0	0	0	0	0	0	0	0	0	0	4	0	2	6	0	0	1	0	0	0	0	8	0	0	128	0	0	0	0	0	9	0	1	0	0	0	0	17	0	1	39	0	0	0	0	0	0	0	0	0	8	0	0	0	1	3	1	0	12	0	0	0	0	3	0	58	0	0	0	0	0	0	0	0	3	5	0	0	0	0	0	0	8	0	56	0	1	0	1	0	47	0	0	0	0	0	1	1	2	1	0	0	0	0	0	0	2	2	1	0	1
2	0	2	0	0	0	78	0	8	0	1	4	0	0	3	0	0	0	0	0	0	0	0	0	0	1	0	0	0	0	1	0	0	0	0	1	0	0	0	0	7	0	72	0	0	1	2	0	0	0	0	2	8	0	0	0	0	1	9	0	0	0	0	8	0	0	0	1	2	0	0	0	1	1	0	0	0	1	7	0	0	3	3	0	0	0	0	0	0	4	1	1	1	0	0	1	0	6	0	0	0	3	0	0	0	0	0	0	6	4	15	0	0	0	2	3	0	5	0	0	0	0	0	0	0	2	0	0	0	12	0	0	1	0	2	9	0	0	0	16	0	0	0	0	12	1	0	0	0	0	0	1	0	1	0	0	0	4	0	0	0	0	13	1	25	0	44	1	0	1	0	4	0	1	1	2	1	0	14	0	10	0	1	0	1	0	0	0	0	1	0	0	0	2	1	2	2	0	0	0	0	0	2	2	6	0	1	68	0	0	0	0	0	7	2	1	0	0	1	0	6	0	0	32	0	0	2	0	0	0	0	0	0	5	0	1	0	2	0	0	0	3	0	0	0	0	4	0	58	1	5	0	0	0	0	0	0	0	1	0	1	1	0	0	0	12	0	34	3	11	0	1	0	27	0	0	0	0	1	0	0	0	0	0	0	0	0	3	0	1	0	0	0	4
1	0	4	0	0	0	59	1	9	0	1	5	0	0	4	0	0	0	0	0	0	0	2	0	0	0	0	0	0	0	0	0	0	0	0	1	0	0	2	0	7	0	79	0	1	0	0	0	0	0	0	0	2	1	0	0	0	1	12	0	0	0	0	3	0	1	0	0	0	0	0	0	1	0	0	0	1	2	0	0	0	2	1	1	0	0	0	0	0	0	1	1	6	0	0	0	0	3	0	1	0	1	0	0	0	0	0	0	7	3	4	0	0	0	3	3	0	0	0	0	0	1	0	0	0	0	0	0	0	6	0	2	0	0	2	22	0	0	0	14	0	0	0	0	11	3	0	0	0	0	0	4	0	0	0	0	0	7	0	1	0	0	9	0	18	0	40	0	0	2	0	5	0	2	3	0	0	0	14	0	4	0	2	0	0	0	0	1	0	1	0	0	0	0	0	1	1	0	0	0	0	0	3	4	5	0	0	148	0	1	0	0	0	11	0	1	0	0	0	0	3	0	0	34	0	0	0	0	0	0	0	0	0	4	0	1	0	0	0	0	0	2	0	0	0	0	2	0	97	0	0	1	0	0	0	0	0	0	4	0	0	2	0	0	0	13	0	21	0	0	0	0	0	19	0	0	0	0	0	1	1	0	0	0	0	0	0	0	0	1	0	0	0	0
0	0	1	0	0	0	111	0	9	0	2	1	0	0	1	0	0	0	0	0	0	0	0	0	0	1	0	0	0	0	0	0	3	0	0	3	0	0	1	0	11	0	80	0	0	2	0	0	0	0	0	4	2	0	1	0	0	1	5	0	0	0	0	4	0	0	1	0	2	0	0	0	0	0	0	0	1	5	0	0	0	0	6	0	0	0	0	0	0	1	5	1	4	0	0	0	0	2	0	0	0	0	0	0	0	0	0	0	8	2	25	1	1	0	1	6	0	0	0	0	0	0	0	0	0	0	0	0	0	6	0	0	1	0	4	4	0	0	0	16	0	0	0	0	11	2	0	0	0	0	0	1	0	0	0	0	0	3	0	4	0	0	12	0	24	0	63	0	0	3	0	2	0	1	0	0	0	1	15	2	2	0	1	0	0	0	0	0	0	1	0	0	0	0	0	0	0	0	0	0	0	0	2	2	2	0	0	70	0	5	0	0	0	3	1	1	0	0	0	0	3	0	0	46	0	0	0	0	0	0	0	0	1	5	0	1	0	1	0	0	0	2	0	0	0	0	2	0	77	1	1	0	1	0	0	0	0	0	2	0	0	2	0	0	0	22	0	43	3	0	0	0	0	31	0	0	0	0	0	0	1	0	0	0	0	0	0	0	0	0	0	0	0	0
0	3	0	0	0	0	65	0	16	0	0	0	0	0	2	0	1	0	8	0	0	0	0	0	0	5	0	0	0	1	0	0	4	0	0	1	0	0	1	0	8	0	45	0	0	3	0	1	0	0	2	4	0	0	1	0	0	1	2	0	0	0	0	9	0	0	1	0	1	0	0	0	0	0	0	0	0	1	0	0	0	1	5	3	0	0	0	0	0	1	0	2	0	0	0	0	0	0	0	0	0	0	0	1	0	0	0	0	9	4	22	0	0	0	8	3	0	0	0	0	3	0	0	0	1	3	0	0	0	15	0	0	0	0	5	39	0	0	0	17	2	1	2	0	21	0	0	0	0	0	0	0	0	0	0	14	0	49	2	2	1	0	16	0	12	0	65	2	0	0	0	1	0	3	2	0	0	0	10	1	0	0	0	0	0	0	0	0	0	0	0	0	0	1	2	1	0	0	0	0	0	0	5	1	9	0	1	46	0	0	0	0	0	17	2	2	0	0	2	0	5	0	1	42	0	0	0	0	0	0	0	0	5	2	0	0	1	2	0	0	0	0	0	1	0	0	1	0	60	0	3	0	0	0	0	0	1	0	2	0	0	0	0	0	0	13	0	32	10	0	0	0	0	43	0	0	0	0	1	1	1	0	0	0	0	0	0	0	0	1	0	0	0	1
0	1	0	0	0	0	36	0	16	0	2	0	0	0	0	0	0	0	0	0	0	0	1	0	0	0	0	0	0	0	0	0	1	0	0	2	0	0	1	0	18	0	59	0	0	3	0	0	1	0	0	6	1	0	0	0	0	1	1	0	0	0	0	4	0	0	1	0	0	0	0	0	0	0	0	0	1	4	0	0	0	0	9	0	0	0	0	0	0	0	1	0	1	1	0	0	0	0	0	0	0	1	0	0	0	0	0	0	17	3	58	0	0	0	3	5	0	0	0	0	0	0	0	0	0	1	0	0	0	7	0	0	1	0	3	24	0	0	0	24	0	1	0	1	14	2	0	0	0	0	0	1	0	0	0	0	0	10	0	1	0	0	20	0	7	0	24	3	3	0	0	2	0	1	1	0	0	0	9	1	0	0	3	0	0	0	0	1	0	0	0	0	0	0	0	2	0	0	0	0	1	0	4	1	2	0	1	39	0	2	0	0	0	3	2	0	0	0	0	0	10	0	0	12	0	0	0	0	2	0	0	0	0	3	0	0	0	2	1	0	0	6	0	0	0	0	2	0	104	0	1	0	0	0	0	0	0	2	2	0	0	2	0	0	0	6	0	49	2	0	0	0	0	46	0	0	0	0	0	0	1	1	0	0	0	0	0	0	0	0	1	1	0	0
9	0	11	0	0	0	5	3	10	0	0	17	0	0	2	0	0	0	0	0	0	0	1	0	4	0	0	2	0	0	0	0	0	0	0	0	0	0	0	0	5	3	32	0	2	1	1	0	0	0	0	0	9	0	0	0	0	1	12	0	0	0	0	4	0	3	3	0	2	0	0	0	6	0	0	0	0	1	2	0	0	11	2	1	0	2	0	0	0	11	0	0	7	0	0	0	0	20	0	0	0	7	0	0	0	0	0	0	11	4	9	0	0	1	9	2	0	0	0	0	0	1	0	0	0	1	2	0	0	19	6	0	0	0	2	32	0	0	0	17	0	0	0	0	13	0	0	0	0	0	0	2	0	0	0	0	3	15	0	0	1	0	18	0	2	0	10	1	0	2	0	15	0	0	8	0	3	0	65	0	8	0	2	0	1	0	0	0	0	2	0	5	0	2	0	2	0	0	0	0	0	0	3	5	9	0	2	131	0	0	0	0	3	18	1	0	0	0	1	0	4	0	0	2	0	0	3	0	1	0	0	0	0	0	0	0	0	0	0	0	0	0	0	0	0	0	1	0	144	4	4	1	0	0	2	9	0	0	0	0	5	1	0	0	0	0	0	22	1	4	0	0	0	17	4	0	0	0	4	1	0	0	0	0	1	0	1	0	0	1	0	0	0	3
1	1	0	0	0	0	42	0	17	0	3	3	0	0	5	0	0	0	3	0	0	15	0	0	0	0	2	0	0	0	0	0	1	0	0	2	0	0	1	0	11	0	122	0	0	1	0	0	0	5	0	3	4	2	0	0	0	1	10	0	0	0	0	11	0	0	0	0	2	0	0	0	0	0	0	0	0	1	1	0	0	1	8	3	0	0	0	0	0	2	1	0	1	0	0	1	0	2	0	0	0	0	0	0	0	0	0	0	6	9	9	1	0	0	6	1	0	0	0	0	2	0	0	0	0	3	1	0	0	12	0	0	3	0	3	33	0	0	0	19	0	0	0	0	21	6	0	0	0	0	0	1	0	0	2	0	0	34	0	3	1	1	28	0	24	0	48	0	0	0	0	3	0	1	2	1	0	0	13	1	6	0	1	0	0	0	0	0	0	0	0	0	0	1	1	2	3	0	0	1	0	0	2	2	12	0	1	125	0	0	0	0	0	14	4	0	0	0	1	0	14	0	1	29	0	0	0	0	0	0	0	0	0	5	0	1	0	4	0	0	0	2	0	0	0	0	4	2	57	0	4	0	0	0	0	0	0	0	3	0	0	4	0	0	0	10	0	16	3	2	0	1	0	29	0	0	0	0	1	1	1	1	5	0	1	0	0	1	2	2	0	0	0	0
1	4	4	0	0	0	3	1	24	0	0	7	0	1	3	0	1	0	7	0	0	0	2	0	0	0	1	0	0	0	1	0	0	1	0	0	0	0	0	0	5	0	79	0	2	2	0	0	0	0	0	3	3	2	0	0	0	0	11	0	0	0	0	4	0	1	2	0	1	0	0	0	2	0	0	0	0	0	0	0	0	7	5	8	0	0	0	0	0	3	0	0	3	0	0	0	0	4	0	1	0	4	0	0	0	0	0	0	12	11	9	0	0	0	19	0	0	0	0	0	4	2	0	1	0	2	2	0	0	15	0	0	1	0	0	120	0	0	0	23	0	0	0	0	24	1	0	0	0	0	0	3	0	0	0	0	0	93	1	0	1	0	31	0	6	0	16	2	0	0	2	11	1	1	9	0	0	0	42	0	3	0	3	0	0	0	0	0	0	0	0	0	0	1	1	2	3	0	0	0	0	0	5	4	16	0	2	196	0	0	0	0	0	30	4	0	1	0	1	0	16	0	2	5	0	0	0	0	1	0	1	0	0	1	0	0	1	3	1	1	0	2	0	0	0	0	1	0	129	1	2	3	0	0	0	0	0	0	1	0	0	0	0	0	0	0	0	10	3	0	0	0	0	29	0	0	0	0	3	3	2	1	0	0	1	0	0	0	0	3	0	0	0	0
1	3	4	0	0	0	34	0	9	0	1	12	0	0	9	0	1	0	2	0	0	0	0	0	0	0	0	0	0	0	0	0	0	1	0	1	0	0	3	0	5	0	76	0	0	0	1	0	0	0	0	1	6	1	0	0	0	0	18	0	0	0	0	7	0	2	0	1	1	0	0	0	2	0	0	0	2	2	1	0	0	1	0	1	0	0	0	0	0	5	1	1	9	0	0	1	0	7	0	0	0	1	0	0	0	0	0	0	1	2	6	0	0	0	2	4	0	0	0	0	3	0	0	1	0	4	0	0	0	10	0	1	0	0	1	2	0	0	0	6	0	0	0	0	19	0	0	0	0	0	0	6	0	0	0	3	0	16	0	2	1	0	3	0	12	0	28	0	0	1	1	2	1	5	0	0	0	0	8	0	4	0	1	0	0	0	0	1	0	1	0	0	0	3	0	1	3	0	0	1	0	0	0	0	7	0	0	165	0	1	0	0	0	15	0	0	0	0	0	0	7	0	1	24	0	0	1	0	0	0	0	0	0	1	0	0	0	2	1	0	1	1	0	0	0	0	1	0	49	1	1	0	0	0	0	1	0	0	5	0	1	0	0	0	0	6	0	21	0	3	0	0	0	16	1	0	0	0	0	0	0	0	0	0	0	0	0	0	0	0	0	0	0	2
1	2	2	0	0	0	26	0	10	0	1	4	0	0	1	0	0	0	3	0	0	0	0	0	1	3	0	0	0	0	0	0	1	0	0	0	0	0	0	0	0	0	92	0	0	1	0	0	0	0	2	9	5	0	0	0	0	0	9	0	0	0	0	0	0	1	0	0	1	0	0	0	0	0	0	0	1	0	0	0	0	1	1	0	0	0	0	0	0	6	0	0	6	1	0	0	0	6	0	0	0	1	0	0	0	0	0	0	0	3	13	0	0	0	3	1	0	0	0	0	1	0	0	0	0	1	0	0	0	8	0	0	2	0	0	2	0	0	0	9	0	1	1	0	13	0	1	0	0	0	0	2	0	0	0	0	0	13	1	0	0	0	9	0	23	0	36	1	2	0	0	2	0	0	0	0	0	0	17	0	6	0	0	0	0	0	0	0	0	0	0	0	0	1	2	0	1	0	0	0	0	0	0	0	2	0	0	104	0	0	0	0	1	10	1	3	0	0	1	0	8	0	1	23	0	0	1	0	0	0	0	0	4	7	0	1	2	3	0	0	0	3	0	1	0	0	0	0	53	4	0	0	0	0	0	0	1	0	0	0	1	0	0	0	0	4	0	14	8	0	0	1	0	18	0	0	0	1	0	0	0	1	0	0	0	0	0	0	0	0	0	0	0	2
0	0	0	0	0	0	10	0	18	0	1	14	0	1	0	3	0	0	0	0	0	0	0	0	0	0	0	0	0	0	0	0	0	0	3	1	0	2	1	0	0	0	21	0	0	0	0	0	0	0	0	0	4	0	0	0	0	0	6	0	0	0	0	0	0	0	0	0	5	0	0	6	0	0	0	0	1	0	0	0	0	0	0	1	0	0	1	0	0	5	0	0	10	0	0	0	1	0	2	0	0	0	0	0	0	0	5	4	0	0	0	0	0	0	1	0	0	0	0	0	0	0	0	2	11	0	0	0	0	0	3	0	0	0	0	0	3	0	0	2	0	0	0	1	18	0	0	0	0	1	2	4	0	0	0	0	0	64	0	0	0	0	8	0	0	0	12	0	0	0	0	3	0	0	0	0	0	0	0	0	4	0	0	0	1	0	2	0	0	0	0	0	0	1	0	0	0	0	0	0	0	0	52	25	0	0	0	934	0	0	0	0	0	0	2	0	0	0	1	0	8	0	0	2	0	0	0	5	0	0	0	0	0	0	0	0	0	0	0	0	0	4	5	0	0	0	0	0	31	0	0	0	0	0	0	1	0	0	7	0	0	0	0	1	0	5	10	3	2	0	0	0	0	9	1	0	0	2	0	0	0	0	0	0	1	0	0	3	0	0	0	0	0	0
0	0	0	0	0	0	1	0	3	0	2	4	0	0	0	0	0	0	0	0	0	0	0	0	1	0	0	0	1	0	0	0	0	0	0	0	0	0	0	0	0	0	16	0	0	0	0	0	1	0	0	0	0	0	0	0	0	0	1	0	0	0	0	0	0	6	0	0	2	0	0	11	0	0	0	0	1	0	0	0	0	0	0	0	1	0	0	0	0	0	0	0	1	0	0	0	0	0	0	0	0	0	0	0	0	0	1	0	0	0	0	0	1	0	0	0	0	0	0	0	0	0	0	1	1	0	0	0	0	0	1	0	0	1	0	0	0	0	0	0	0	0	0	0	11	0	0	0	0	0	0	0	0	0	0	0	0	44	0	0	0	0	32	0	0	0	7	0	0	0	0	0	0	0	0	0	0	0	0	0	2	0	0	0	0	0	0	0	3	0	0	0	0	0	0	0	0	0	0	0	0	0	0	0	0	0	0	844	1	0	0	0	0	1	0	0	0	1	0	0	0	0	0	2	0	0	0	0	0	0	0	0	0	0	0	0	1	0	0	9	0	0	2	0	0	0	0	2	3	0	0	0	0	0	1	0	0	0	2	0	0	0	0	0	0	4	0	0	0	0	0	0	1	0	1	0	0	0	0	0	0	0	0	0	0	0	0	0	0	2	0	0	9	0
0	0	1	0	0	0	1	0	9	0	0	9	0	0	0	0	0	0	0	0	0	2	0	0	0	0	0	1	0	0	0	0	0	1	0	0	0	0	0	0	3	0	47	0	0	0	0	0	0	2	0	0	1	2	0	0	0	0	4	0	0	0	0	0	0	1	1	0	0	0	0	12	0	0	0	0	11	0	0	0	2	1	0	2	2	0	0	0	0	0	0	0	2	0	0	0	0	0	0	0	0	0	0	0	2	0	2	0	0	0	0	0	4	0	0	0	0	0	1	0	0	0	0	0	2	0	0	0	0	0	0	0	1	0	0	0	0	0	0	2	0	0	1	0	9	0	0	0	0	0	2	0	0	1	0	0	0	27	0	0	0	0	8	0	0	0	13	0	0	0	0	1	1	0	0	0	2	0	0	0	8	0	0	3	0	0	0	0	0	0	0	0	0	0	0	0	0	0	0	0	0	0	0	0	0	0	0	700	0	0	0	0	0	0	0	0	0	0	0	0	0	8	0	4	0	0	0	0	0	0	0	0	0	0	0	0	0	0	0	0	0	0	1	0	0	0	0	0	9	0	0	0	0	2	0	2	0	0	4	0	0	0	0	2	0	1	0	2	1	1	0	3	0	2	1	4	1	0	0	0	0	0	0	0	0	0	0	0	0	0	2	0	0	0
0	0	1	0	0	0	16	0	4	0	0	12	0	4	0	0	0	0	0	0	0	0	0	0	0	0	0	0	0	0	0	0	2	0	0	0	0	0	0	0	1	0	22	0	0	0	0	0	0	0	0	0	0	0	0	0	0	0	7	0	0	0	0	0	0	2	0	0	0	0	0	14	0	0	0	0	1	0	0	0	0	0	0	0	0	0	1	0	0	0	0	0	1	0	0	0	0	0	0	0	0	0	18	0	1	0	0	0	1	0	0	0	0	0	0	0	0	0	0	0	0	0	1	4	1	0	0	0	0	0	0	0	2	0	0	0	0	0	0	4	0	0	0	3	6	0	0	0	0	1	3	0	0	0	0	0	0	91	0	0	0	0	6	0	0	0	12	0	0	0	0	2	0	0	0	0	1	0	2	0	3	0	0	0	0	0	4	0	0	0	0	0	0	3	0	1	0	0	0	0	0	0	0	0	0	1	0	505	0	0	0	0	0	0	1	0	0	0	0	0	1	1	0	0	0	0	0	0	0	0	0	0	0	0	2	0	0	1	0	0	0	0	7	0	0	0	0	0	30	0	0	0	0	1	1	2	0	0	3	0	0	0	0	3	0	5	0	0	3	0	0	1	0	6	1	0	0	0	0	0	0	0	0	0	2	1	1	0	0	0	0	1	0	0
0	0	0	0	0	0	2	0	7	0	0	2	0	1	0	0	0	0	0	1	0	0	0	0	0	0	0	0	0	0	0	1	2	0	0	0	0	0	0	0	0	0	10	0	0	0	1	0	0	0	0	0	0	0	0	0	0	0	8	0	0	0	0	1	0	1	0	0	0	0	0	6	0	0	0	0	0	0	0	0	0	1	0	0	3	0	0	0	0	0	0	0	5	0	1	0	0	0	0	1	0	0	0	0	0	1	4	0	1	1	0	0	0	0	0	0	0	0	0	0	0	0	0	0	6	0	0	0	0	0	1	0	2	1	0	1	0	0	0	6	0	0	0	1	11	0	0	0	0	1	7	1	0	1	0	0	0	22	0	0	0	0	26	1	0	0	8	0	0	0	0	8	0	0	0	0	0	0	3	0	5	0	1	0	2	0	5	0	0	0	0	0	0	1	0	0	0	0	0	0	0	0	0	0	0	2	0	610	0	0	1	0	0	0	0	0	0	0	0	0	0	0	0	3	0	0	0	0	0	0	0	0	0	0	0	0	1	0	0	5	0	0	1	0	0	0	0	0	31	0	0	0	0	0	1	1	0	0	5	0	0	0	0	1	0	6	0	2	4	0	0	0	0	10	0	0	0	0	0	0	1	0	0	0	2	0	0	0	0	0	0	1	3	0
0	0	0	0	0	0	17	0	3	0	0	13	0	0	0	0	0	0	0	0	0	0	0	0	0	0	0	0	0	0	0	0	0	0	0	0	0	0	0	0	0	0	24	0	0	0	0	0	0	0	0	0	0	0	0	0	0	0	3	0	0	0	0	0	0	1	0	0	1	0	0	11	0	0	0	0	0	0	0	0	0	0	0	0	0	0	0	0	0	0	0	0	1	0	0	0	0	0	0	0	0	0	29	0	0	0	1	0	0	0	0	0	0	0	0	0	0	0	0	0	0	0	1	0	1	0	0	0	0	0	0	0	0	0	0	0	0	0	0	1	0	0	1	0	4	0	0	0	0	0	0	1	2	0	0	0	0	38	0	0	0	0	8	0	0	0	16	0	0	0	0	0	0	0	0	0	0	0	0	0	2	0	0	0	0	0	0	0	0	0	0	0	0	6	0	0	0	0	0	0	0	0	0	0	0	0	0	554	0	0	0	0	0	0	0	0	0	0	0	1	0	1	0	2	0	0	0	0	0	0	4	0	0	0	3	0	0	0	0	0	0	0	2	0	0	0	0	0	2	0	0	0	0	0	0	0	0	0	3	0	0	0	0	1	0	2	0	0	0	1	0	0	0	2	0	0	0	0	0	0	0	0	0	0	0	4	1	0	0	0	0	0	0	0
0	0	0	0	0	0	1	0	3	0	0	13	0	0	0	0	0	0	0	1	0	1	0	0	0	0	0	0	0	1	0	0	0	1	0	0	0	0	0	0	0	0	40	0	0	0	0	0	0	0	0	0	0	0	0	0	0	0	7	0	0	0	0	0	0	0	0	0	0	0	0	6	0	0	0	0	1	0	0	0	0	0	0	1	4	0	0	0	0	0	0	0	0	0	2	0	0	0	0	1	0	0	0	0	0	4	1	0	0	0	0	0	0	0	0	0	0	0	0	0	0	0	0	0	0	0	0	0	0	0	0	0	0	0	2	0	0	0	0	2	0	0	2	0	21	0	0	0	0	0	3	0	0	0	0	0	0	32	0	0	0	0	4	0	0	0	12	0	0	0	0	1	1	1	0	0	0	0	1	0	2	0	1	1	1	0	0	0	0	0	0	0	0	1	0	0	0	0	0	0	0	0	0	0	0	0	0	667	0	0	0	0	0	0	0	0	0	0	0	0	0	2	0	7	0	0	0	0	0	0	0	0	1	0	0	0	0	0	0	0	0	0	2	0	0	0	0	0	7	0	0	0	0	0	0	1	0	1	7	0	0	1	0	2	0	1	0	0	1	3	0	0	0	3	0	1	1	0	0	0	3	0	0	0	0	0	0	0	0	0	0	0	0	0
0	0	0	0	0	0	2	0	6	0	0	3	0	0	0	0	0	0	0	0	0	0	0	0	0	0	0	0	2	0	0	0	0	0	0	0	0	0	0	0	0	0	14	0	0	0	0	0	0	0	0	1	0	0	0	23	0	0	6	0	0	0	0	0	0	0	0	0	1	0	0	5	0	0	0	0	1	0	0	0	0	0	0	1	0	0	0	0	0	0	0	0	3	0	0	0	0	0	0	0	0	0	0	2	0	0	1	0	0	0	0	0	1	0	0	0	0	0	0	0	0	0	0	0	0	0	0	0	0	0	0	0	0	0	0	0	0	0	0	1	0	0	0	0	5	0	0	0	0	0	0	0	0	1	0	0	0	16	0	0	0	0	6	0	0	0	4	0	0	0	0	1	0	1	0	0	0	0	1	0	4	0	2	0	0	0	0	0	1	0	0	0	0	1	0	0	0	46	0	0	0	0	0	0	0	0	0	425	0	0	0	0	0	0	0	0	0	5	0	0	0	0	0	1	0	0	0	0	0	0	0	1	0	0	1	0	0	0	0	0	0	0	0	0	0	0	0	1	7	0	0	0	0	0	0	0	0	1	2	0	0	0	0	0	0	3	0	1	0	0	0	0	1	3	0	0	0	0	0	0	1	0	0	0	0	0	0	0	0	0	0	0	0	0
0	0	0	0	0	0	4	0	7	0	1	8	0	2	0	0	0	0	0	0	0	0	0	0	0	0	0	0	0	0	0	0	0	0	0	0	0	0	0	0	1	0	5	0	0	0	0	0	0	0	0	0	1	0	0	0	0	0	4	0	0	0	0	0	0	1	0	0	2	1	0	5	0	0	0	0	0	0	0	0	0	0	0	0	0	0	0	0	0	1	0	0	3	0	0	0	0	0	0	0	0	0	0	0	0	0	2	0	0	0	0	0	0	0	0	0	0	0	0	0	0	0	0	2	4	0	0	0	0	0	1	0	1	0	1	0	0	0	0	1	0	0	0	1	5	0	0	0	0	0	0	3	0	1	0	0	0	56	0	0	0	0	10	0	0	0	4	0	0	0	0	3	0	0	0	0	0	0	1	0	2	0	2	0	0	0	2	0	1	0	0	0	0	3	1	0	0	0	0	0	0	0	2	2	0	1	0	489	0	0	0	0	0	0	0	0	0	0	0	0	3	0	0	0	0	0	0	0	0	1	0	0	0	0	0	0	0	0	0	1	0	0	2	0	0	0	0	0	22	0	0	0	0	0	0	0	0	1	1	0	0	1	0	0	1	4	1	1	1	0	0	0	0	3	0	0	0	0	0	0	0	0	0	0	1	0	0	0	0	1	0	0	0	0
0	0	0	0	0	0	4	0	12	0	0	13	0	1	0	1	0	0	0	0	0	0	0	0	1	0	0	0	0	0	0	0	2	1	0	0	0	0	0	0	0	0	67	0	0	0	1	0	0	0	0	0	3	0	0	0	0	0	3	0	0	0	0	1	0	1	0	0	5	0	0	5	0	0	0	0	1	0	0	0	0	0	0	0	0	0	1	0	0	2	0	0	10	0	0	0	0	0	1	0	0	0	0	1	0	0	5	2	0	0	0	0	0	0	2	0	0	0	0	0	0	0	0	1	9	0	0	0	0	0	3	0	0	0	0	0	1	0	0	0	0	1	1	1	10	0	0	0	0	1	2	2	0	0	0	0	0	41	0	0	0	0	18	1	0	0	22	0	0	0	0	5	2	0	0	0	0	0	2	0	0	0	1	1	0	0	2	0	1	0	0	0	0	0	0	0	0	0	0	0	0	0	16	9	0	0	0	1072	0	0	0	0	0	0	1	0	0	0	0	0	3	1	0	3	0	0	0	1	0	0	0	0	0	0	0	0	0	0	0	0	0	2	4	0	0	0	0	0	40	0	0	0	0	0	0	1	0	0	6	0	0	0	0	5	0	2	5	7	0	1	0	0	0	2	0	1	1	2	0	0	0	0	0	0	1	0	0	2	0	1	0	0	0	0
0	0	0	0	0	0	9	0	8	0	0	7	0	0	0	0	0	0	0	2	0	1	0	0	1	0	0	0	0	0	0	0	0	0	3	0	0	0	0	0	0	0	11	0	0	0	0	0	0	0	0	0	0	0	0	0	0	0	2	0	0	0	0	0	0	6	0	0	3	0	0	13	0	0	0	0	0	0	0	0	0	0	0	1	1	0	0	0	0	1	0	0	4	0	1	0	1	0	0	1	0	0	9	0	0	2	3	0	0	0	0	0	0	0	1	0	0	0	0	0	0	0	0	0	7	0	0	0	0	0	3	0	0	0	0	2	1	0	0	2	0	0	0	0	11	0	0	0	0	0	0	1	1	0	0	0	0	25	0	0	0	0	23	0	0	0	12	0	0	0	0	0	0	0	0	0	0	0	0	0	8	0	0	0	0	0	0	0	0	0	0	0	0	4	0	0	0	0	0	0	0	0	14	7	0	0	0	767	0	0	1	0	0	0	0	0	0	0	0	0	1	1	0	4	0	0	0	0	0	0	0	0	1	0	2	0	1	0	0	8	0	1	1	0	0	0	0	0	1	0	0	0	0	0	0	0	0	0	5	0	0	0	0	0	0	3	2	0	0	0	0	0	0	4	0	0	0	1	0	0	1	0	0	0	0	1	0	0	0	0	0	0	8	0
0	0	0	0	0	0	9	0	4	0	0	13	0	0	0	0	0	0	0	0	0	0	0	0	0	0	0	1	1	0	0	1	0	2	1	0	0	0	0	0	0	0	50	0	0	0	0	0	0	0	0	0	0	0	0	0	0	0	4	0	1	0	0	0	0	0	0	0	5	0	0	8	0	0	0	0	0	0	0	0	0	0	0	0	2	0	1	0	0	0	0	0	6	0	0	0	0	0	0	0	0	0	0	1	3	0	5	1	0	0	0	0	0	0	0	0	0	0	0	0	0	0	0	3	1	0	0	0	0	0	0	0	0	0	0	0	0	0	0	1	0	0	1	0	9	0	0	0	0	1	0	1	0	2	0	0	0	31	0	0	0	0	1	0	0	0	19	0	0	0	0	1	1	0	0	0	0	0	0	0	9	0	1	0	0	0	0	0	1	0	0	0	0	0	0	0	0	0	0	0	0	0	2	4	0	0	0	738	0	0	0	0	0	1	0	0	0	2	0	0	2	5	0	9	0	0	0	1	0	0	0	1	0	0	1	0	0	0	0	0	0	0	2	0	0	0	0	0	7	0	0	0	0	3	0	2	0	0	9	1	0	1	0	2	0	9	0	4	1	1	0	0	0	3	3	0	2	0	0	0	0	0	0	0	0	0	0	0	0	0	0	0	0	0
0	0	0	0	0	0	6	0	1	0	2	17	0	0	0	0	0	0	0	0	0	0	0	0	0	0	0	0	0	0	0	0	0	0	0	0	0	0	0	0	0	0	12	0	0	0	0	0	4	0	0	0	0	0	0	0	0	0	1	0	0	0	0	0	0	1	0	0	4	0	0	14	0	0	0	0	4	0	0	0	0	1	0	0	0	1	1	0	0	0	0	0	0	0	0	0	0	0	0	0	0	0	0	0	1	0	0	1	0	0	0	0	1	0	0	0	0	0	0	0	0	0	0	8	0	0	0	2	0	0	0	0	0	0	0	0	0	0	0	0	0	0	0	0	14	0	0	3	0	1	0	0	0	0	0	0	0	109	0	0	0	0	6	0	0	0	9	0	0	0	0	0	0	0	0	0	1	0	0	0	4	0	0	0	0	0	0	0	2	0	0	0	0	1	0	0	0	0	0	0	0	0	0	0	0	0	0	794	0	0	0	0	0	3	1	0	0	0	5	0	4	1	0	2	0	0	0	6	0	0	0	0	0	0	0	0	0	0	0	0	0	0	6	0	0	0	0	0	1	0	0	0	0	0	1	0	0	0	2	0	0	0	0	0	0	6	0	0	1	0	0	1	0	0	3	0	0	0	0	0	0	0	0	1	0	0	0	0	0	4	0	0	0	0
0	0	0	0	0	0	6	0	19	0	0	4	0	5	0	0	0	0	0	3	0	2	0	0	0	0	0	0	0	0	0	0	6	0	1	0	0	0	0	0	0	0	13	0	0	0	0	0	1	1	0	0	2	1	0	0	0	0	17	0	0	0	0	2	0	0	0	0	2	0	0	3	0	0	0	0	2	0	0	0	0	0	0	2	1	0	4	0	0	2	0	0	10	0	2	0	0	0	0	1	0	0	0	0	0	3	2	1	1	0	0	0	0	0	0	0	0	0	0	0	0	0	0	4	1	0	0	1	0	0	0	0	1	0	0	0	0	23	0	9	0	0	0	4	25	0	0	0	0	3	13	1	0	0	0	0	0	68	0	0	0	0	3	2	0	0	6	0	0	0	0	11	0	0	0	0	0	0	2	0	7	0	1	0	4	0	8	0	0	0	0	0	0	0	0	0	0	0	0	0	0	0	0	1	0	2	0	785	0	0	0	0	0	1	4	0	0	0	0	0	4	0	0	2	0	0	0	1	0	0	0	1	2	0	0	0	0	0	0	0	0	0	6	0	0	0	0	0	66	0	0	0	0	0	0	1	0	0	13	0	0	0	0	1	0	9	1	3	6	0	0	1	0	23	0	0	0	0	0	0	1	0	0	0	3	0	0	0	0	0	0	2	0	0
0	0	0	0	0	0	6	0	5	0	0	8	0	0	0	0	0	0	0	0	0	0	0	0	0	0	0	0	0	0	0	0	0	0	0	0	0	0	0	0	0	0	31	0	0	0	1	0	0	0	0	0	1	0	0	0	0	0	4	0	0	0	0	0	0	0	0	0	0	0	0	8	0	0	0	0	0	0	0	0	0	2	0	0	1	0	0	0	0	1	1	0	1	0	0	0	0	0	0	0	0	0	2	0	1	0	4	0	0	0	0	1	0	0	1	0	0	0	0	0	0	0	0	0	4	0	0	0	0	0	0	0	1	0	0	0	0	0	0	2	0	0	0	1	3	0	0	0	0	0	1	1	0	0	0	0	0	23	0	0	0	0	18	1	0	0	22	0	0	0	0	3	0	0	0	0	1	0	2	0	3	0	0	0	0	0	1	0	0	0	0	0	0	1	0	0	0	0	0	0	0	0	0	0	0	1	0	671	1	0	0	0	0	0	0	0	0	0	0	0	0	3	0	3	0	0	0	0	0	0	0	0	0	0	0	0	0	0	0	0	0	0	1	0	0	0	0	0	11	0	0	0	0	1	1	1	0	0	2	1	0	0	0	2	0	2	0	1	0	1	0	1	0	2	0	0	0	0	0	0	0	0	0	0	0	1	0	0	0	0	0	0	0	0
0	0	1	0	0	0	0	0	7	0	0	8	0	0	0	3	0	0	0	0	0	0	0	0	0	0	0	1	0	0	0	1	0	0	2	0	0	3	0	0	1	0	10	0	0	0	0	0	0	0	0	0	2	0	0	0	0	0	0	0	0	0	0	0	0	0	0	0	3	0	0	4	0	0	0	0	0	0	0	0	0	1	0	0	0	0	0	0	0	1	0	0	4	0	0	0	5	0	2	0	0	0	0	0	1	0	9	3	0	0	0	0	0	0	1	0	0	0	0	0	0	0	0	0	12	0	0	0	0	0	2	0	0	0	1	0	2	0	0	0	0	0	0	0	7	0	0	0	0	0	0	2	0	1	0	0	0	25	0	0	0	0	20	0	0	0	9	0	0	0	0	1	0	0	0	0	1	0	0	0	6	0	0	0	0	0	0	0	0	0	0	0	0	0	0	2	0	0	0	0	0	0	52	26	0	1	0	862	0	0	1	0	0	0	0	0	0	0	0	0	7	1	0	2	0	0	0	2	0	1	0	0	0	0	0	0	0	0	0	0	0	5	0	0	0	0	0	0	5	0	0	0	0	1	1	0	0	0	1	1	0	0	0	0	0	4	5	2	0	0	0	1	0	0	1	1	0	3	0	0	0	0	0	0	0	0	0	2	0	0	0	0	0	0
0	0	0	0	0	0	17	0	8	0	0	4	0	1	0	1	0	0	0	0	0	0	0	0	0	0	0	0	0	0	0	0	0	0	1	0	0	2	0	0	0	0	18	0	0	0	1	0	0	0	0	0	1	0	0	0	1	0	3	0	0	0	2	0	0	0	0	0	3	0	0	4	0	0	0	0	0	0	0	0	0	1	0	0	1	0	0	0	0	2	0	0	6	0	0	0	1	0	1	0	0	0	12	0	0	0	8	1	0	0	0	0	0	0	4	0	0	0	0	0	0	0	1	0	6	0	0	0	0	0	1	0	0	2	0	0	1	0	0	2	0	0	0	0	6	0	0	0	0	0	0	2	1	0	0	1	0	27	0	0	0	0	31	0	0	0	26	0	0	0	0	3	0	0	0	0	0	0	1	0	2	0	0	0	0	0	0	0	0	0	0	0	0	2	0	0	0	0	0	0	0	0	17	9	0	0	0	1066	2	0	0	0	0	0	0	0	0	0	0	0	2	0	0	5	0	0	0	1	0	0	0	0	0	0	2	0	0	0	0	0	0	2	2	0	0	0	0	0	10	0	0	0	0	0	1	0	0	0	5	0	0	0	0	0	0	5	4	3	0	0	0	0	0	7	0	0	0	2	0	0	0	0	0	0	0	0	1	1	0	0	0	0	0	0
0	0	0	0	0	0	5	0	6	0	0	3	0	0	0	0	0	0	0	1	0	2	0	0	0	0	0	0	0	0	0	0	0	0	2	0	0	0	0	0	1	0	7	0	0	0	1	0	0	2	0	0	1	2	0	0	0	0	1	0	0	0	0	0	0	0	0	0	1	0	0	3	0	0	0	0	3	0	0	0	1	2	0	2	2	0	0	0	0	1	0	0	1	0	1	0	1	0	0	0	0	0	2	0	0	1	6	0	0	0	0	0	1	0	4	0	0	0	0	0	0	0	0	0	2	0	0	0	0	0	0	0	0	2	0	0	1	0	0	1	0	0	0	0	4	0	0	0	0	0	0	1	0	0	0	0	0	18	0	0	0	0	25	0	0	0	17	0	0	0	0	0	0	0	0	0	1	0	0	0	5	0	0	0	0	0	0	0	0	0	0	0	0	1	0	0	0	0	0	0	0	0	11	6	0	0	0	977	2	0	0	0	0	0	0	0	0	0	0	0	2	0	0	5	0	0	0	0	0	0	0	0	0	0	0	0	0	0	0	0	0	1	0	0	0	0	0	0	0	0	0	0	0	0	1	0	0	0	1	0	0	0	0	0	0	3	1	0	0	0	0	1	0	2	0	0	0	0	0	0	1	0	0	0	0	0	0	0	0	0	1	0	0	0
1	0	0	0	0	0	11	0	11	6	0	19	0	1	0	0	0	0	0	0	0	0	0	0	1	1	0	0	0	0	0	0	0	0	0	0	0	0	0	0	0	0	22	0	0	0	0	0	0	0	0	0	0	0	1	0	0	0	1	0	0	0	0	1	0	0	0	0	2	2	0	10	0	1	0	4	0	0	0	0	0	1	0	0	0	0	0	0	0	0	0	0	3	0	2	0	2	0	0	0	0	0	0	0	1	0	7	1	0	0	0	0	1	1	0	0	0	0	0	0	0	0	1	0	7	0	0	0	0	0	1	0	0	0	0	0	0	0	2	2	0	0	2	1	52	0	0	0	0	1	3	4	1	1	0	0	0	44	0	0	0	0	46	2	0	0	23	0	0	1	0	1	0	0	0	0	0	0	0	0	0	0	0	0	0	0	1	0	2	0	0	0	0	0	0	1	0	0	1	0	0	0	3	0	1	0	0	688	0	0	0	0	0	0	0	0	0	2	0	0	2	0	0	0	0	0	0	0	0	0	0	1	0	0	2	0	1	1	0	0	0	1	0	0	0	0	7	0	11	0	0	0	0	0	0	2	0	0	3	0	0	2	3	0	0	4	0	0	0	1	0	2	0	6	2	0	1	0	0	0	0	0	0	0	1	1	0	0	0	6	0	1	7	0
0	0	0	0	0	0	0	0	10	0	0	6	0	0	0	0	0	0	0	0	0	0	0	0	1	0	0	0	0	0	0	0	0	0	0	0	0	0	0	0	0	0	10	0	0	0	0	0	0	0	1	0	0	0	1	0	0	0	4	0	0	0	0	1	0	0	0	0	0	0	1	12	0	0	1	3	1	0	0	0	0	2	0	1	1	0	0	0	0	0	0	0	2	0	0	0	3	0	0	0	0	0	0	1	1	0	0	0	0	0	0	0	2	0	0	0	0	0	0	0	1	0	0	2	2	0	0	0	0	0	0	2	0	0	0	0	0	0	0	1	0	0	0	1	36	0	0	0	0	0	0	0	0	0	0	0	0	67	0	0	0	0	3	0	0	0	16	0	0	0	0	3	0	0	0	0	0	0	0	0	5	0	0	2	0	0	0	1	4	0	0	0	1	0	0	0	0	1	0	0	0	0	0	0	0	0	0	571	0	0	0	0	0	1	0	0	0	0	0	0	5	0	0	0	0	0	0	0	0	0	0	1	0	1	0	0	1	0	0	0	0	0	3	0	0	0	4	0	9	0	0	0	0	0	0	1	0	0	5	1	0	2	0	1	0	3	0	1	0	0	0	1	0	1	2	0	0	0	0	0	0	0	0	0	0	0	0	0	0	2	0	0	1	0
0	0	0	0	0	0	4	0	6	4	0	17	0	2	0	0	0	0	0	0	1	0	0	2	0	0	0	0	2	0	0	0	0	0	3	0	0	0	0	0	0	0	25	0	0	0	0	0	0	0	0	0	0	0	2	1	0	0	2	0	0	0	0	1	0	0	0	0	1	0	0	18	0	0	0	9	0	0	0	0	0	2	2	0	3	0	0	0	0	1	0	0	5	3	1	0	1	0	0	0	0	0	0	0	0	0	3	1	0	0	0	0	0	2	2	0	0	0	0	0	0	0	0	0	7	0	0	0	0	0	1	0	0	0	0	0	0	0	0	8	2	0	3	1	146	0	0	1	0	1	1	0	0	1	0	0	0	101	0	0	0	0	54	1	0	0	24	0	1	1	0	3	0	0	0	0	1	0	0	0	2	0	0	0	0	0	1	0	0	0	0	0	0	0	0	2	0	0	1	0	0	0	3	4	0	0	0	672	0	0	0	0	1	0	0	1	0	1	2	0	3	4	0	0	0	0	0	0	0	0	0	3	0	4	2	0	0	0	0	0	0	1	0	0	0	0	3	1	17	0	0	0	0	0	0	4	0	0	0	0	0	2	1	0	0	2	0	3	0	1	0	1	0	10	1	0	1	0	0	0	0	0	0	0	0	1	0	0	0	14	0	1	12	0
0	0	0	0	0	0	6	0	16	1	0	9	0	1	0	0	0	0	0	0	0	0	0	0	0	0	0	0	2	0	0	0	0	0	0	0	0	0	0	0	0	0	24	0	0	0	0	0	0	0	0	0	0	0	1	1	0	0	2	0	0	0	0	1	0	0	0	0	2	0	0	11	0	0	1	3	0	0	0	0	0	2	1	0	1	0	0	0	0	1	0	0	5	1	0	0	3	0	0	1	0	0	0	0	3	0	4	0	0	0	0	0	0	1	0	0	0	0	0	0	0	0	2	0	9	0	0	0	0	0	0	0	0	1	0	0	0	0	0	2	1	0	4	1	121	0	0	0	0	0	3	1	0	1	0	0	0	87	0	0	0	0	17	2	0	0	32	0	1	0	0	2	0	0	0	0	0	0	0	0	2	0	0	0	0	0	1	0	1	0	0	0	0	0	0	0	0	1	0	0	0	2	0	1	0	0	0	648	0	0	0	0	1	0	0	0	0	1	0	0	1	2	0	0	0	0	0	1	0	0	0	0	0	1	1	0	0	0	0	0	0	0	3	0	0	0	7	0	18	0	0	0	0	0	1	0	0	0	10	0	0	2	0	1	0	1	0	0	0	1	0	5	0	8	2	0	0	0	0	0	0	1	0	0	0	0	0	0	0	9	0	1	3	0
0	0	0	0	0	1	6	0	10	3	0	13	0	0	0	0	0	0	0	0	0	0	0	0	0	0	0	0	0	0	0	1	0	0	0	0	0	0	0	0	1	0	22	0	0	0	0	0	0	1	1	0	0	1	1	0	0	0	2	0	0	0	0	0	0	0	0	0	0	1	0	15	0	0	1	3	3	0	0	0	0	0	0	1	1	0	1	0	0	0	0	0	0	0	0	0	2	0	0	0	0	0	0	0	0	0	2	0	0	0	0	0	1	0	0	0	0	0	0	0	0	0	1	2	3	0	0	0	1	0	0	1	0	0	0	0	0	0	0	0	0	0	0	1	5	0	0	0	0	0	2	1	1	0	0	0	0	18	0	0	0	0	26	1	0	0	14	0	0	0	0	0	0	0	0	0	0	0	0	0	5	0	0	0	0	0	2	1	1	0	0	0	0	2	0	0	0	0	0	0	0	0	1	0	1	0	0	659	0	0	0	0	0	0	0	0	0	1	0	0	3	0	0	0	0	0	0	0	0	0	0	0	0	0	1	0	0	0	0	0	0	1	0	0	0	0	6	0	2	0	0	0	0	0	1	2	0	0	3	1	0	0	1	0	0	2	0	0	0	0	0	0	0	0	3	0	0	0	0	0	0	0	0	0	0	0	1	0	0	0	0	0	6	0
0	0	0	0	0	3	0	0	8	0	0	11	0	1	1	0	0	0	0	0	0	0	0	0	1	0	0	0	1	0	0	0	0	0	0	0	0	3	0	1	2	0	8	0	0	0	0	0	0	0	0	0	0	0	0	2	0	0	5	0	0	0	0	0	0	0	0	0	0	0	1	16	0	0	0	3	4	0	0	0	0	3	0	1	1	0	1	0	0	0	0	0	5	0	0	0	0	0	0	0	0	0	0	0	0	0	0	0	0	0	0	0	1	1	2	0	0	0	0	0	0	0	0	4	1	0	0	0	0	0	1	0	0	0	0	0	0	0	1	2	1	0	2	0	65	0	0	0	0	0	1	1	1	0	0	0	0	174	0	0	0	0	27	0	0	0	24	0	1	0	0	1	0	0	0	0	4	1	0	0	3	0	0	0	0	0	0	2	2	0	0	0	0	0	0	2	0	0	0	0	0	0	0	2	0	2	0	508	0	0	0	0	0	0	0	0	0	0	0	0	3	2	0	0	13	0	0	0	0	0	0	0	0	1	2	0	0	0	0	0	0	0	1	0	0	0	0	0	11	0	0	0	0	1	0	0	0	0	1	1	0	1	0	0	0	0	0	0	0	0	0	0	0	6	0	0	0	0	0	0	0	1	0	0	0	1	2	0	0	5	0	1	0	0
0	0	0	0	0	2	2	0	17	0	0	4	0	1	0	0	1	0	0	0	0	0	0	0	0	0	0	0	0	0	0	0	0	0	0	1	0	0	0	0	0	0	34	0	0	0	0	0	0	0	1	0	0	1	0	1	0	0	9	0	0	0	0	0	0	0	0	0	2	1	0	32	0	0	0	0	7	0	0	0	0	2	1	0	0	0	0	0	0	0	0	0	4	1	2	0	0	0	0	0	0	0	0	0	3	0	10	2	0	0	0	0	0	2	1	0	0	0	0	0	0	0	4	6	9	0	0	0	0	0	1	0	0	0	0	0	0	0	0	4	0	0	1	0	129	0	0	0	0	0	1	3	0	0	0	0	0	61	0	0	0	0	19	0	0	0	25	0	1	0	0	4	2	0	0	0	0	0	0	0	12	0	0	0	0	0	0	2	1	0	0	0	0	1	0	1	0	1	0	0	0	1	2	0	0	1	0	811	0	0	0	0	0	0	0	1	0	1	0	0	3	0	0	0	0	0	0	2	0	0	0	0	0	1	5	1	1	0	0	0	0	0	3	0	0	0	0	1	19	0	0	0	0	0	2	0	0	0	12	0	0	2	2	1	1	0	0	4	1	0	0	2	0	5	0	0	0	1	0	0	0	2	0	0	0	1	0	0	0	11	0	3	0	0
0	0	0	0	0	0	3	0	18	1	0	10	0	0	0	0	0	0	0	0	0	0	0	0	0	0	0	1	0	0	0	1	0	0	0	0	0	0	0	0	1	0	25	0	0	0	0	0	0	0	0	0	0	0	0	0	0	0	5	0	0	0	0	0	0	0	0	0	1	1	0	16	0	0	0	2	1	0	0	0	0	1	0	0	0	0	2	0	0	0	0	0	1	0	1	0	1	0	0	0	0	0	0	0	1	0	6	1	0	0	0	0	0	0	1	0	0	0	0	0	0	0	2	1	7	0	0	0	1	0	2	0	0	0	0	0	0	0	0	1	0	0	1	0	54	0	0	0	0	0	1	1	1	0	0	0	0	53	0	0	0	0	26	1	0	0	23	0	0	0	0	1	1	0	0	0	0	0	0	0	4	0	0	0	0	0	1	0	0	0	0	0	0	2	0	0	0	0	1	0	0	0	4	0	1	0	0	749	0	0	0	0	0	0	0	0	0	2	0	0	2	0	0	0	0	0	0	0	0	0	0	0	0	1	1	0	0	0	0	0	0	1	1	1	0	0	2	0	10	0	0	0	0	0	0	4	0	0	4	0	0	0	1	0	0	1	0	3	0	0	0	0	0	2	0	0	0	0	0	0	0	1	0	0	0	0	1	0	0	5	0	1	1	0
0	0	0	0	0	0	4	0	18	0	0	5	0	0	0	0	1	0	0	0	0	0	0	0	0	0	0	0	0	0	0	0	0	0	0	0	0	0	0	0	1	0	30	0	0	0	0	0	0	0	0	0	0	0	1	0	0	0	5	0	0	0	0	0	0	1	0	0	3	2	0	13	0	0	0	0	0	0	0	0	0	1	0	0	0	0	1	0	0	0	0	0	3	1	1	0	0	0	0	0	0	0	0	0	0	0	11	1	0	0	0	0	0	0	0	0	0	0	0	0	0	0	4	0	16	0	0	0	1	0	2	0	0	1	0	0	1	0	0	2	0	0	1	0	117	0	0	0	0	0	2	0	0	0	0	0	0	34	0	0	0	0	11	0	0	0	14	0	0	0	0	4	1	0	0	0	0	0	0	0	3	0	0	0	0	0	0	0	0	0	0	0	0	1	0	0	0	0	0	0	0	1	6	0	2	0	0	727	0	0	0	0	0	0	0	1	0	3	0	0	0	0	0	0	0	0	0	0	0	0	0	0	0	1	2	2	1	0	0	0	0	1	0	0	0	0	1	1	10	0	0	0	0	0	0	4	0	0	12	0	0	3	3	0	2	0	0	4	1	1	0	4	0	1	0	0	0	0	0	0	0	0	0	0	0	0	0	0	0	10	0	2	0	0
0	0	0	0	0	0	2	0	1	0	0	10	0	0	0	0	0	0	0	0	0	0	0	0	1	0	0	1	0	0	0	0	0	0	0	0	0	0	0	0	0	0	36	0	0	0	0	0	2	2	1	0	0	1	2	0	0	0	5	0	0	0	0	1	0	0	0	0	2	0	1	32	0	0	0	2	10	0	0	0	0	2	0	1	2	0	0	0	0	0	0	0	1	1	2	0	0	0	0	0	0	0	0	0	0	0	6	2	0	0	0	0	2	0	3	0	0	0	0	0	0	0	1	1	6	0	0	0	0	0	0	0	0	0	0	1	1	0	0	7	1	0	1	1	99	0	0	0	0	0	1	1	0	0	0	0	0	24	0	0	1	0	39	1	0	0	6	0	0	0	0	2	0	0	1	0	0	0	0	0	11	0	1	3	0	0	1	3	0	0	0	0	0	1	0	1	0	0	0	0	0	0	4	2	0	0	0	682	1	0	0	0	1	1	0	2	0	1	0	2	6	0	0	0	0	0	1	0	0	0	0	2	0	1	6	1	3	1	0	0	0	0	0	0	0	0	1	3	7	0	0	0	0	2	0	5	0	0	1	4	0	3	3	0	3	4	1	6	2	0	0	3	0	1	1	0	0	2	0	0	0	1	0	0	0	0	0	0	0	11	0	1	1	0
0	0	0	0	0	1	8	0	11	2	0	12	0	2	0	0	0	0	0	0	0	0	0	0	0	2	0	0	0	0	0	0	0	0	0	0	0	0	0	0	0	0	36	0	0	0	0	0	0	0	1	0	0	1	0	0	0	0	5	0	0	0	0	0	0	0	0	0	2	1	0	32	0	0	0	1	18	0	0	0	0	2	1	1	2	0	1	0	2	1	0	0	3	0	2	0	0	0	0	0	0	0	0	0	0	0	9	2	0	0	0	0	0	3	2	0	0	0	0	0	0	0	6	5	7	0	0	0	0	0	1	0	0	0	0	0	0	0	0	1	0	0	3	0	60	0	0	0	0	2	2	2	0	0	0	0	0	75	0	0	0	0	82	0	0	0	34	0	0	2	0	0	1	0	0	0	0	1	0	0	9	0	0	0	2	0	1	2	0	0	0	0	0	2	0	1	0	0	2	0	0	0	2	0	0	1	0	760	2	0	0	0	0	0	0	0	0	2	0	2	5	0	0	0	0	0	0	1	0	0	0	1	0	1	6	0	0	0	0	0	0	2	0	0	0	0	1	0	12	0	0	0	0	0	1	1	0	0	4	0	0	0	4	0	0	0	2	0	0	1	0	0	0	9	0	0	1	0	0	0	0	2	0	1	1	0	0	0	0	6	0	1	1	0
0	0	0	0	0	0	13	0	7	0	0	14	0	2	0	0	0	0	0	0	0	0	0	0	0	3	0	0	0	0	0	0	0	0	0	0	0	0	0	0	0	0	32	0	0	0	0	0	1	0	1	0	0	0	0	0	0	0	3	0	0	0	0	1	1	0	0	0	2	3	1	25	0	0	1	0	0	0	0	0	0	0	0	0	0	0	0	0	5	0	0	0	3	0	5	0	0	0	0	0	0	0	0	0	0	0	14	2	0	0	0	0	1	1	0	0	0	0	0	0	0	0	7	0	6	0	0	0	0	1	1	1	0	0	0	0	0	0	2	1	0	0	2	1	32	0	0	0	0	3	5	9	0	0	0	0	0	26	0	0	0	0	80	0	0	0	18	0	0	6	0	0	0	0	1	0	0	0	0	0	4	0	0	2	2	0	1	0	2	0	0	0	0	0	0	2	0	0	3	0	0	0	5	0	0	0	0	740	0	0	0	0	0	0	0	0	0	2	0	0	4	0	0	0	0	0	0	0	0	0	0	0	0	0	6	0	1	1	0	1	0	3	0	0	0	0	1	0	7	0	0	0	0	0	0	2	0	0	2	1	0	1	11	0	0	1	0	0	0	1	0	1	0	5	1	0	5	0	0	0	0	0	0	0	4	0	0	0	0	5	0	2	0	0
0	0	0	0	0	1	5	0	3	0	0	6	0	1	0	0	0	0	0	0	2	0	0	0	0	0	0	0	1	0	0	0	0	0	1	0	0	0	0	0	0	0	34	0	0	0	0	0	0	0	2	0	0	0	0	2	0	0	2	0	0	0	0	2	0	0	0	0	1	2	0	15	0	0	0	4	7	0	0	0	0	8	1	1	2	0	1	0	0	1	0	1	5	0	0	0	0	0	0	1	0	0	0	0	0	0	3	0	0	0	0	0	0	0	0	0	0	0	0	0	0	0	5	1	14	0	0	0	0	0	0	0	0	2	0	0	2	0	0	1	0	0	4	1	124	0	0	1	0	0	6	0	0	0	0	0	0	65	0	0	0	0	23	1	0	0	12	0	0	0	0	0	2	0	0	0	1	0	0	0	8	0	0	0	0	0	0	2	0	0	0	0	0	3	0	0	0	0	0	0	0	4	0	1	2	1	0	454	0	0	0	0	2	0	0	0	0	1	2	1	2	3	0	0	1	0	0	0	0	0	0	1	0	0	3	0	0	0	0	0	0	0	0	0	0	0	2	0	7	0	0	0	0	0	5	0	0	0	8	0	0	3	0	0	0	0	0	0	0	5	0	5	0	3	2	0	0	1	0	0	0	1	0	0	0	0	0	0	0	6	0	0	0	0
0	0	0	0	0	3	7	0	13	6	0	8	0	0	0	0	0	0	0	0	0	0	0	1	0	0	0	0	0	0	0	0	0	0	0	0	0	0	0	0	0	0	46	0	0	0	0	0	0	2	1	0	0	4	2	0	0	0	6	0	0	0	0	0	0	0	0	0	0	0	0	35	0	0	0	1	39	0	0	0	0	1	0	2	2	0	1	0	0	0	0	0	0	0	0	0	2	0	0	1	0	0	0	0	0	0	4	2	0	1	0	0	0	0	0	0	0	0	0	0	0	0	4	10	5	0	0	0	0	0	0	0	0	0	0	0	1	0	0	0	0	0	0	1	18	0	0	0	0	0	0	0	0	2	0	0	0	14	0	0	0	0	30	3	0	0	22	0	0	0	0	0	1	0	0	0	0	2	4	0	19	0	0	0	0	0	2	5	0	0	0	0	0	3	0	0	0	0	1	0	0	0	0	0	0	2	0	886	0	0	0	0	0	0	0	0	0	0	0	0	6	0	0	0	0	0	0	1	0	0	0	0	0	1	3	0	0	0	1	0	0	0	0	0	0	0	7	0	7	0	0	0	0	1	1	1	0	0	6	0	0	0	0	0	3	3	1	1	0	0	0	0	0	1	3	0	0	1	0	0	0	1	0	0	0	0	0	0	0	1	0	1	12	0
