0	0	3	5	0	0	5	0	4	0	1	8	0	0	0	0	0	0	0	0	0	0	0	0	0	0	0	0	1	0	0	0	0	0	0	0	0	2	0	0	0	0	38	0	0	0	0	0	0	0	0	0	1	0	0	0	0	0	1	0	0	0	0	0	0	9	0	0	1	0	1	2	0	1	0	0	1	0	0	0	0	4	0	0	0	0	0	0	0	2	0	0	1	0	0	0	0	0	0	0	0	0	3	0	0	0	0	0	0	1	1	0	0	1	1	0	0	0	0	2	0	0	2	1	3	0	0	1	0	0	0	1	6	0	0	0	0	0	0	2	0	0	0	0	3	0	0	2	0	0	3	0	0	0	0	2	1	2	0	0	0	0	1	0	0	0	3	0	0	0	0	0	1	0	0	0	1	0	0	0	1	0	0	0	0	0	0	0	0	0	0	0	0	1	0	1	0	0	0	0	0	1	1	0	0	0	0	691	0	0	0	0	0	0	0	0	0	2	0	0	12	0	0	0	0	0	0	3	0	0	0	0	0	0	2	0	1	0	0	0	0	0	0	0	0	0	0	0	2	0	0	0	0	0	0	3	0	0	0	0	0	0	1	0	0	0	2	0	1	1	0	2	0	1	0	0	0	0	0	0	0	0	0	0	0	0	0	0	0	0	0	0	0	0
0	0	0	2	0	0	12	1	7	0	0	1	0	1	0	0	0	0	0	3	0	0	0	1	0	0	0	0	1	0	0	0	0	0	0	0	0	1	0	0	1	0	45	0	0	0	0	0	0	0	0	0	1	0	0	0	0	0	1	0	0	0	0	2	0	3	0	0	0	0	0	2	0	0	0	0	0	0	0	0	0	2	0	0	0	0	0	0	0	0	0	0	2	0	0	0	0	0	0	0	0	0	0	0	0	1	0	0	1	0	3	0	0	0	2	0	0	0	0	0	0	0	0	0	1	0	0	0	0	0	0	0	1	0	0	0	0	0	0	4	0	0	0	0	1	0	0	0	0	0	0	0	0	0	0	0	1	0	0	0	0	0	0	0	0	0	6	1	0	0	0	0	0	0	0	0	1	0	2	0	3	0	0	0	0	0	0	0	0	0	0	0	0	1	0	0	0	0	0	0	0	0	0	0	2	0	0	756	2	0	3	0	0	0	0	0	0	0	0	0	7	0	0	0	0	0	0	0	0	0	6	0	2	0	1	0	0	0	0	1	0	0	0	0	0	0	0	0	24	0	1	0	0	0	0	0	0	0	0	0	0	0	0	0	2	3	4	3	0	0	0	0	2	0	0	0	0	0	0	0	0	1	0	0	0	1	0	0	0	0	0	0	0	0
0	0	0	12	0	0	7	0	6	0	0	1	0	0	0	0	0	0	0	0	0	2	0	1	0	0	0	0	0	0	0	0	0	0	1	0	0	0	0	0	4	0	57	0	0	0	0	0	0	0	1	0	10	1	0	1	0	0	1	0	0	0	0	1	0	1	0	0	7	0	0	4	0	5	0	0	0	0	0	0	0	5	0	0	0	0	0	0	0	0	0	0	0	0	2	0	0	0	0	0	0	0	0	0	0	0	0	0	1	0	9	0	0	0	1	0	0	0	0	1	0	0	0	1	2	0	0	0	0	0	1	0	7	0	0	0	0	0	0	1	0	0	0	1	11	0	0	0	0	0	0	0	0	0	0	0	1	11	0	0	0	0	3	0	0	0	9	0	0	0	1	6	1	0	0	0	1	0	1	0	6	0	0	0	6	0	0	0	0	0	0	0	0	1	0	4	0	0	0	0	0	1	3	3	0	0	0	1254	0	0	0	0	0	0	0	0	0	0	0	0	10	0	0	0	0	0	0	0	0	0	9	2	0	0	15	0	0	0	0	0	0	0	0	0	0	0	2	0	7	0	0	0	0	0	0	0	1	0	1	0	0	1	0	0	0	5	3	0	0	0	0	4	2	21	1	0	0	0	0	0	0	0	0	0	0	0	3	0	0	0	0	0	0	0
0	0	0	9	0	0	5	0	3	0	0	2	0	3	0	0	1	0	0	0	0	0	0	0	0	0	0	0	0	0	0	2	0	1	0	0	0	0	0	0	0	0	25	0	0	0	0	0	0	1	0	0	5	0	0	1	0	0	0	0	0	0	0	1	0	0	0	0	0	0	0	1	0	2	0	0	0	0	0	0	0	0	0	0	0	0	0	0	0	1	0	0	2	0	5	0	0	0	0	0	0	0	0	0	0	1	0	0	0	0	1	0	0	0	2	0	0	0	0	2	0	0	0	0	1	0	0	0	0	0	0	0	3	0	0	0	1	0	0	2	0	0	0	2	3	0	0	0	0	0	0	0	0	0	0	2	0	4	0	0	0	0	0	0	0	0	6	0	0	0	0	0	0	1	0	0	0	0	1	0	1	0	0	0	2	0	1	0	0	0	0	0	0	1	0	1	0	0	0	0	0	0	3	6	0	0	0	612	0	0	0	0	0	0	3	0	0	0	0	0	9	0	0	0	0	0	0	0	0	0	7	0	0	0	3	0	0	0	0	1	0	0	0	0	0	0	3	0	225	0	0	0	0	0	0	0	0	0	0	0	0	8	0	0	0	2	1	8	0	0	0	8	2	3	0	0	0	0	0	0	0	0	0	0	0	0	0	0	0	0	0	0	0	1
0	0	0	1	0	0	23	0	3	0	0	5	0	0	0	0	0	0	0	0	0	0	0	0	0	0	0	0	0	0	0	0	0	0	0	0	0	1	0	0	0	0	30	0	0	0	0	0	0	0	0	0	2	1	0	0	0	0	0	0	0	0	0	2	0	3	0	0	1	0	0	3	0	0	0	0	0	0	0	0	0	0	0	0	0	0	0	0	0	0	0	0	0	0	0	0	0	0	0	0	0	0	1	0	0	2	0	0	0	0	3	0	0	0	5	0	0	0	0	0	0	0	0	0	0	0	0	0	0	0	0	0	1	0	0	0	0	0	0	1	0	0	0	0	3	0	0	0	0	0	0	0	0	0	0	0	0	6	0	0	0	0	0	0	0	0	12	0	0	0	0	1	1	0	0	0	0	0	1	0	12	1	0	0	1	0	0	0	0	0	0	0	0	2	0	0	0	0	0	0	0	0	0	0	0	0	0	833	0	0	0	0	0	2	0	0	0	0	0	0	16	0	0	0	0	0	0	0	0	0	14	0	0	0	1	0	0	0	0	3	0	0	0	0	0	0	0	0	4	0	0	0	0	0	0	0	1	0	0	0	0	0	0	0	0	2	0	0	0	0	0	1	0	1	0	0	0	0	0	0	0	1	0	0	0	1	0	0	0	0	0	0	0	0
0	0	0	0	0	1	9	0	8	0	0	3	0	1	0	0	0	0	0	0	0	3	0	0	0	0	0	0	0	0	0	0	0	0	1	0	0	0	0	0	0	0	47	0	0	0	0	0	0	0	0	0	3	0	0	0	0	0	3	0	0	0	0	4	0	0	0	0	7	0	0	1	0	0	0	0	1	0	0	0	0	3	0	0	0	0	0	0	0	1	0	0	4	0	0	0	0	0	0	0	0	0	0	0	0	0	0	0	0	0	8	0	0	0	0	0	0	0	0	0	0	0	2	1	2	0	0	0	0	0	0	0	2	0	0	0	0	1	0	1	0	0	0	0	7	0	0	0	0	0	1	0	0	0	0	0	0	5	0	0	0	0	16	0	0	0	3	0	0	0	1	4	1	0	0	0	0	0	1	0	1	0	0	0	3	0	0	0	0	0	0	0	0	0	0	0	0	0	0	0	0	0	0	0	0	0	0	885	0	0	1	0	0	0	2	0	0	0	0	0	13	0	0	0	0	0	0	3	0	0	8	1	0	0	3	0	0	0	0	0	0	0	0	0	0	0	0	0	51	0	0	0	0	0	0	1	0	0	3	0	0	0	0	0	0	5	1	1	0	0	0	0	0	7	1	0	0	0	0	0	0	0	0	0	0	0	2	0	0	0	0	0	0	0
0	0	1	3	0	0	14	0	10	0	0	4	0	0	0	0	1	0	0	0	0	1	0	0	0	0	0	0	0	0	0	0	0	0	0	0	0	0	0	0	3	0	99	0	0	0	0	0	0	0	0	0	5	0	0	0	0	0	0	0	0	0	0	2	0	3	0	0	3	0	0	5	0	5	0	0	0	0	0	0	0	2	0	0	2	0	0	0	0	0	0	0	0	0	1	0	0	0	0	0	0	0	0	0	0	1	0	0	1	0	6	0	0	1	4	0	0	0	0	0	0	0	0	0	1	0	0	0	0	0	0	0	0	0	1	0	0	0	0	1	0	0	1	0	5	0	0	0	0	0	0	0	0	0	1	0	0	9	0	0	0	0	8	0	0	0	2	0	0	0	0	0	0	1	0	0	0	0	0	0	22	0	0	1	1	0	0	0	0	0	0	0	0	1	0	1	0	0	0	0	0	0	0	1	0	0	0	884	0	0	0	1	0	0	0	0	0	0	0	0	19	0	0	0	0	0	0	0	0	2	8	3	0	0	2	0	1	0	0	0	0	0	0	0	0	0	0	0	11	0	0	0	0	0	0	0	0	0	1	0	0	0	0	0	0	1	0	0	0	0	0	3	0	2	0	0	0	0	0	0	0	0	0	0	0	0	0	0	0	0	0	0	0	0
0	0	1	0	0	0	6	0	6	0	0	0	0	0	0	0	0	1	0	0	0	0	0	0	0	0	0	0	0	0	0	0	0	0	0	0	0	0	0	0	2	0	62	0	0	0	0	0	0	7	0	0	14	0	0	0	0	0	0	0	0	0	0	5	0	0	0	0	21	0	0	5	0	2	0	0	0	0	0	0	0	0	1	0	0	0	0	0	0	0	0	0	0	0	0	0	0	0	0	0	0	0	1	0	0	0	0	0	0	0	5	1	0	0	0	0	0	0	0	3	0	0	0	0	0	0	0	0	0	0	0	0	5	0	3	0	0	0	0	7	0	0	0	0	7	0	0	0	0	0	1	0	0	0	1	0	0	1	0	0	0	0	2	0	0	0	4	0	0	0	0	2	0	5	0	0	0	0	0	0	2	0	0	0	0	0	0	0	0	0	0	0	0	0	0	0	0	0	0	0	0	0	0	0	0	0	0	794	2	0	2	0	0	0	0	0	0	0	0	0	4	0	0	0	0	0	0	0	0	0	0	3	0	0	6	0	2	0	0	0	0	0	0	0	0	0	0	0	23	0	0	0	0	0	0	0	0	0	0	0	0	6	0	0	0	3	0	4	0	0	0	2	0	14	0	0	0	0	0	0	0	0	0	0	0	0	0	0	0	0	0	0	0	0
0	0	0	1	0	1	10	0	15	0	0	0	0	0	0	0	1	1	0	0	0	2	0	0	0	0	0	1	0	0	0	0	0	0	0	0	0	0	0	0	1	0	63	0	0	0	0	0	0	4	0	0	11	0	0	0	0	0	0	0	0	0	0	3	0	0	0	0	21	0	0	1	0	0	0	0	0	0	0	0	0	1	0	0	0	0	0	0	0	0	0	0	0	0	0	0	0	0	0	0	0	0	0	0	0	0	0	0	1	0	3	0	0	0	3	0	0	0	0	0	0	0	0	1	1	0	0	0	0	0	0	0	3	0	8	0	0	0	0	13	0	0	0	0	9	0	0	0	0	0	1	0	0	0	0	0	0	13	0	0	0	0	15	0	0	0	1	0	0	0	0	5	0	1	0	0	0	0	0	0	4	2	0	0	0	0	0	0	0	0	0	0	0	0	0	1	0	0	0	0	0	0	0	0	0	0	0	1492	0	0	1	0	0	0	0	0	0	0	0	0	15	0	0	0	0	0	0	0	0	0	5	2	0	0	5	0	0	0	0	0	0	0	0	0	0	0	0	0	35	0	0	0	0	0	0	0	0	0	2	0	0	3	0	0	0	4	0	9	0	0	0	3	0	17	0	0	0	0	0	0	0	0	0	0	0	0	1	0	0	0	0	0	0	0
0	0	0	6	1	3	4	0	8	0	0	3	0	0	0	0	0	0	0	0	0	3	0	0	0	0	0	0	0	0	0	1	0	0	0	0	0	0	0	0	0	0	39	0	0	0	0	0	0	0	0	0	6	0	0	0	0	0	0	0	0	0	0	0	0	1	0	0	2	0	0	0	0	0	0	0	0	0	0	0	0	2	0	0	1	0	0	0	0	0	0	0	0	0	0	0	0	0	0	0	1	1	0	0	0	0	0	0	0	0	3	0	0	0	4	0	0	0	0	0	0	0	0	0	1	0	0	0	0	0	2	0	0	0	1	0	0	0	0	4	0	0	1	1	2	0	0	0	0	0	0	0	0	0	0	0	0	2	0	0	0	0	2	0	0	0	2	0	0	0	0	2	0	0	0	0	0	0	0	0	7	3	0	0	1	0	0	0	0	0	0	0	0	0	0	0	0	0	0	0	0	0	4	0	0	0	0	1355	0	0	0	0	0	0	0	0	0	0	0	0	15	0	0	0	0	0	0	0	0	0	16	0	0	0	0	0	0	0	0	0	0	0	0	0	0	0	0	0	11	0	0	0	0	0	0	0	0	0	3	0	0	0	0	0	0	0	0	5	0	0	0	3	0	5	0	0	0	0	0	0	0	0	0	0	0	0	0	0	0	0	0	0	0	0
0	0	0	0	0	0	8	0	10	0	0	3	0	0	0	0	0	0	0	0	0	0	0	0	0	0	0	0	0	0	0	2	0	0	1	0	0	0	0	0	0	0	51	0	0	0	0	0	0	1	0	0	7	0	0	0	0	0	0	0	0	0	0	2	0	0	0	0	5	0	0	1	0	0	0	0	0	0	0	0	0	2	0	0	0	0	0	0	0	0	0	0	0	0	0	0	0	0	0	0	0	0	0	0	0	0	0	0	0	0	2	0	0	0	3	0	0	0	0	0	0	0	0	0	2	0	0	0	0	0	0	0	1	0	2	0	0	0	0	2	0	0	0	0	4	0	0	0	0	0	2	0	0	0	0	0	0	16	0	0	0	0	10	0	0	0	6	0	0	0	0	2	0	1	0	0	0	0	0	0	1	0	0	0	0	0	0	0	0	0	0	0	1	0	0	0	0	0	0	0	0	0	0	0	0	0	0	884	0	0	0	0	0	0	1	0	0	0	0	0	17	0	0	0	0	0	0	0	0	1	6	0	0	0	2	0	0	0	0	0	0	0	0	0	0	0	0	0	11	0	0	0	0	0	0	0	0	0	5	0	0	1	0	0	0	3	0	4	0	0	0	1	0	4	0	0	0	0	0	0	0	0	0	0	0	0	0	0	0	0	0	0	0	0
3	1	8	0	0	0	32	0	7	0	1	0	0	1	9	2	0	0	8	0	0	2	0	0	0	0	1	0	0	1	3	0	1	0	0	0	2	0	1	1	0	2	62	4	2	0	0	0	0	2	0	23	5	0	1	0	0	0	1	0	0	1	0	4	0	0	2	0	1	0	0	0	1	0	1	0	0	0	2	0	0	0	1	0	0	0	0	2	0	2	0	0	3	0	0	2	0	8	0	0	0	0	0	1	0	0	0	0	7	6	5	1	0	0	0	0	0	2	0	0	4	0	0	0	0	17	2	0	0	33	0	0	0	0	3	73	0	0	0	20	0	0	1	0	10	1	1	0	1	0	0	2	0	0	0	7	0	3	6	0	0	3	1	0	19	0	11	4	0	4	0	2	0	1	3	0	0	0	29	0	0	0	0	0	0	0	0	0	0	1	7	0	0	0	11	2	10	1	0	7	2	0	3	1	19	1	0	35	0	0	2	14	0	56	1	0	0	0	0	0	9	0	1	32	0	0	0	0	0	0	0	0	0	5	0	2	0	4	0	0	1	3	0	7	0	0	0	0	63	0	9	5	0	1	0	0	0	2	2	0	0	0	0	0	0	12	0	19	3	0	0	0	0	16	0	0	0	0	0	1	1	0	0	1	0	0	0	0	1	0	0	0	0	2
2	0	1	0	0	0	76	0	0	0	1	0	1	0	11	0	0	0	11	0	0	0	0	0	0	0	1	0	0	1	1	0	0	0	0	0	0	0	0	0	0	0	35	2	3	0	0	0	0	0	0	5	1	0	1	0	0	0	5	5	0	0	2	1	0	1	0	0	0	0	0	1	1	0	4	0	0	1	9	0	1	1	2	0	0	0	0	1	1	2	0	0	0	0	0	0	0	5	0	0	1	0	2	2	0	7	0	0	0	8	6	0	0	0	2	0	0	0	0	0	1	1	0	0	0	5	10	0	2	32	1	0	0	0	1	7	0	0	0	0	0	1	1	0	6	0	1	0	2	0	0	1	0	0	1	1	0	0	6	0	0	0	1	0	14	0	67	0	1	3	0	1	0	0	5	0	0	0	3	0	16	0	0	0	0	0	0	0	0	0	5	1	1	1	8	0	9	1	0	10	2	0	1	1	17	0	1	14	0	0	0	12	0	63	0	0	0	0	0	0	2	0	1	43	0	2	1	0	1	0	0	0	0	5	0	5	0	7	0	2	0	5	0	1	1	5	3	0	23	0	26	3	1	0	0	0	0	2	0	0	0	0	0	0	0	7	0	4	1	0	0	0	0	4	0	0	0	0	0	2	0	0	0	0	0	0	0	0	1	0	0	0	0	3
3	0	2	0	0	0	78	0	6	0	0	4	1	0	3	1	0	0	1	0	0	0	1	0	0	0	0	0	0	0	0	0	0	0	0	0	1	2	0	0	0	1	44	0	0	0	0	0	0	0	0	19	3	0	0	0	1	0	5	1	0	2	1	4	0	2	2	0	0	0	3	0	4	0	0	0	0	0	7	0	0	1	1	0	0	0	0	1	1	1	0	1	2	0	0	2	0	7	0	0	1	0	0	3	0	0	0	0	18	2	8	2	0	0	0	0	0	4	0	0	6	0	0	0	0	10	1	0	0	5	0	0	0	0	4	33	0	0	0	10	0	0	0	0	2	2	1	0	1	0	0	0	0	0	0	1	0	0	4	0	0	0	0	1	44	0	71	0	0	3	0	7	0	1	2	0	0	0	14	3	3	0	0	0	0	0	0	0	0	0	1	2	0	2	10	1	4	1	0	2	2	0	4	0	22	0	1	75	0	0	0	8	0	44	0	1	0	0	1	0	0	0	1	44	0	0	0	0	0	0	0	0	1	5	0	7	0	0	0	0	0	2	0	3	7	3	6	0	61	0	6	2	2	0	0	0	0	3	0	0	0	0	0	0	0	14	0	13	2	0	0	0	0	15	0	0	0	0	0	2	0	0	0	0	0	0	0	1	4	0	0	0	0	4
1	1	2	0	0	0	151	0	5	0	1	2	0	0	4	2	0	0	0	0	0	2	0	0	0	0	1	0	0	0	0	0	0	0	0	0	0	0	0	0	0	2	72	0	0	0	0	0	0	1	0	20	3	0	0	0	2	0	27	0	0	0	2	3	0	1	0	0	2	0	0	1	0	0	0	0	0	0	3	0	1	0	2	0	0	0	0	0	1	1	0	0	1	0	0	1	0	11	0	0	0	0	4	2	0	1	0	0	4	3	12	0	0	0	2	0	0	1	0	0	1	0	0	0	0	9	1	0	1	11	0	0	0	0	2	95	0	0	0	13	0	0	2	0	14	0	0	0	0	0	0	6	0	0	1	4	0	0	0	0	0	1	1	0	32	0	139	1	1	1	0	4	0	0	2	0	0	1	22	2	2	0	0	0	0	0	0	0	0	0	2	0	0	0	5	0	4	4	0	0	1	0	1	3	10	0	0	50	0	1	0	1	0	25	1	1	0	0	0	0	9	0	0	56	0	0	0	0	0	0	0	0	0	4	1	6	0	1	0	0	0	8	0	3	5	0	8	1	64	0	2	3	0	0	0	0	0	3	0	0	0	1	0	0	0	21	0	13	5	0	1	0	0	15	0	0	0	0	0	0	1	0	0	1	0	0	0	1	4	0	0	0	0	2
2	0	3	0	0	0	36	0	4	0	1	7	0	0	7	0	0	0	10	0	0	1	0	0	0	0	0	0	0	1	1	0	0	0	0	0	1	1	0	0	0	0	58	3	1	0	0	0	0	0	0	15	3	0	3	0	0	0	17	0	0	0	0	4	0	0	1	0	1	0	1	0	1	0	0	0	1	0	7	1	0	0	0	0	0	0	0	1	0	2	0	0	3	0	0	0	0	10	0	0	0	0	1	0	0	1	0	0	4	8	9	0	0	0	1	0	0	0	0	0	7	0	0	0	0	9	3	0	2	26	0	0	0	0	1	30	0	0	0	10	0	0	0	0	16	1	1	0	0	0	0	4	0	0	1	5	0	2	3	0	0	2	2	1	20	0	110	3	0	1	0	7	0	0	4	0	0	0	24	0	1	0	0	0	0	0	0	0	0	0	5	0	0	1	7	1	13	0	1	10	4	0	3	2	16	0	0	86	0	0	1	8	0	69	0	0	0	0	0	0	8	0	1	18	0	0	0	0	0	0	0	0	0	1	0	0	0	6	0	0	0	0	0	2	0	0	5	0	63	0	12	0	0	0	0	0	0	0	2	0	0	0	0	0	0	16	0	19	1	0	0	0	0	16	1	0	0	0	0	2	1	0	0	0	0	0	0	0	0	0	0	0	0	14
1	0	1	0	0	0	196	0	0	0	6	1	0	0	2	0	0	0	7	0	0	0	0	0	0	0	4	0	0	1	0	0	1	0	0	0	0	0	0	0	0	0	56	3	0	0	0	0	0	0	0	32	1	0	5	0	0	0	4	0	0	0	0	1	0	0	0	0	0	0	1	1	2	0	5	0	0	0	5	1	1	0	0	0	0	0	0	2	1	0	1	0	0	0	0	0	0	2	0	0	0	0	0	8	0	0	0	0	6	9	3	0	0	0	0	1	0	1	0	1	1	0	0	0	0	1	3	0	0	28	0	0	1	0	0	8	0	0	0	2	0	0	1	0	7	0	0	0	0	0	0	2	0	0	8	0	0	0	1	1	0	0	1	0	31	1	86	0	0	10	0	3	0	0	0	0	0	0	3	7	0	0	0	0	0	0	0	0	0	0	1	0	0	0	0	0	1	2	0	4	5	0	0	1	20	0	0	29	0	1	0	3	0	27	0	0	0	0	0	0	12	0	0	89	0	0	1	0	0	0	0	0	0	7	0	5	0	7	0	0	0	15	0	0	6	0	5	2	8	0	6	4	2	0	0	0	0	2	1	0	0	0	0	0	0	32	0	12	1	0	4	0	0	2	0	0	0	0	0	0	2	0	0	0	0	0	0	0	2	0	0	0	0	4
3	0	0	0	0	0	134	1	0	0	0	1	3	1	1	0	0	0	4	0	3	0	2	0	0	0	4	0	0	1	0	0	2	0	0	0	0	0	1	4	0	0	38	0	0	0	0	0	0	0	0	38	4	0	0	3	4	0	16	2	0	0	0	0	0	2	0	5	0	0	0	2	0	0	1	0	1	0	4	1	0	0	1	0	0	0	0	0	5	3	0	1	4	0	0	0	0	6	0	1	2	1	0	4	0	0	0	0	0	9	4	0	0	0	2	0	0	2	0	0	1	2	0	1	0	3	1	0	3	35	0	0	0	1	1	5	0	0	0	5	0	2	0	0	10	0	0	0	0	0	0	5	0	0	1	5	0	9	0	0	1	3	4	0	35	0	139	1	0	7	0	3	0	2	3	0	0	0	29	11	3	0	0	0	0	0	0	0	0	2	3	0	0	0	1	0	3	3	0	7	0	0	4	0	11	0	2	52	0	0	4	4	0	43	0	1	0	0	0	0	5	0	0	59	0	0	0	0	0	0	0	0	0	7	0	10	0	6	0	0	1	7	0	1	12	0	9	1	37	0	15	3	0	0	0	0	0	1	4	0	0	0	0	0	0	22	1	7	1	3	3	0	0	5	0	0	0	0	0	1	0	0	0	1	0	0	0	0	8	0	0	0	0	6
0	5	0	0	0	0	84	0	18	0	1	0	0	0	3	0	0	0	6	0	0	0	0	0	0	3	0	0	0	1	0	0	2	0	0	1	0	0	0	0	10	0	95	0	0	1	0	0	0	0	2	7	1	1	0	0	0	0	5	0	0	0	0	7	0	0	0	0	1	0	0	0	0	0	0	0	0	1	0	0	0	0	4	2	0	0	0	0	0	1	0	2	1	1	0	0	0	0	0	0	0	0	0	1	0	0	0	0	6	4	33	0	0	0	5	5	0	0	0	0	4	0	0	1	1	3	0	0	0	9	0	0	1	0	1	20	0	0	0	17	0	1	0	0	24	0	0	0	0	0	0	2	0	0	0	0	0	39	1	1	1	0	9	0	26	0	61	1	1	0	0	1	1	6	0	0	0	0	5	1	1	0	2	0	1	0	0	0	0	0	0	0	0	1	1	1	2	0	0	1	0	0	1	0	7	0	0	84	0	0	0	0	0	12	1	2	0	0	1	0	12	0	2	56	0	0	0	0	0	0	0	0	2	7	0	1	0	2	1	0	0	3	0	0	0	0	2	0	50	1	1	0	0	1	0	0	1	0	3	0	0	0	0	0	0	14	0	39	7	0	0	1	0	48	0	0	0	0	0	0	1	1	0	0	0	0	0	0	0	1	0	0	0	0
2	3	6	0	0	0	33	0	13	0	1	12	0	0	6	0	1	0	2	0	0	0	0	0	1	0	0	1	0	0	0	0	1	1	0	2	0	0	2	0	14	1	58	0	0	1	0	0	0	0	0	0	7	0	1	0	0	0	16	0	0	0	0	11	0	3	0	0	3	0	0	0	3	0	0	0	1	7	0	0	0	2	2	1	0	0	0	0	0	6	5	2	8	0	0	0	1	8	0	0	0	3	0	0	0	0	0	0	7	2	24	0	0	1	4	9	0	0	0	0	3	0	0	1	0	4	0	0	0	11	2	0	0	0	2	5	0	0	0	12	0	0	0	0	24	0	0	0	0	0	0	7	0	0	0	0	0	21	0	6	1	0	4	0	7	0	21	0	0	3	1	5	1	5	0	0	2	1	18	1	3	0	4	0	0	0	0	0	0	2	0	1	0	3	0	1	2	0	0	2	0	0	0	1	9	0	0	168	0	5	0	0	1	13	0	0	0	0	0	0	8	0	1	15	0	0	1	0	0	0	0	0	0	0	0	0	0	1	1	1	0	2	0	0	0	0	1	0	86	2	1	0	0	0	1	2	0	0	4	0	2	0	0	0	0	5	0	48	0	1	0	0	0	31	1	0	0	0	0	0	1	0	0	0	0	0	0	0	0	1	0	0	0	1
1	1	1	0	0	0	78	2	14	0	0	2	0	0	1	0	0	0	1	0	0	0	1	0	0	0	0	0	0	0	1	0	1	0	0	2	0	0	1	0	20	0	39	0	1	3	0	0	0	0	0	1	2	0	2	0	0	3	5	0	0	0	0	14	0	0	1	0	2	0	0	0	1	0	0	0	0	8	0	0	0	3	7	1	0	0	0	0	0	2	8	2	2	0	0	0	0	3	0	0	0	3	0	0	0	0	0	0	24	2	39	1	2	0	5	10	0	0	0	0	0	0	0	0	0	2	1	0	0	14	0	0	0	0	7	33	0	0	0	23	0	0	0	0	18	0	0	0	0	0	0	1	0	0	0	0	0	16	0	7	0	0	13	0	10	0	42	1	0	3	0	6	0	3	4	0	0	1	23	2	1	0	2	0	0	0	0	0	0	1	0	0	0	0	0	4	0	0	0	1	0	0	5	4	8	0	1	64	0	5	0	0	0	9	1	0	0	0	1	0	4	0	0	26	0	0	0	0	1	0	0	0	0	1	0	0	0	0	0	0	0	1	0	0	0	0	1	0	108	1	5	1	2	0	0	0	0	0	2	0	0	4	0	0	0	13	0	68	2	0	0	0	0	50	0	0	0	0	1	0	2	0	0	0	0	0	0	0	0	1	0	0	0	1
0	1	2	0	0	0	94	0	9	0	1	1	0	0	0	0	0	0	0	0	0	0	0	0	0	3	0	0	0	1	0	0	2	0	0	1	0	0	0	0	5	1	71	0	0	2	0	0	1	0	0	7	3	0	0	0	0	0	6	0	0	0	0	0	0	0	1	0	1	0	0	0	0	0	0	0	0	3	0	0	0	1	2	0	0	1	0	0	0	2	0	0	4	1	0	0	0	4	0	0	0	2	0	1	0	0	0	0	6	1	44	0	0	0	1	8	0	0	0	0	0	0	0	0	1	0	0	0	0	5	1	0	0	0	0	3	0	0	0	15	0	0	0	0	10	0	0	0	0	0	0	2	0	0	0	0	1	2	0	0	0	0	5	0	26	0	48	2	6	1	0	3	0	1	0	0	0	0	18	0	2	0	2	0	0	0	0	0	0	0	0	3	0	0	0	0	0	0	0	0	0	0	1	1	0	0	0	70	0	0	0	0	2	3	0	5	0	0	0	0	4	0	0	41	0	0	0	0	0	0	0	0	3	8	0	0	0	0	0	0	0	5	0	0	0	0	1	0	85	4	0	0	0	0	0	1	1	2	0	0	1	0	0	0	0	14	0	53	6	0	0	1	0	36	0	0	0	0	0	0	0	1	0	0	0	0	0	0	0	0	1	1	0	1
5	0	3	0	0	0	14	1	8	0	0	10	0	0	5	0	0	0	1	0	0	0	1	0	0	0	0	0	0	0	0	0	0	0	0	0	0	5	1	10	3	0	53	0	1	0	1	0	0	0	0	0	4	0	0	0	0	0	11	0	0	0	0	9	0	1	1	1	1	0	0	0	2	1	0	0	3	0	6	0	0	4	2	1	0	0	0	0	0	5	0	0	3	0	0	1	0	7	0	0	0	2	0	0	0	0	0	0	3	7	0	0	0	0	7	0	0	0	0	0	1	0	0	0	0	2	1	0	0	17	0	1	1	0	3	29	0	0	0	12	0	0	0	0	12	1	0	0	0	0	0	1	0	0	0	0	0	20	0	0	1	0	24	0	8	0	28	0	0	0	0	5	0	0	5	2	0	0	22	0	9	0	0	0	0	0	0	0	0	0	0	0	0	3	1	2	2	0	0	0	0	0	3	3	11	0	2	110	0	0	0	0	0	22	2	0	0	0	1	0	4	0	0	11	0	0	2	0	0	0	0	0	0	0	0	0	0	3	0	0	1	0	0	0	0	0	2	0	66	1	6	1	0	0	0	0	0	0	1	0	1	1	1	0	0	3	0	6	1	11	0	0	0	10	0	0	0	0	3	1	1	0	0	0	0	0	0	0	0	1	0	0	0	4
0	0	1	0	0	0	4	0	8	0	0	8	0	0	0	3	0	0	0	0	0	0	0	0	0	0	0	0	0	0	0	0	0	0	2	0	0	4	0	0	0	0	4	0	0	0	1	0	0	0	0	0	3	0	0	0	0	0	1	0	0	0	0	0	0	0	0	0	4	1	0	4	0	0	0	0	0	0	0	0	0	1	0	0	0	0	0	0	0	4	0	0	5	0	0	0	5	0	5	0	0	0	0	0	0	0	9	4	0	0	0	0	0	0	3	0	0	0	0	0	0	0	0	0	17	0	0	0	0	0	4	1	1	0	0	0	3	0	0	0	0	0	0	0	3	0	0	0	0	0	0	5	0	1	0	0	0	39	0	0	0	0	26	0	0	0	10	0	0	0	0	3	0	1	0	0	1	0	1	0	3	0	1	0	0	0	0	0	0	0	0	0	0	1	0	0	0	0	0	0	0	0	65	32	0	0	0	776	0	0	1	0	0	0	0	0	0	0	0	0	8	0	0	0	0	1	0	2	0	0	0	0	0	0	0	0	0	0	0	0	0	8	1	0	0	0	0	0	12	0	0	0	0	0	0	0	0	0	0	0	0	1	0	0	0	5	11	2	0	0	0	1	0	1	0	0	0	3	0	0	0	0	0	0	0	0	0	4	0	0	0	0	0	0
0	0	0	0	0	0	13	0	4	0	0	11	0	2	0	0	0	0	0	0	0	0	0	0	0	0	0	0	0	0	0	0	1	2	0	0	0	0	0	0	0	0	52	0	0	0	1	0	0	0	0	0	0	0	0	0	0	0	5	0	0	0	0	0	0	0	0	0	1	0	0	9	0	0	0	0	0	0	0	0	0	1	0	0	2	0	1	0	0	0	0	0	4	0	0	0	0	0	0	0	0	0	3	0	0	0	3	0	0	0	0	0	0	0	1	0	0	0	0	0	0	0	0	3	2	0	0	0	0	0	0	0	0	1	0	0	0	0	0	2	0	0	0	2	11	0	0	0	0	1	3	1	0	0	0	0	0	49	0	0	0	0	10	1	0	0	25	0	0	0	0	3	1	0	0	0	0	0	2	0	2	0	0	0	0	0	1	0	0	0	0	0	0	0	0	0	0	0	0	0	0	0	0	0	0	1	0	879	0	0	0	0	0	0	1	0	0	0	1	0	1	2	0	6	0	0	0	1	0	0	0	0	0	0	0	0	0	0	0	0	0	0	6	0	0	0	0	0	22	0	0	0	0	1	1	2	0	0	9	0	0	0	0	4	0	5	0	2	2	1	0	0	0	6	2	1	1	0	0	0	0	0	0	0	1	0	0	0	0	0	0	1	0	0
0	0	1	0	0	0	1	0	6	0	0	9	0	0	0	0	0	0	0	0	0	1	0	0	0	0	0	1	0	0	0	0	0	1	0	0	0	0	0	0	1	0	29	0	0	0	0	0	0	0	0	0	1	0	0	0	0	0	3	0	0	0	0	0	0	0	0	0	0	0	0	8	0	0	0	0	2	0	0	0	1	1	0	1	3	0	0	0	0	0	0	0	2	0	0	0	1	0	0	0	0	0	0	0	1	1	3	0	0	0	0	0	1	0	0	0	0	0	0	0	0	0	0	0	4	0	0	0	0	0	0	0	0	0	0	0	0	0	0	1	0	0	1	0	9	0	0	0	0	0	1	0	0	0	0	0	0	24	0	0	0	0	12	0	0	0	14	0	0	0	0	1	1	0	0	0	2	0	0	0	7	0	0	2	0	0	0	0	0	0	0	0	1	0	0	0	0	0	0	0	0	0	2	1	0	0	0	758	0	0	0	0	0	0	0	0	0	0	0	0	1	4	0	4	0	0	0	0	0	0	0	0	0	0	0	0	0	0	0	0	0	0	0	0	0	0	0	0	6	0	0	0	0	1	0	1	0	0	3	0	0	0	0	1	0	2	0	1	1	1	0	1	0	1	1	2	1	0	0	0	0	0	0	0	0	0	0	0	0	0	0	0	0	0
0	0	0	0	0	0	0	0	7	0	2	6	0	2	0	0	0	0	0	0	0	0	0	0	1	0	0	0	0	0	0	0	1	0	0	0	0	0	0	0	0	0	14	0	0	0	0	0	0	0	0	0	0	0	0	0	0	0	3	0	0	0	0	0	0	6	0	0	1	0	0	9	0	0	0	0	1	0	0	0	0	0	0	0	0	0	2	0	0	0	0	0	2	0	0	0	0	0	0	0	0	0	0	0	0	0	1	0	0	0	0	0	1	0	0	0	0	0	0	0	0	0	0	3	2	0	0	0	0	0	1	0	0	0	0	1	0	0	0	1	0	0	0	0	18	0	0	0	0	1	2	0	0	0	0	0	0	68	0	0	0	0	21	0	0	0	4	0	0	0	0	2	0	0	0	0	0	0	1	0	3	0	1	0	0	0	1	0	2	0	0	0	0	0	0	0	0	0	0	0	0	0	0	0	0	1	0	764	0	0	0	0	0	0	2	0	0	0	1	0	2	0	0	1	0	0	0	1	0	0	0	0	0	0	0	0	1	0	0	10	0	0	4	0	0	0	0	0	27	0	0	0	0	0	0	1	0	0	3	0	0	0	0	0	0	4	0	1	2	0	0	0	0	2	1	0	0	0	0	0	0	0	0	0	1	0	0	0	0	2	0	0	9	0
0	0	0	0	0	0	19	0	12	0	0	4	0	2	0	0	0	0	0	1	0	1	0	0	0	1	0	0	1	0	0	0	1	0	1	0	0	0	0	0	1	0	10	0	0	0	0	0	0	0	0	0	2	0	0	0	1	0	14	1	0	0	0	1	0	0	0	0	1	0	0	4	0	0	0	0	1	0	0	0	0	0	0	1	1	0	0	0	0	2	0	0	5	0	0	0	0	0	0	1	0	0	29	0	0	1	3	0	0	0	0	1	0	0	1	0	0	0	0	0	0	0	1	0	1	0	0	0	0	0	0	0	1	0	0	0	0	12	0	9	0	0	0	1	7	0	0	0	0	0	3	2	2	0	0	0	0	33	0	0	0	0	4	0	0	0	11	0	0	0	0	4	0	0	0	0	0	0	1	0	7	0	0	0	1	0	1	0	0	0	0	0	0	2	0	0	0	0	0	0	0	0	1	1	0	1	0	583	0	0	0	0	0	0	0	0	0	0	0	1	1	0	0	2	0	0	0	0	0	0	0	0	1	0	4	0	0	0	0	0	0	0	2	0	0	0	0	0	18	0	0	0	0	0	0	0	0	0	7	0	0	0	0	0	0	6	1	1	2	0	0	0	0	17	0	0	0	0	0	0	1	0	0	0	0	3	1	0	0	0	0	0	0	0
0	0	0	0	0	0	6	0	3	0	1	12	0	0	0	0	0	0	0	0	0	1	0	0	1	0	0	0	0	0	0	0	0	1	0	0	0	0	0	0	0	0	35	0	0	0	0	0	0	0	0	0	0	0	0	0	0	0	2	0	0	0	0	0	0	5	0	0	1	0	0	13	0	0	0	0	1	0	0	0	0	0	0	1	1	0	0	0	0	0	0	0	1	0	0	0	0	0	0	0	0	0	4	0	0	1	0	0	0	0	0	0	1	0	0	0	0	0	0	0	0	0	0	0	0	0	0	0	0	0	1	0	0	0	0	0	0	0	0	0	0	0	1	0	10	0	0	0	0	0	0	0	0	0	0	0	0	29	0	0	0	0	10	0	0	0	13	0	0	0	0	0	1	0	0	0	0	0	0	0	3	0	0	1	0	0	0	0	2	0	0	0	0	4	0	0	0	0	0	0	0	0	0	0	0	0	0	687	0	0	0	0	0	0	0	0	0	1	0	0	0	2	0	4	0	0	0	0	0	0	0	1	0	0	1	0	1	0	0	3	0	0	2	0	0	0	0	1	0	0	0	0	0	1	0	0	0	0	4	0	0	0	0	0	0	1	0	0	0	1	0	0	1	1	0	1	1	0	0	0	0	0	0	0	0	1	0	0	0	1	0	0	3	0
0	0	0	0	0	0	5	0	12	2	0	19	0	1	0	0	0	0	0	0	0	0	0	0	0	0	0	2	0	0	0	0	0	0	0	0	0	0	0	0	1	0	15	0	0	0	0	0	0	0	0	0	0	0	1	0	0	0	1	0	0	0	0	0	0	1	0	0	1	2	0	10	0	0	0	7	0	0	0	0	0	1	0	0	1	0	1	0	2	0	0	0	2	0	2	0	2	0	0	0	0	0	0	0	0	0	4	1	0	0	0	0	0	2	0	0	0	0	0	0	0	0	1	0	4	0	0	0	2	0	3	0	0	0	0	0	0	0	1	1	0	0	0	0	28	0	0	0	0	1	1	2	0	1	0	0	0	83	0	0	0	0	56	1	0	0	27	0	0	0	0	0	0	0	0	0	0	0	0	0	0	0	0	0	0	0	1	0	0	0	0	0	0	0	0	1	0	0	2	0	0	0	5	0	1	0	0	649	0	0	0	0	0	0	0	0	0	2	0	0	3	0	0	0	0	0	0	0	0	0	0	1	0	0	1	0	0	1	0	0	0	2	0	0	0	0	1	0	7	0	0	0	0	0	0	3	0	0	1	0	0	0	4	0	0	0	0	0	0	0	0	0	0	5	1	0	1	0	0	0	0	0	0	0	1	0	1	0	0	3	0	2	2	0
0	0	0	0	0	1	4	0	5	1	0	11	0	0	0	0	1	0	0	0	0	0	0	0	0	0	0	0	0	0	0	0	0	0	0	0	0	1	0	0	0	0	33	0	0	0	0	0	0	2	2	0	0	2	1	0	0	0	5	0	0	0	0	0	0	0	0	0	0	1	1	31	0	0	1	1	20	0	0	0	0	0	0	2	2	0	0	0	0	0	0	0	1	0	1	0	0	0	0	0	0	0	1	0	0	0	4	2	0	0	0	0	3	0	1	0	0	0	0	0	0	0	1	3	3	0	0	0	0	0	1	0	0	0	0	0	0	0	0	0	0	0	0	1	23	0	0	0	0	0	1	2	0	0	0	0	0	13	0	0	0	0	33	1	0	0	10	0	0	0	0	1	0	0	0	0	0	0	0	0	16	0	0	3	0	0	1	5	0	0	0	0	0	2	0	0	0	0	1	0	0	0	2	0	0	0	0	768	0	0	0	0	0	1	0	0	0	1	0	1	5	0	0	0	0	0	0	0	0	0	0	0	0	2	3	1	1	0	1	1	0	0	0	0	0	0	4	0	5	0	0	0	0	1	1	3	0	0	2	0	0	1	1	0	3	3	0	2	0	0	0	1	0	0	1	0	0	1	0	0	0	1	0	0	0	0	0	0	0	2	0	0	3	0
0	0	0	0	0	1	9	0	9	0	0	8	0	2	0	0	0	0	0	1	0	0	0	0	0	1	0	0	0	0	0	0	0	0	1	0	0	1	0	0	0	0	37	0	0	0	0	0	0	0	0	0	0	1	0	0	0	0	4	0	0	0	0	1	0	0	0	0	3	2	0	25	0	0	0	1	2	0	0	0	0	3	1	0	1	0	0	0	1	1	0	0	5	0	1	0	0	0	0	1	0	0	0	0	1	0	10	1	0	0	0	0	0	1	1	0	0	0	0	0	0	0	8	1	12	0	0	0	0	0	0	0	0	1	0	0	0	0	0	3	0	0	5	0	117	0	0	1	0	1	4	2	0	0	0	0	0	73	0	0	0	0	59	0	0	0	27	0	1	1	0	0	1	0	0	0	1	1	0	0	6	0	0	0	1	0	1	0	0	0	0	0	0	1	0	2	0	0	0	0	0	1	1	1	0	1	0	674	1	0	0	0	0	0	0	0	0	1	0	0	2	3	0	0	0	0	0	0	0	0	0	0	0	0	5	0	0	0	0	0	0	1	0	0	0	0	1	0	13	0	0	0	0	0	1	0	0	0	7	0	0	1	4	0	0	0	0	0	0	2	0	2	0	10	0	0	1	0	0	0	0	1	0	0	1	0	0	0	0	10	0	1	0	0
0	0	0	0	0	0	1	0	12	0	0	3	0	0	0	0	1	0	0	0	0	0	0	0	1	0	0	0	1	0	0	0	0	0	0	0	0	0	0	0	0	0	21	0	0	0	0	0	1	0	1	0	0	0	0	0	0	0	5	0	0	0	0	1	0	0	0	0	1	0	0	10	0	0	0	1	0	0	0	0	0	3	0	0	0	0	0	0	0	0	0	0	4	1	0	0	0	0	0	1	0	0	0	0	1	0	3	0	0	0	0	0	0	0	1	0	0	0	0	0	0	0	1	0	14	0	0	0	0	0	0	0	0	1	0	0	2	0	0	2	0	0	1	0	145	0	0	1	0	0	3	0	0	0	0	0	0	64	0	0	0	0	3	0	0	0	13	0	0	0	0	3	1	0	0	0	0	0	0	0	3	0	0	0	0	0	0	0	1	0	0	0	0	2	0	0	0	0	0	0	0	2	0	0	1	0	0	569	0	0	0	0	1	0	0	0	0	1	0	0	1	0	0	0	0	0	0	0	0	0	0	0	0	0	1	0	1	0	0	0	0	0	1	0	0	0	2	1	13	0	0	0	0	0	1	1	0	0	15	1	0	4	0	0	0	1	0	2	0	2	0	4	0	2	1	0	0	0	0	0	0	1	0	0	0	0	0	0	0	9	0	0	0	0
