1.0000	0.0000	0.0000	0.0000	0.0000	0.0000	0.0000
1.0000	0.0000	0.0000	0.0000	0.0000	0.0000	0.0000
1.0000	0.0000	0.0000	0.0000	0.0000	0.0000	0.0000
1.0000	0.0000	0.0000	0.0000	0.0000	0.0000	0.0000
0.0015	0.8472	0.0000	0.1290	0.0000	0.0222	0.0000
0.3155	0.0922	0.0000	0.5813	0.0000	0.0111	0.0000
0.0000	0.9981	0.0000	0.0018	0.0000	0.0002	0.0000
0.0000	0.0000	0.9970	0.0000	0.0000	0.0000	0.0030
0.0000	0.0000	1.0000	0.0000	0.0000	0.0000	0.0000
0.0000	0.0000	0.0000	0.0000	0.9996	0.0000	0.0004
0.0000	0.0000	0.0003	0.0000	0.9970	0.0000	0.0027
0.0000	0.0000	0.0000	0.0000	1.0000	0.0000	0.0000
0.0017	0.0000	0.0000	0.9981	0.0000	0.0003	0.0000
0.0012	0.0000	0.0000	0.0004	0.0000	0.9984	0.0000
0.0000	0.0000	0.0000	0.9998	0.0000	0.0002	0.0000
0.0000	0.0000	0.0000	0.0000	0.0000	0.0000	1.0000
0.0000	0.0000	0.0000	0.0000	0.0000	0.0000	1.0000
1.0000	0.0000	0.0000	0.0000	0.0000	0.0000	0.0000
0.1808	0.0194	0.0000	0.7756	0.0000	0.0242	0.0000
0.0000	1.0000	0.0000	0.0000	0.0000	0.0000	0.0000
0.0000	0.0000	0.0000	1.0000	0.0000	0.0000	0.0000
0.0000	0.0000	0.0000	1.0000	0.0000	0.0000	0.0000
0.0000	0.0001	0.0000	0.9998	0.0000	0.0000	0.0000
0.0000	0.0000	0.0000	0.0000	1.0000	0.0000	0.0000
0.0000	0.0000	0.0000	0.0000	0.4384	0.0000	0.5616
0.0000	0.0000	0.0000	0.0000	0.9998	0.0000	0.0002
0.0000	0.0000	0.0000	0.0000	0.0000	1.0000	0.0000
0.0000	0.0000	0.0000	0.0000	0.0000	1.0000	0.0000
0.0000	0.0000	0.0000	0.0000	0.0000	0.0000	1.0000
0.0000	0.0000	0.0000	0.0000	0.0000	0.0000	1.0000
0.0000	1.0000	0.0000	0.0000	0.0000	0.0000	0.0000
0.0000	1.0000	0.0000	0.0000	0.0000	0.0000	0.0000
0.0000	0.0000	1.0000	0.0000	0.0000	0.0000	0.0000
0.0000	0.0000	1.0000	0.0000	0.0000	0.0000	0.0000
0.0000	0.0000	0.0440	0.0000	0.0000	0.0000	0.9560
0.0000	0.0000	0.0000	1.0000	0.0000	0.0000	0.0000
0.0000	0.0000	0.0000	1.0000	0.0000	0.0000	0.0000
0.0000	0.0000	0.0000	0.0000	0.0000	0.0000	1.0000
0.0000	0.0000	1.0000	0.0000	0.0000	0.0000	0.0000
0.0000	0.0000	0.9907	0.0000	0.0000	0.0000	0.0093
0.0000	0.0000	0.0000	1.0000	0.0000	0.0000	0.0000
0.0000	0.0000	0.0000	0.0000	0.0000	0.0000	1.0000
0.0000	0.0000	0.0010	0.9987	0.0000	0.0000	0.0003
0.0000	0.0003	0.0000	0.0000	0.0000	0.9997	0.0000
0.0000	0.0000	0.0014	0.0000	0.0000	0.8356	0.1629
0.0000	0.0000	0.0000	0.0000	0.0000	0.0000	1.0000
0.5285	0.4715	0.0000	0.0000	0.0000	0.0000	0.0000
0.0000	0.0000	0.0000	1.0000	0.0000	0.0000	0.0000
