1.0000	0.0000	0.0000	0.0000	0.0000	0.0000	0.0000
1.0000	0.0000	0.0000	0.0000	0.0000	0.0000	0.0000
1.0000	0.0000	0.0000	0.0000	0.0000	0.0000	0.0000
1.0000	0.0000	0.0000	0.0000	0.0000	0.0000	0.0000
0.0026	0.9963	0.0000	0.0005	0.0000	0.0005	0.0000
0.0558	0.9231	0.0000	0.0205	0.0000	0.0005	0.0000
0.0001	0.9982	0.0000	0.0016	0.0000	0.0001	0.0000
0.0000	0.0000	0.9954	0.0000	0.0000	0.0000	0.0046
0.0000	0.0000	1.0000	0.0000	0.0000	0.0000	0.0000
0.0000	0.0001	0.0000	0.0000	0.9230	0.0000	0.0769
0.0000	0.0000	0.2818	0.0000	0.6330	0.0000	0.0852
0.0000	0.0000	0.0000	0.0000	1.0000	0.0000	0.0000
0.0037	0.0000	0.0000	0.2719	0.0000	0.7244	0.0000
0.0543	0.0000	0.0000	0.0029	0.0000	0.9427	0.0000
0.0075	0.0016	0.0000	0.9348	0.0000	0.0561	0.0000
0.0000	0.0000	0.0000	0.0000	0.0000	0.0000	1.0000
0.0000	0.0000	0.0000	0.0000	0.0003	0.0000	0.9997
1.0000	0.0000	0.0000	0.0000	0.0000	0.0000	0.0000
0.5519	0.2206	0.0000	0.2208	0.0000	0.0067	0.0000
0.0000	1.0000	0.0000	0.0000	0.0000	0.0000	0.0000
0.0000	0.0000	0.0000	1.0000	0.0000	0.0000	0.0000
0.0000	0.0000	0.0000	1.0000	0.0000	0.0000	0.0000
0.0039	0.4394	0.0000	0.5566	0.0000	0.0000	0.0001
0.0000	0.0000	0.0000	0.0000	1.0000	0.0000	0.0000
0.0000	0.0000	0.0000	0.0000	0.9712	0.0000	0.0288
0.0000	0.0003	0.0000	0.0000	0.9847	0.0000	0.0150
0.0000	0.0000	0.0000	0.0000	0.0000	1.0000	0.0000
0.0000	0.0000	0.0000	0.0000	0.0000	1.0000	0.0000
0.0000	0.0000	0.0000	0.0000	0.0000	0.0000	1.0000
0.0000	0.0000	0.0000	0.0000	0.0000	0.0000	1.0000
0.0000	0.9998	0.0002	0.0000	0.0000	0.0000	0.0000
0.0000	1.0000	0.0000	0.0000	0.0000	0.0000	0.0000
0.0000	0.0000	1.0000	0.0000	0.0000	0.0000	0.0000
0.0000	0.0000	1.0000	0.0000	0.0000	0.0000	0.0000
0.0000	0.0000	1.0000	0.0000	0.0000	0.0000	0.0000
0.0000	0.0000	0.0000	1.0000	0.0000	0.0000	0.0000
0.0000	0.0000	0.0000	1.0000	0.0000	0.0000	0.0000
0.0000	0.0000	0.0000	0.0000	0.0000	0.0000	1.0000
0.0000	0.0000	1.0000	0.0000	0.0000	0.0000	0.0000
0.0000	0.0034	0.9532	0.0000	0.0001	0.0000	0.0433
0.0000	0.0000	0.0000	1.0000	0.0000	0.0000	0.0000
0.0000	0.0002	0.0000	0.0000	0.0000	0.0000	0.9998
0.0000	0.9510	0.0015	0.0114	0.0000	0.0000	0.0361
0.0000	0.0006	0.0000	0.0000	0.0000	0.9993	0.0000
0.0000	0.0004	0.0000	0.0000	0.0000	0.8190	0.1806
0.0000	0.5705	0.0000	0.0000	0.0000	0.0000	0.4295
0.3892	0.6099	0.0000	0.0000	0.0000	0.0007	0.0001
0.0000	0.0000	0.0000	1.0000	0.0000	0.0000	0.0000
