1.0000	0.0000	0.0000	0.0000	0.0000	0.0000	0.0000
1.0000	0.0000	0.0000	0.0000	0.0000	0.0000	0.0000
0.9495	0.0147	0.0000	0.0304	0.0001	0.0052	0.0000
1.0000	0.0000	0.0000	0.0000	0.0000	0.0000	0.0000
1.0000	0.0000	0.0000	0.0000	0.0000	0.0000	0.0000
0.0317	0.9210	0.0000	0.0182	0.0001	0.0287	0.0003
0.1973	0.8021	0.0000	0.0000	0.0000	0.0000	0.0005
0.0000	0.0000	1.0000	0.0000	0.0000	0.0000	0.0000
0.0000	0.0000	1.0000	0.0000	0.0000	0.0000	0.0000
0.0000	0.0000	0.9988	0.0000	0.0004	0.0000	0.0009
0.0000	0.2438	0.0000	0.7537	0.0000	0.0024	0.0000
0.0000	0.0000	0.0000	0.0000	1.0000	0.0000	0.0000
0.0000	0.0000	0.0000	0.0000	0.9994	0.0000	0.0005
0.0001	0.0000	0.0000	0.0009	0.0004	0.9986	0.0000
0.0268	0.1722	0.0000	0.0246	0.0001	0.7763	0.0000
0.0181	0.9760	0.0000	0.0008	0.0000	0.0050	0.0000
0.4088	0.5912	0.0000	0.0000	0.0000	0.0000	0.0000
0.0000	0.0000	0.0000	0.0000	0.0000	0.0000	1.0000
0.0000	0.0000	0.0000	0.0000	0.0000	0.0000	1.0000
0.0000	0.0000	0.0000	0.0000	0.0007	0.0000	0.9993
0.0001	0.9946	0.0000	0.0053	0.0000	0.0000	0.0000
0.0001	0.9998	0.0000	0.0001	0.0000	0.0000	0.0000
0.0000	0.0000	1.0000	0.0000	0.0000	0.0000	0.0000
0.0152	0.1038	0.0000	0.2009	0.6799	0.0000	0.0001
0.0004	0.0000	0.0000	0.9995	0.0000	0.0001	0.0000
0.0000	0.0000	0.0000	0.0000	0.9999	0.0000	0.0001
0.0000	0.0000	0.0000	0.0000	1.0000	0.0000	0.0000
0.0000	0.0000	0.0005	0.0000	0.0000	0.9995	0.0000
0.0022	0.0000	0.4549	0.0000	0.0000	0.5429	0.0000
0.0000	0.0000	0.0000	0.0000	0.0000	0.0000	1.0000
0.0000	0.0000	0.0000	0.0000	0.0000	0.0000	1.0000
0.0000	0.9992	0.0000	0.0000	0.0000	0.0000	0.0008
0.0000	0.9999	0.0000	0.0000	0.0000	0.0000	0.0001
0.0000	0.0000	1.0000	0.0000	0.0000	0.0000	0.0000
0.0000	0.0000	1.0000	0.0000	0.0000	0.0000	0.0000
0.0000	0.0000	0.0000	1.0000	0.0000	0.0000	0.0000
0.0000	0.2546	0.7273	0.0000	0.0000	0.0000	0.0181
0.0000	0.0907	0.0006	0.0000	0.0000	0.0000	0.9087
0.0000	0.0000	0.0000	1.0000	0.0000	0.0000	0.0000
0.0000	0.0000	0.0000	1.0000	0.0000	0.0000	0.0000
0.9998	0.0000	0.0000	0.0000	0.0000	0.0001	0.0000
0.4374	0.0001	0.5559	0.0000	0.0000	0.0000	0.0066
0.0000	0.0000	0.0000	1.0000	0.0000	0.0000	0.0000
0.3766	0.5264	0.0093	0.0000	0.0000	0.0054	0.0824
0.0000	0.0000	0.0000	1.0000	0.0000	0.0000	0.0000
0.0000	0.0000	0.0000	0.0000	1.0000	0.0000	0.0000
0.0000	0.0000	0.0000	0.0000	1.0000	0.0000	0.0000
0.0001	0.0002	0.0000	0.0000	0.0000	0.0000	0.9996
