0.1410	0.1435	0.1451	0.1421	0.1410	0.1427	0.1446
0.1410	0.1435	0.1451	0.1421	0.1410	0.1427	0.1446
0.1410	0.1435	0.1451	0.1421	0.1410	0.1427	0.1446
0.1410	0.1435	0.1451	0.1421	0.1410	0.1427	0.1446
0.1410	0.1435	0.1451	0.1421	0.1410	0.1427	0.1446
0.1410	0.1435	0.1451	0.1421	0.1410	0.1427	0.1446
0.1410	0.1435	0.1451	0.1421	0.1410	0.1427	0.1446
0.1410	0.1435	0.1451	0.1421	0.1410	0.1427	0.1446
0.1410	0.1435	0.1451	0.1421	0.1410	0.1427	0.1446
0.1410	0.1435	0.1451	0.1421	0.1410	0.1427	0.1446
0.1410	0.1435	0.1451	0.1421	0.1410	0.1427	0.1446
0.1410	0.1435	0.1451	0.1421	0.1410	0.1427	0.1446
0.1410	0.1435	0.1451	0.1421	0.1410	0.1427	0.1446
0.1410	0.1435	0.1451	0.1421	0.1410	0.1427	0.1446
0.1410	0.1435	0.1451	0.1421	0.1410	0.1427	0.1446
0.1410	0.1435	0.1451	0.1421	0.1410	0.1427	0.1446
0.1410	0.1435	0.1451	0.1421	0.1410	0.1427	0.1446
0.1410	0.1435	0.1451	0.1421	0.1410	0.1427	0.1446
0.1410	0.1435	0.1451	0.1421	0.1410	0.1427	0.1446
0.1410	0.1435	0.1451	0.1421	0.1410	0.1427	0.1446
0.1410	0.1435	0.1451	0.1421	0.1410	0.1427	0.1446
0.1410	0.1435	0.1451	0.1421	0.1410	0.1427	0.1446
0.1410	0.1435	0.1451	0.1421	0.1410	0.1427	0.1446
0.1410	0.1435	0.1451	0.1421	0.1410	0.1427	0.1446
0.1410	0.1435	0.1451	0.1421	0.1410	0.1427	0.1446
0.1410	0.1435	0.1451	0.1421	0.1410	0.1427	0.1446
0.1410	0.1435	0.1451	0.1421	0.1410	0.1427	0.1446
0.1410	0.1435	0.1451	0.1421	0.1410	0.1427	0.1446
0.1410	0.1435	0.1451	0.1421	0.1410	0.1427	0.1446
0.1410	0.1435	0.1451	0.1421	0.1410	0.1427	0.1446
0.1410	0.1435	0.1451	0.1421	0.1410	0.1427	0.1446
0.1410	0.1435	0.1451	0.1421	0.1410	0.1427	0.1446
0.1410	0.1435	0.1451	0.1421	0.1410	0.1427	0.1446
0.1410	0.1435	0.1451	0.1421	0.1410	0.1427	0.1446
0.1410	0.1435	0.1451	0.1421	0.1410	0.1427	0.1446
0.1410	0.1435	0.1451	0.1421	0.1410	0.1427	0.1446
0.1410	0.1435	0.1451	0.1421	0.1410	0.1427	0.1446
0.1410	0.1435	0.1451	0.1421	0.1410	0.1427	0.1446
0.1410	0.1435	0.1451	0.1421	0.1410	0.1427	0.1446
0.1410	0.1435	0.1451	0.1421	0.1410	0.1427	0.1446
0.1410	0.1435	0.1451	0.1421	0.1410	0.1427	0.1446
0.1410	0.1435	0.1451	0.1421	0.1410	0.1427	0.1446
0.1410	0.1435	0.1451	0.1421	0.1410	0.1427	0.1446
0.1410	0.1435	0.1451	0.1421	0.1410	0.1427	0.1446
0.1410	0.1435	0.1451	0.1421	0.1410	0.1427	0.1446
0.1410	0.1435	0.1451	0.1421	0.1410	0.1427	0.1446
0.1410	0.1435	0.1451	0.1421	0.1410	0.1427	0.1446
0.1410	0.1435	0.1451	0.1421	0.1410	0.1427	0.1446
