1.0000	0.0000	0.0000	0.0000	0.0000	0.0000	0.0000
1.0000	0.0000	0.0000	0.0000	0.0000	0.0000	0.0000
0.9049	0.0007	0.0000	0.0935	0.0000	0.0009	0.0000
1.0000	0.0000	0.0000	0.0000	0.0000	0.0000	0.0000
1.0000	0.0000	0.0000	0.0000	0.0000	0.0000	0.0000
0.1376	0.8238	0.0000	0.0273	0.0000	0.0109	0.0004
0.0071	0.7928	0.0000	0.1993	0.0000	0.0006	0.0002
0.0000	0.0000	1.0000	0.0000	0.0000	0.0000	0.0000
0.0000	0.0000	0.0000	1.0000	0.0000	0.0000	0.0000
0.0037	0.0032	0.0000	0.9927	0.0000	0.0004	0.0000
0.0029	0.0004	0.0000	0.9965	0.0000	0.0002	0.0000
0.0000	0.0000	0.0024	0.0000	0.9976	0.0000	0.0001
0.0000	0.0000	0.0000	0.0000	0.5249	0.0000	0.4751
0.0003	0.0000	0.0000	0.0200	0.0000	0.9796	0.0000
0.0530	0.3476	0.0000	0.0006	0.0000	0.5989	0.0000
0.0000	0.9830	0.0000	0.0000	0.0000	0.0170	0.0000
0.0000	0.0001	0.0000	0.0001	0.0025	0.0002	0.9971
0.0000	0.0000	0.0000	0.0000	0.0091	0.0002	0.9907
0.0000	0.0000	0.0000	0.0000	0.0002	0.0000	0.9998
0.9998	0.0002	0.0000	0.0000	0.0000	0.0000	0.0000
0.0004	0.9994	0.0000	0.0002	0.0000	0.0000	0.0000
0.0000	0.0000	1.0000	0.0000	0.0000	0.0000	0.0000
0.0000	0.0000	1.0000	0.0000	0.0000	0.0000	0.0000
0.0000	0.0000	0.0000	0.0000	1.0000	0.0000	0.0000
0.0000	0.0000	0.0000	0.0000	1.0000	0.0000	0.0000
0.0000	0.0000	0.0000	0.0000	0.0000	1.0000	0.0000
0.0000	0.0000	0.0000	0.0000	0.0000	1.0000	0.0000
0.0000	0.0000	0.0000	0.0000	0.0000	0.0000	1.0000
0.0000	0.9976	0.0000	0.0000	0.0000	0.0000	0.0024
0.0000	0.9992	0.0000	0.0000	0.0000	0.0000	0.0008
0.0000	0.0000	1.0000	0.0000	0.0000	0.0000	0.0000
0.0000	0.0000	0.0000	1.0000	0.0000	0.0000	0.0000
0.0000	0.0000	0.0000	1.0000	0.0000	0.0000	0.0000
0.0000	0.9999	0.0000	0.0000	0.0000	0.0000	0.0001
0.0000	0.9991	0.0000	0.0000	0.0001	0.0000	0.0009
0.0000	0.0000	1.0000	0.0000	0.0000	0.0000	0.0000
0.0000	0.0031	0.9969	0.0000	0.0000	0.0000	0.0000
0.0000	0.0216	0.9780	0.0000	0.0002	0.0000	0.0002
0.0000	0.0000	0.0000	1.0000	0.0000	0.0000	0.0000
0.0000	0.0007	0.0001	0.0000	0.0000	0.9992	0.0000
0.8882	0.0253	0.0054	0.0000	0.0000	0.0811	0.0000
0.0000	0.0000	0.0000	1.0000	0.0000	0.0000	0.0000
0.0000	0.0000	0.0000	1.0000	0.0000	0.0000	0.0000
0.0000	0.0000	0.0000	0.0000	1.0000	0.0000	0.0000
0.0000	0.0000	0.0000	0.0000	1.0000	0.0000	0.0000
0.0000	0.0000	0.0000	0.0000	0.0000	1.0000	0.0000
0.0000	0.0009	0.0000	0.0000	0.0000	0.0027	0.9964
0.0000	0.0000	0.0000	0.0000	0.0000	0.9980	0.0020
