1.0000	0.0000	0.0000	0.0000	0.0000	0.0000	0.0000
1.0000	0.0000	0.0000	0.0000	0.0000	0.0000	0.0000
0.5188	0.0531	0.0000	0.2909	0.0000	0.1373	0.0000
1.0000	0.0000	0.0000	0.0000	0.0000	0.0000	0.0000
0.9994	0.0001	0.0000	0.0000	0.0000	0.0000	0.0005
0.0042	0.9853	0.0000	0.0036	0.0000	0.0069	0.0000
0.0000	0.9719	0.0000	0.0277	0.0000	0.0004	0.0000
0.0000	0.0000	1.0000	0.0000	0.0000	0.0000	0.0000
0.0000	0.0000	0.0000	1.0000	0.0000	0.0000	0.0000
0.0005	0.0093	0.0000	0.9842	0.0000	0.0060	0.0000
0.0000	0.0000	0.0000	0.9999	0.0000	0.0001	0.0000
0.0000	0.0000	0.0000	0.0000	0.9932	0.0000	0.0068
0.0000	0.0000	0.0000	0.0000	0.9974	0.0000	0.0026
0.0010	0.0000	0.0000	0.0149	0.0000	0.9841	0.0000
0.0001	0.7917	0.0000	0.0001	0.0000	0.2082	0.0000
0.0000	0.9970	0.0000	0.0000	0.0000	0.0030	0.0000
0.0000	0.0000	0.0000	0.0000	0.0000	0.0000	1.0000
0.0000	0.0000	0.0000	0.0001	0.0000	0.0000	0.9999
0.0000	0.0000	0.0000	0.0000	0.0000	0.0000	1.0000
0.9869	0.0024	0.0000	0.0000	0.0000	0.0000	0.0107
0.0000	0.9985	0.0000	0.0004	0.0000	0.0011	0.0000
0.0000	0.0000	1.0000	0.0000	0.0000	0.0000	0.0000
0.0000	0.0000	1.0000	0.0000	0.0000	0.0000	0.0000
0.0000	0.0000	0.0000	0.0000	1.0000	0.0000	0.0000
0.0000	0.0000	0.0000	0.0000	1.0000	0.0000	0.0000
0.0000	0.0000	0.0000	0.0000	0.0000	1.0000	0.0000
0.0000	0.0000	0.0000	0.0000	0.0000	1.0000	0.0000
0.0000	0.0000	0.0000	0.0000	0.0000	0.0000	1.0000
0.0000	1.0000	0.0000	0.0000	0.0000	0.0000	0.0000
0.0000	1.0000	0.0000	0.0000	0.0000	0.0000	0.0000
0.0000	0.0000	1.0000	0.0000	0.0000	0.0000	0.0000
0.0000	0.0000	0.0000	1.0000	0.0000	0.0000	0.0000
0.0000	0.0000	0.0000	1.0000	0.0000	0.0000	0.0000
0.0000	0.9999	0.0000	0.0000	0.0000	0.0000	0.0000
0.0000	1.0000	0.0000	0.0000	0.0000	0.0000	0.0000
0.0000	0.0000	1.0000	0.0000	0.0000	0.0000	0.0000
0.0000	0.0000	1.0000	0.0000	0.0000	0.0000	0.0000
0.0000	0.0002	0.9948	0.0000	0.0007	0.0000	0.0043
0.0000	0.0000	0.0000	1.0000	0.0000	0.0000	0.0000
0.0273	0.0954	0.0200	0.0000	0.0000	0.8572	0.0000
0.9855	0.0001	0.0000	0.0000	0.0000	0.0144	0.0000
0.0000	0.0000	0.0000	0.9996	0.0000	0.0000	0.0004
0.0000	0.0000	0.0000	1.0000	0.0000	0.0000	0.0000
0.0000	0.0000	0.0000	0.0000	1.0000	0.0000	0.0000
0.0000	0.0000	0.0000	0.0000	1.0000	0.0000	0.0000
0.0000	0.0000	0.0000	0.0000	0.0000	1.0000	0.0000
0.0000	0.0002	0.0000	0.0000	0.0000	0.0000	0.9998
0.0007	0.0193	0.0002	0.0000	0.0000	0.9675	0.0123
