1.0000	0.0000	0.0000	0.0000	0.0000	0.0000	0.0000
1.0000	0.0000	0.0000	0.0000	0.0000	0.0000	0.0000
0.9330	0.0062	0.0000	0.0339	0.0000	0.0268	0.0000
1.0000	0.0000	0.0000	0.0000	0.0000	0.0000	0.0000
1.0000	0.0000	0.0000	0.0000	0.0000	0.0000	0.0000
0.0039	0.9850	0.0000	0.0039	0.0000	0.0071	0.0000
0.0000	0.9884	0.0000	0.0115	0.0000	0.0001	0.0000
0.0000	0.0000	1.0000	0.0000	0.0000	0.0000	0.0000
0.0000	0.0000	0.0000	1.0000	0.0000	0.0000	0.0000
0.0003	0.0338	0.0000	0.9562	0.0000	0.0096	0.0000
0.0000	0.0001	0.0000	0.9998	0.0000	0.0001	0.0000
0.0000	0.0000	0.0000	0.0000	0.9999	0.0000	0.0001
0.0000	0.0000	0.0000	0.0000	0.9406	0.0000	0.0594
0.0000	0.0000	0.0000	0.0001	0.0000	0.9999	0.0000
0.0007	0.9118	0.0000	0.0001	0.0000	0.0875	0.0000
0.0000	0.9999	0.0000	0.0000	0.0000	0.0001	0.0000
0.0000	0.0000	0.0000	0.0000	0.0000	0.0000	1.0000
0.0000	0.0000	0.0000	0.0000	0.0000	0.0000	1.0000
0.0000	0.0000	0.0000	0.0000	0.0000	0.0000	1.0000
0.9965	0.0033	0.0000	0.0000	0.0000	0.0000	0.0002
0.0000	0.9996	0.0000	0.0003	0.0000	0.0001	0.0000
0.0000	0.0000	1.0000	0.0000	0.0000	0.0000	0.0000
0.0000	0.0000	1.0000	0.0000	0.0000	0.0000	0.0000
0.0000	0.0000	0.0000	0.0000	1.0000	0.0000	0.0000
0.0000	0.0000	0.0000	0.0000	1.0000	0.0000	0.0000
0.0000	0.0000	0.0000	0.0000	0.0000	1.0000	0.0000
0.0000	0.0000	0.0000	0.0000	0.0000	1.0000	0.0000
0.0000	0.0000	0.0000	0.0000	0.0000	0.0000	1.0000
0.0000	1.0000	0.0000	0.0000	0.0000	0.0000	0.0000
0.0000	1.0000	0.0000	0.0000	0.0000	0.0000	0.0000
0.0000	0.0000	1.0000	0.0000	0.0000	0.0000	0.0000
0.0000	0.0000	0.0000	1.0000	0.0000	0.0000	0.0000
0.0000	0.0000	0.0000	1.0000	0.0000	0.0000	0.0000
0.0000	0.9996	0.0000	0.0000	0.0000	0.0000	0.0004
0.0000	1.0000	0.0000	0.0000	0.0000	0.0000	0.0000
0.0000	0.0000	1.0000	0.0000	0.0000	0.0000	0.0000
0.0000	0.0004	0.9995	0.0000	0.0001	0.0000	0.0000
0.0000	0.2995	0.4698	0.0000	0.0766	0.0000	0.1541
0.0000	0.0000	0.0000	1.0000	0.0000	0.0000	0.0000
0.0011	0.0046	0.0014	0.0000	0.0000	0.9928	0.0000
0.9915	0.0001	0.0000	0.0000	0.0000	0.0084	0.0000
0.0000	0.0000	0.0000	1.0000	0.0000	0.0000	0.0000
0.0000	0.0000	0.0000	1.0000	0.0000	0.0000	0.0000
0.0000	0.0000	0.0000	0.0000	1.0000	0.0000	0.0000
0.0000	0.0000	0.0000	0.0000	1.0000	0.0000	0.0000
0.0000	0.0000	0.0000	0.0000	0.0000	1.0000	0.0000
0.0000	0.0050	0.0003	0.0000	0.0000	0.0007	0.9941
0.0000	0.0093	0.0006	0.0000	0.0000	0.9887	0.0014
