1.0000	0.0000	0.0000	0.0000	0.0000	0.0000	0.0000
0.1111	0.5885	0.0000	0.0024	0.0000	0.2980	0.0000
0.1194	0.8806	0.0000	0.0000	0.0000	0.0000	0.0000
0.0113	0.9878	0.0000	0.0006	0.0000	0.0001	0.0001
0.0000	0.0000	0.9998	0.0000	0.0000	0.0000	0.0002
0.0000	0.0000	1.0000	0.0000	0.0000	0.0000	0.0000
0.0194	0.1666	0.0000	0.2422	0.0000	0.5718	0.0000
0.0000	0.0000	0.0035	0.0000	0.9906	0.0000	0.0059
0.0000	0.0000	0.0000	0.0000	1.0000	0.0000	0.0000
0.0000	0.0000	0.0000	0.0000	1.0000	0.0000	0.0000
0.0020	0.0001	0.0000	0.0020	0.0000	0.9960	0.0000
0.6576	0.1806	0.0000	0.0170	0.0000	0.1445	0.0003
0.0084	0.0004	0.0000	0.0000	0.0000	0.9912	0.0000
0.0000	0.0000	0.0000	0.0000	0.0000	0.0000	1.0000
0.0000	0.0000	0.0000	0.0000	0.0000	0.0000	1.0000
1.0000	0.0000	0.0000	0.0000	0.0000	0.0000	0.0000
1.0000	0.0000	0.0000	0.0000	0.0000	0.0000	0.0000
0.9999	0.0000	0.0000	0.0000	0.0000	0.0000	0.0000
0.4540	0.5186	0.0000	0.0096	0.0000	0.0178	0.0000
0.0000	0.0000	1.0000	0.0000	0.0000	0.0000	0.0000
0.0000	0.0000	1.0000	0.0000	0.0000	0.0000	0.0000
0.0000	0.0000	0.0000	1.0000	0.0000	0.0000	0.0000
0.0000	0.0000	0.0000	1.0000	0.0000	0.0000	0.0000
0.0001	0.0003	0.0000	0.9995	0.0000	0.0001	0.0000
0.0000	0.0000	0.0000	0.0000	0.9936	0.0000	0.0064
0.0000	0.0000	0.0000	0.0000	0.0000	1.0000	0.0000
0.0000	0.0000	0.0000	0.0000	0.0006	0.0000	0.9994
0.0000	1.0000	0.0000	0.0000	0.0000	0.0000	0.0000
0.0000	0.0000	1.0000	0.0000	0.0000	0.0000	0.0000
0.0000	0.0000	0.0000	1.0000	0.0000	0.0000	0.0000
0.0000	0.0000	0.0000	1.0000	0.0000	0.0000	0.0000
0.0000	0.0000	0.0000	1.0000	0.0000	0.0000	0.0000
0.0000	0.0001	0.0000	0.0000	0.0000	0.0000	0.9999
0.0000	0.0000	0.0000	0.0000	0.0000	0.0000	1.0000
0.0000	0.0055	0.0000	0.0000	0.0000	0.0000	0.9945
0.0000	0.9888	0.0000	0.0000	0.0001	0.0000	0.0110
0.0000	0.0000	1.0000	0.0000	0.0000	0.0000	0.0000
0.0000	0.0002	0.0000	0.0000	0.0000	0.0000	0.9998
0.7587	0.0770	0.1365	0.0000	0.0000	0.0077	0.0201
0.0017	0.9937	0.0005	0.0000	0.0000	0.0000	0.0041
0.0000	0.0000	1.0000	0.0000	0.0000	0.0000	0.0000
0.0000	0.0000	0.0000	0.0000	1.0000	0.0000	0.0000
0.0000	0.2009	0.0036	0.0000	0.0000	0.7691	0.0264
0.0000	0.1080	0.0009	0.0000	0.0000	0.7792	0.1120
0.9003	0.0996	0.0000	0.0000	0.0000	0.0000	0.0001
0.0000	0.0000	0.0000	1.0000	0.0000	0.0000	0.0000
0.0000	0.0000	0.0000	0.0000	1.0000	0.0000	0.0000
0.0000	0.0000	0.0000	0.0000	0.0000	0.0000	1.0000
