1.0000	0.0000	0.0000	0.0000	0.0000	0.0000	0.0000
0.9976	0.0006	0.0000	0.0004	0.0000	0.0013	0.0000
0.9999	0.0001	0.0000	0.0000	0.0000	0.0000	0.0000
0.0067	0.9914	0.0001	0.0011	0.0000	0.0001	0.0006
0.0004	0.9970	0.0000	0.0003	0.0000	0.0000	0.0023
0.0000	0.9840	0.0000	0.0016	0.0000	0.0000	0.0143
0.0000	0.0000	1.0000	0.0000	0.0000	0.0000	0.0000
0.0000	0.0000	0.8250	0.0000	0.0005	0.0000	0.1745
0.0000	0.0000	0.0000	0.0000	0.9999	0.0000	0.0001
0.0649	0.0452	0.0003	0.0075	0.0000	0.8818	0.0004
0.0000	0.0000	0.0000	0.0000	0.6380	0.0000	0.3620
0.0000	0.0000	0.0000	0.0000	0.0000	0.0000	1.0000
0.0000	0.0000	0.0000	0.0000	0.0000	0.0000	1.0000
1.0000	0.0000	0.0000	0.0000	0.0000	0.0000	0.0000
0.9991	0.0009	0.0000	0.0000	0.0000	0.0000	0.0000
0.0000	0.0000	1.0000	0.0000	0.0000	0.0000	0.0000
0.0000	0.0000	1.0000	0.0000	0.0000	0.0000	0.0000
0.0000	0.0000	0.0000	1.0000	0.0000	0.0000	0.0000
0.0009	0.0081	0.0013	0.9896	0.0000	0.0000	0.0001
0.4961	0.4651	0.0006	0.0041	0.0001	0.0003	0.0338
0.0000	0.0014	0.0001	0.9985	0.0000	0.0000	0.0000
0.0000	0.0000	0.0000	0.0000	1.0000	0.0000	0.0000
0.0001	0.0000	0.0000	0.0000	0.0000	0.9999	0.0000
0.0000	0.0000	0.0000	0.0000	0.0000	1.0000	0.0000
0.0001	0.0000	0.0000	0.0000	0.0000	0.9999	0.0000
0.0000	0.0000	0.0000	0.0000	0.0000	1.0000	0.0000
0.0000	0.0000	0.0000	0.0000	0.0000	0.0000	1.0000
0.0000	1.0000	0.0000	0.0000	0.0000	0.0000	0.0000
0.0000	0.9998	0.0000	0.0000	0.0000	0.0000	0.0002
0.0000	0.0000	0.0000	1.0000	0.0000	0.0000	0.0000
0.0000	0.0000	0.0000	0.0000	0.0000	0.0000	1.0000
0.0000	0.0029	0.0000	0.0000	0.0000	0.0000	0.9971
0.0000	0.0000	0.9998	0.0000	0.0000	0.0000	0.0002
0.0000	0.0020	0.0943	0.0001	0.0010	0.0004	0.9023
0.0000	0.0000	1.0000	0.0000	0.0000	0.0000	0.0000
0.0000	0.0000	0.0000	1.0000	0.0000	0.0000	0.0000
0.7268	0.0052	0.2378	0.0001	0.0000	0.0296	0.0005
0.0545	0.2921	0.2893	0.0004	0.0000	0.0062	0.3575
0.0003	0.0000	0.0000	0.0000	0.0000	0.0000	0.9997
0.0000	0.0000	0.0000	1.0000	0.0000	0.0000	0.0000
0.0000	0.0000	0.9991	0.0009	0.0000	0.0000	0.0000
0.0000	0.0000	0.9912	0.0048	0.0000	0.0000	0.0040
0.0015	0.0133	0.0088	0.0001	0.0000	0.9731	0.0033
0.0000	0.0000	0.0000	0.0000	0.0000	0.0015	0.9985
0.0000	0.0000	0.0000	0.0000	0.0000	0.0000	1.0000
0.0000	0.0000	0.0000	1.0000	0.0000	0.0000	0.0000
0.0000	0.0000	0.9609	0.0036	0.0000	0.0000	0.0355
0.0000	0.0000	1.0000	0.0000	0.0000	0.0000	0.0000
