0	0	2	5	0	0	7	0	6	0	0	1	0	1	0	0	0	0	0	0	0	0	0	0	1	0	0	0	1	0	0	1	0	0	0	0	0	0	0	0	1	0	47	0	0	0	0	0	0	1	0	0	5	0	0	0	0	0	1	0	1	0	0	0	2	1	0	0	0	0	1	0	0	3	0	0	0	0	0	0	0	2	0	0	0	1	0	0	0	0	0	0	2	0	0	0	0	0	0	0	0	0	2	0	0	0	0	0	0	0	3	0	0	0	1	0	0	0	2	4	0	0	0	1	1	0	0	1	0	0	0	0	6	0	1	0	0	0	0	2	0	0	0	1	2	0	0	0	0	0	0	0	0	0	0	2	0	1	0	0	0	0	10	0	0	0	0	0	0	0	0	0	0	0	0	0	0	0	1	0	2	0	0	0	0	0	0	0	0	1	0	0	0	0	0	0	0	0	0	0	0	0	0	1	0	0	0	613	0	0	1	0	0	0	0	0	0	0	0	0	13	0	0	0	0	0	0	2	0	0	2	0	0	0	2	0	0	0	0	0	0	0	0	0	0	0	2	0	77	0	0	0	0	0	0	0	0	0	0	0	0	1	0	0	0	4	3	1	0	0	0	1	0	3	0	0	0	0	0	1	0	0	0	0	0	0	0	0	0	0	0	0	0	0
0	0	0	12	0	0	23	0	2	0	0	1	0	0	0	0	1	0	0	0	0	0	0	1	0	0	0	0	1	0	0	2	0	0	0	0	0	0	0	0	1	0	66	0	0	0	0	0	0	1	0	0	6	0	0	0	0	0	0	0	1	0	0	0	0	4	0	0	0	0	0	7	0	4	0	0	0	0	0	0	0	3	0	0	0	0	0	0	0	0	0	0	0	0	3	0	0	0	0	0	0	0	0	0	0	1	0	0	1	0	5	0	0	0	3	0	0	0	0	2	0	0	2	0	1	0	0	1	0	0	0	0	7	0	0	0	0	0	0	1	0	0	0	3	6	0	0	1	0	0	0	0	0	0	0	0	1	9	0	0	0	0	5	0	0	0	13	0	0	0	0	0	0	0	0	0	1	0	0	0	12	0	0	0	2	0	0	0	0	0	0	0	0	2	0	3	0	0	0	1	0	0	7	7	0	0	0	1136	0	0	0	0	0	1	0	1	0	0	0	0	24	0	0	0	0	0	0	1	0	0	12	0	0	0	7	0	0	0	0	0	0	0	0	0	0	0	5	0	2	0	0	0	0	0	0	0	0	0	1	0	0	2	0	0	0	1	2	0	0	1	0	12	2	12	0	0	0	0	0	0	0	0	0	0	0	0	0	0	0	0	0	0	0	0
0	0	1	3	0	1	10	0	6	0	0	10	0	0	0	0	0	0	0	0	0	0	0	0	0	0	0	0	0	0	0	0	0	2	0	0	0	0	0	0	0	0	36	0	0	0	0	0	0	0	0	0	4	1	0	1	0	1	2	0	0	0	0	0	0	1	0	0	1	0	0	3	0	1	0	0	2	0	0	0	0	0	0	0	0	0	0	0	0	1	0	0	3	0	2	0	0	0	0	0	0	0	0	0	0	1	0	0	0	1	2	0	0	0	2	0	0	0	0	1	0	0	0	0	0	0	0	0	0	0	0	0	1	0	0	0	0	0	0	3	0	0	0	0	5	0	0	0	0	0	1	0	0	0	0	1	0	4	0	0	0	0	2	0	0	0	4	0	0	0	0	0	0	0	0	0	0	0	0	0	0	0	0	0	2	0	0	0	0	0	0	0	0	1	0	0	0	0	0	0	0	0	1	1	0	0	0	788	0	0	2	0	0	1	0	0	0	0	0	0	15	0	0	0	0	0	1	2	0	0	13	0	0	0	2	0	0	0	1	0	0	0	0	0	0	0	0	0	19	0	0	0	0	0	0	0	1	0	1	0	0	0	0	0	0	5	1	0	0	1	1	1	1	3	1	0	0	0	0	0	0	0	0	0	1	0	1	0	0	0	0	0	0	0
0	0	0	1	0	0	15	0	2	0	0	1	0	1	0	0	0	0	0	0	0	0	0	0	1	0	0	0	1	0	0	0	0	0	0	0	0	1	1	0	1	0	31	0	0	0	0	0	0	1	0	0	3	1	0	0	0	0	0	0	0	0	1	0	0	2	0	0	0	0	0	5	0	0	0	0	0	0	0	0	0	0	0	0	0	0	0	0	0	0	0	0	0	0	0	0	0	0	0	0	0	0	0	1	0	5	0	0	0	0	1	0	0	0	4	0	0	0	0	0	0	1	0	0	0	0	0	0	0	0	0	0	0	0	1	0	0	0	0	0	0	0	0	2	1	0	0	0	0	0	0	0	0	0	0	0	1	0	0	0	0	0	0	0	0	0	3	0	0	0	0	0	0	1	0	0	0	0	2	0	14	0	0	1	0	0	0	0	0	0	0	0	0	1	0	0	0	0	0	0	0	0	0	0	0	0	0	655	0	0	2	0	0	1	0	0	0	0	0	0	16	0	0	0	0	0	1	0	0	0	13	0	0	0	1	0	0	0	0	0	0	3	0	0	0	1	0	0	65	0	0	0	0	0	0	0	1	0	0	1	0	0	0	0	0	4	0	1	0	0	0	0	0	0	0	0	0	0	0	0	0	0	0	0	0	0	0	0	0	1	0	0	0	0
0	0	0	4	0	0	10	0	12	0	0	3	0	0	0	0	0	0	0	0	0	3	0	0	0	0	0	0	0	0	0	0	0	0	2	0	0	0	0	0	5	0	56	0	0	0	0	0	0	0	2	0	11	2	0	0	0	0	3	0	1	0	0	0	1	2	0	0	9	0	0	2	0	1	0	0	0	0	0	0	0	3	0	0	0	0	0	0	0	0	0	0	1	0	0	0	0	0	0	0	0	0	2	0	0	2	0	0	0	0	9	0	0	0	0	0	0	0	1	1	0	0	0	5	4	0	0	0	0	0	0	0	7	0	1	0	0	0	0	0	0	0	0	0	10	0	0	0	0	0	0	0	0	0	0	0	0	12	0	0	0	0	1	0	0	0	13	0	0	0	2	10	3	0	0	0	0	0	3	0	10	0	0	0	10	0	1	0	0	0	0	0	0	2	0	1	0	0	0	0	1	1	0	0	0	0	0	1319	0	0	0	0	0	3	1	0	0	0	0	0	13	0	0	0	0	0	0	1	0	0	23	2	0	0	9	0	0	1	0	2	0	0	0	0	0	0	0	0	10	0	0	0	0	0	0	0	1	0	0	0	0	0	0	0	0	5	2	0	0	0	0	0	0	16	1	0	0	0	0	0	0	0	0	0	0	0	4	0	0	0	0	0	0	0
0	0	0	0	0	0	31	0	7	0	0	5	0	0	0	0	0	0	0	0	0	0	0	0	0	0	0	0	1	0	0	0	0	0	0	0	0	1	0	0	0	0	59	0	0	0	0	0	0	0	0	0	1	0	0	0	0	0	0	0	0	0	0	0	0	5	0	0	0	0	0	8	0	0	4	0	2	0	0	0	0	1	0	0	0	1	0	0	0	1	0	0	3	0	0	0	0	0	0	0	0	0	1	0	0	1	0	0	0	0	2	0	0	0	1	0	0	0	1	0	0	0	8	0	3	0	0	0	0	0	0	0	1	0	0	0	0	0	0	2	0	0	0	0	0	0	0	0	0	0	0	0	0	0	0	1	1	0	0	0	0	0	0	0	0	0	7	0	0	0	0	0	0	0	0	0	0	0	1	0	4	0	0	1	0	0	0	0	0	0	0	0	0	6	0	0	0	0	0	8	0	0	0	0	0	0	0	768	0	0	1	0	1	3	0	0	0	0	0	0	16	0	0	0	0	0	0	1	0	0	21	0	0	0	0	0	1	0	0	0	0	0	0	0	0	0	0	0	38	0	0	0	0	0	0	0	0	0	0	0	0	0	0	0	0	2	3	0	0	3	0	0	0	0	0	0	0	0	0	0	0	0	0	0	0	2	0	0	0	0	0	0	0	0
0	0	0	12	0	0	6	0	8	0	0	1	0	1	0	0	1	0	0	6	0	2	0	0	0	0	0	0	0	0	0	0	0	0	0	0	0	1	0	0	3	0	57	0	0	0	0	0	0	0	0	0	4	0	0	0	0	0	3	0	0	0	0	0	0	4	0	0	2	0	0	4	0	1	0	0	0	0	0	0	0	5	0	0	0	0	0	0	0	0	0	0	2	0	0	0	0	0	0	0	0	0	0	0	0	0	0	0	1	0	3	0	0	1	1	0	0	0	0	0	0	0	0	0	2	0	0	0	0	0	1	0	6	0	0	0	0	0	0	4	0	0	0	0	4	0	0	1	0	0	0	0	0	0	0	0	2	2	0	0	0	0	0	0	0	0	5	0	0	0	0	0	0	0	0	0	0	0	1	0	3	1	0	1	0	0	0	0	0	0	0	0	0	2	1	1	0	0	0	0	0	0	1	3	2	0	0	988	1	0	2	0	0	0	0	0	0	0	0	0	9	0	0	0	0	0	0	0	0	0	3	0	4	0	8	0	0	0	0	0	0	0	0	0	0	0	1	0	22	0	0	0	0	0	0	0	0	0	0	0	0	1	0	0	4	4	6	1	0	0	0	2	6	3	0	1	0	0	0	0	0	0	0	0	0	0	2	0	0	0	0	0	0	0
0	0	0	4	0	0	15	0	4	0	0	0	0	2	0	0	0	0	0	0	0	2	0	0	0	0	0	0	0	0	0	0	0	0	1	0	0	0	0	0	1	0	36	0	0	0	0	0	0	1	1	0	6	0	0	0	0	0	5	0	0	0	0	0	0	0	0	0	10	0	0	0	0	2	2	0	0	0	0	0	0	1	0	0	0	0	0	0	0	0	0	0	0	0	0	0	0	0	0	0	0	0	0	0	0	0	0	0	0	0	10	0	0	0	0	0	0	0	0	0	0	0	3	1	2	0	0	0	0	0	0	0	3	0	0	0	0	0	0	1	0	0	0	1	6	0	0	0	0	0	0	0	0	0	0	0	0	7	0	1	0	0	2	0	0	0	6	0	0	0	0	4	1	0	0	0	0	0	0	0	0	0	0	0	1	0	1	0	0	0	0	0	0	1	0	2	0	0	0	2	0	0	4	1	0	0	0	1020	0	0	1	0	0	0	3	0	0	0	0	0	12	0	0	0	0	0	0	0	0	0	4	1	0	0	15	0	0	0	0	0	0	0	0	0	0	0	0	0	108	0	0	0	0	0	0	0	0	0	1	0	0	1	0	0	0	4	1	3	0	0	0	6	3	20	0	0	0	0	0	0	0	0	0	0	0	1	2	0	0	0	0	0	0	0
0	0	0	6	0	0	9	0	4	0	0	2	0	3	0	0	0	0	0	0	0	1	0	0	0	0	0	0	0	0	0	0	0	0	0	0	0	1	0	0	0	0	50	0	0	0	0	0	0	1	0	0	2	0	0	0	0	0	0	0	0	0	0	0	0	2	0	0	1	0	0	5	0	1	0	0	1	0	0	0	0	2	0	0	0	0	0	0	0	2	0	0	4	0	3	0	0	0	0	0	0	0	0	0	0	0	0	0	0	0	3	0	1	0	5	0	0	0	0	1	0	0	0	0	3	0	0	0	0	0	0	0	4	0	0	0	0	0	0	4	0	0	0	2	4	0	0	1	0	1	0	0	0	0	0	0	0	7	0	0	0	0	0	0	0	0	5	0	0	0	0	2	0	0	0	0	0	1	1	0	7	0	0	0	3	0	0	0	0	0	0	0	0	1	0	1	0	0	0	0	0	0	2	2	0	0	0	763	0	0	0	0	0	1	3	0	0	0	0	0	16	0	0	0	0	0	1	0	0	0	6	0	0	0	5	0	1	0	0	0	0	0	0	0	0	0	1	0	114	0	0	0	0	0	0	1	0	0	0	0	0	3	0	0	0	4	1	6	0	1	0	1	1	11	0	0	0	0	0	0	0	0	0	0	0	0	0	0	0	0	0	0	0	1
0	0	1	3	0	0	4	0	5	0	0	7	0	0	0	0	0	0	0	0	0	1	0	0	0	0	0	0	0	0	0	0	0	2	0	0	0	2	0	0	2	0	29	0	0	0	0	0	0	0	0	0	2	0	0	0	0	0	2	0	1	0	0	0	0	9	0	0	1	0	0	4	0	0	1	0	1	0	0	0	0	5	0	0	0	0	0	0	0	1	0	0	1	0	0	0	0	0	0	0	0	0	2	0	0	0	0	0	1	0	1	0	0	0	1	0	0	0	0	0	1	0	0	1	4	0	0	0	0	0	1	0	3	0	0	0	0	0	0	0	1	0	0	0	3	0	0	3	0	0	1	0	0	0	0	3	3	2	0	0	0	0	0	0	0	0	4	0	0	0	0	1	2	0	0	0	2	0	0	0	2	0	0	0	1	0	0	0	0	0	0	0	0	4	0	1	1	0	0	0	0	1	0	0	0	0	0	739	0	0	1	0	0	0	1	0	0	1	0	0	13	0	0	0	0	0	0	1	0	0	2	0	0	0	4	0	1	0	0	1	0	0	0	0	0	0	0	0	61	0	0	0	0	0	0	1	0	0	0	0	1	0	0	0	0	0	0	1	0	0	0	0	0	4	0	0	0	0	1	0	0	0	0	0	0	0	0	0	0	0	0	0	0	1
0	0	0	4	0	0	13	0	6	0	0	2	0	0	0	0	0	0	0	0	0	0	0	0	0	0	0	0	0	0	0	0	0	0	0	0	0	0	0	0	0	0	57	0	0	0	0	1	0	1	0	0	4	0	0	0	0	0	1	0	0	0	0	1	0	0	0	0	8	0	0	1	0	6	0	0	0	0	0	0	0	1	1	0	1	0	0	0	0	0	0	0	1	0	2	0	0	0	0	0	0	0	3	0	1	0	0	0	1	0	3	0	0	0	3	0	0	0	0	0	0	0	0	0	1	0	0	0	0	0	0	0	0	0	2	0	0	0	0	1	0	0	0	0	12	0	0	0	0	0	0	0	0	0	0	0	0	5	0	0	0	0	3	0	0	0	4	0	0	0	0	3	0	1	0	0	0	0	0	0	4	2	0	0	0	0	0	0	0	0	0	0	0	1	0	0	0	0	0	0	0	0	0	0	0	0	0	1201	1	0	1	0	0	0	1	1	0	0	1	0	11	0	0	3	0	0	0	0	0	1	4	1	0	0	2	0	0	0	0	0	0	0	0	0	0	0	0	0	25	0	0	0	0	0	0	0	0	0	1	0	0	0	0	0	0	4	1	2	0	0	0	1	0	6	0	0	0	0	0	0	0	1	0	0	1	0	0	0	0	0	0	0	0	0
0	0	0	2	0	2	9	0	10	0	0	0	0	0	0	0	0	2	0	0	0	3	0	0	0	0	0	0	0	0	0	0	0	0	0	0	0	0	0	0	0	0	43	0	0	0	0	0	0	3	0	0	15	0	0	0	0	0	0	0	0	0	1	0	0	0	0	0	17	0	0	0	0	1	0	0	0	0	0	0	0	0	1	0	0	0	0	0	0	0	0	0	0	0	0	0	0	0	0	0	0	0	0	0	0	0	0	0	0	0	2	2	0	0	0	0	0	0	0	2	0	0	0	0	0	0	0	0	0	0	1	0	5	0	6	0	0	0	0	14	0	0	0	0	6	0	0	0	0	0	1	0	0	0	0	0	0	4	0	0	0	0	6	0	0	0	1	0	0	0	0	8	0	0	0	0	0	0	0	0	1	3	0	0	0	0	0	0	0	0	0	0	0	0	0	0	0	0	0	0	0	0	1	0	0	0	0	1562	2	0	2	0	0	0	0	0	0	0	0	0	6	0	0	1	0	1	0	0	0	1	4	1	0	0	3	0	0	0	0	0	0	0	0	0	0	0	0	0	38	0	0	0	0	0	0	0	0	0	1	0	0	3	0	0	0	1	0	11	0	0	0	6	0	16	0	0	0	0	0	0	0	0	0	0	0	0	0	0	0	0	0	0	0	0
0	0	2	1	0	0	7	0	5	0	0	0	0	0	0	0	0	1	0	0	0	0	0	0	0	0	0	0	0	0	0	0	0	0	0	0	0	0	0	0	0	0	50	0	0	0	0	0	0	5	0	0	5	0	0	0	0	0	0	0	0	0	0	5	0	0	0	0	18	0	0	2	0	2	0	0	0	0	0	0	0	0	2	0	0	0	0	1	0	0	0	0	0	0	1	0	0	0	0	0	0	0	1	0	0	0	0	0	0	0	4	0	0	0	0	0	0	1	0	0	0	0	0	0	0	0	0	0	0	0	0	0	0	0	5	0	0	0	0	2	0	0	0	0	12	0	0	0	0	0	2	0	0	0	0	0	2	10	0	0	0	0	7	0	0	0	6	0	0	0	0	3	0	6	0	0	0	0	1	0	0	2	0	0	0	0	0	0	0	0	0	0	1	0	0	0	0	0	0	0	0	0	0	0	0	0	0	1031	3	0	0	0	0	0	2	0	0	0	0	0	5	0	0	0	0	0	0	1	0	0	0	1	0	0	6	0	1	0	0	0	0	0	0	0	0	0	0	0	19	0	0	0	0	0	0	0	0	0	0	0	0	1	0	0	0	7	0	3	0	0	0	0	0	12	0	0	0	0	0	0	0	0	0	0	0	0	0	0	0	0	0	0	0	0
0	0	0	4	0	1	1	0	2	0	0	1	0	0	0	0	0	0	0	0	0	1	0	0	0	0	0	0	0	0	0	0	0	0	0	0	0	0	0	0	0	0	39	0	0	0	0	0	0	1	0	0	11	0	0	0	0	0	0	0	0	0	0	0	0	1	0	0	9	0	0	2	0	0	0	0	0	0	0	0	0	0	1	0	0	0	0	0	0	0	0	0	0	0	0	0	0	0	0	0	0	0	1	0	0	0	0	0	0	0	3	0	0	1	0	0	0	0	1	0	0	0	0	0	0	0	0	0	0	0	0	0	1	0	1	0	0	0	0	6	0	0	0	0	6	0	0	0	0	0	0	0	0	0	0	0	0	0	0	0	0	0	0	0	0	0	3	0	0	0	0	1	0	0	0	0	0	0	0	0	0	2	0	0	0	0	0	0	0	0	0	0	0	2	0	0	0	0	0	0	0	0	1	0	0	0	0	744	1	0	1	0	0	0	0	0	0	0	0	0	5	0	0	0	0	0	0	0	0	0	2	0	0	0	3	0	0	0	0	0	0	0	0	0	0	0	0	0	17	0	0	0	0	0	0	0	0	0	2	0	0	1	0	0	0	1	0	5	0	0	0	1	0	9	0	0	0	0	0	1	0	1	0	0	0	0	0	0	0	0	0	0	0	0
0	0	0	2	0	0	12	0	16	0	0	2	0	0	0	0	1	0	0	0	0	1	0	0	0	0	0	0	0	0	0	0	0	0	0	0	0	0	0	0	2	0	90	0	0	0	0	1	0	2	0	0	9	0	0	0	0	0	1	0	0	0	0	5	0	0	0	0	13	0	0	3	0	0	0	0	0	0	0	0	0	2	1	0	1	0	0	0	0	0	0	0	0	0	0	0	0	0	0	0	0	0	0	0	0	0	0	0	1	0	2	0	0	0	3	0	0	0	0	0	0	0	0	1	1	0	0	0	0	0	1	0	0	0	7	0	0	0	0	6	0	0	0	0	11	0	0	0	0	0	0	0	1	0	0	0	0	19	0	0	0	0	14	0	0	0	2	0	0	0	0	2	0	3	0	0	0	0	0	0	7	0	0	0	0	0	0	0	0	1	0	0	0	0	0	2	0	0	0	0	0	0	1	1	0	0	0	1410	0	0	0	0	0	0	0	0	0	1	0	0	22	0	0	0	0	0	0	0	0	2	8	1	0	0	5	0	0	0	0	0	0	0	0	0	0	0	0	0	17	0	0	0	0	0	0	0	0	0	3	0	0	2	0	0	0	1	0	5	0	0	0	3	0	11	0	0	0	0	0	0	0	0	0	0	1	0	1	0	0	0	0	0	0	0
0	0	0	3	0	0	11	0	8	0	0	0	0	0	0	0	3	2	0	0	0	1	0	0	0	0	0	0	0	0	0	0	0	0	0	0	0	0	0	0	6	0	98	0	0	0	0	0	0	0	0	0	11	0	0	0	0	0	0	0	0	0	0	8	0	0	0	0	16	0	0	5	0	4	0	0	0	0	0	0	0	0	0	0	0	0	0	0	0	0	0	0	0	0	3	0	0	0	0	0	0	0	1	0	0	0	0	0	0	0	7	0	0	0	0	0	0	0	0	1	0	0	0	0	0	0	0	0	0	0	0	0	6	0	2	0	0	0	0	6	0	0	0	0	11	0	0	0	0	0	0	0	0	0	0	0	1	7	0	0	0	0	8	0	0	0	2	0	0	0	0	1	0	1	0	0	0	0	0	0	0	0	0	0	0	0	0	0	0	3	0	0	0	0	0	4	0	0	0	0	0	0	0	5	0	0	0	694	0	0	1	0	0	0	0	1	0	1	0	0	14	0	0	0	0	0	0	0	0	0	2	11	0	0	7	0	0	0	0	0	0	0	0	0	0	0	0	0	29	0	0	0	0	0	0	0	0	0	2	0	0	2	0	0	0	9	0	2	0	0	0	2	0	7	0	0	1	0	0	0	0	0	0	0	0	0	4	0	0	0	0	0	0	0
0	0	2	1	0	0	11	0	4	0	0	5	0	0	0	0	0	1	0	0	0	0	0	0	0	0	0	0	0	0	0	0	0	1	0	0	0	0	0	0	1	0	41	0	0	0	0	0	0	0	0	0	14	0	0	0	0	0	0	0	0	0	0	0	0	5	0	0	1	0	0	1	0	0	0	0	0	0	0	0	0	2	0	0	0	0	0	0	0	0	0	0	0	0	0	0	0	0	0	0	0	0	1	0	0	0	0	0	1	0	2	1	0	0	2	0	0	0	0	6	0	0	0	0	0	0	0	0	0	0	0	0	4	0	0	0	0	0	0	2	0	0	0	0	1	0	0	0	0	0	0	0	0	0	1	0	0	3	0	0	0	0	4	0	0	0	3	0	0	0	0	3	0	0	0	0	0	0	0	0	2	0	0	0	0	0	0	0	0	0	0	0	0	1	0	0	0	0	0	0	0	0	0	0	0	0	0	583	0	0	2	0	0	0	1	0	0	0	1	0	5	0	0	1	0	0	0	0	0	1	1	0	0	0	0	0	1	0	0	0	0	0	0	0	0	0	0	0	15	0	0	0	0	0	0	0	0	0	0	0	0	2	0	0	0	0	0	1	0	0	0	7	0	1	0	0	0	0	0	0	0	0	0	0	0	0	0	0	0	0	0	0	0	0
0	0	0	2	0	0	7	0	4	0	0	2	0	0	0	0	0	0	0	0	0	0	0	0	0	0	0	0	0	0	0	0	0	0	0	0	0	0	0	0	0	0	22	0	0	0	0	2	0	0	0	0	0	0	0	0	0	0	1	0	0	0	0	0	0	0	0	0	1	0	0	0	0	1	0	0	0	0	0	0	0	1	0	0	1	0	0	0	0	0	0	0	0	0	0	0	2	0	0	0	0	0	1	0	1	0	0	0	1	0	1	0	0	0	4	0	0	0	0	0	0	0	0	2	1	1	0	0	0	0	0	0	0	0	1	0	0	0	0	0	0	0	0	1	3	0	0	1	0	0	0	0	1	0	0	0	1	26	0	0	0	0	28	0	0	0	1	0	0	0	0	2	0	0	0	0	0	0	1	0	8	1	0	0	0	0	0	0	0	0	0	0	1	0	0	0	0	0	0	0	0	0	0	0	0	0	0	749	0	0	0	0	0	2	0	0	0	0	0	0	8	0	0	2	0	0	0	1	0	2	6	0	0	0	1	0	0	0	0	0	0	0	0	0	0	0	0	0	10	0	0	0	0	0	0	0	0	0	0	0	0	0	0	0	0	1	0	0	0	0	0	1	0	2	0	0	0	0	0	0	0	0	0	0	1	0	0	0	0	0	0	0	0	0
2	0	1	0	0	0	55	0	1	0	1	0	3	1	7	0	0	0	16	0	0	1	0	0	0	0	2	0	0	2	2	0	3	0	0	0	0	0	1	0	5	0	50	4	3	0	0	0	0	0	0	10	4	0	2	0	1	1	5	4	0	1	2	5	0	2	0	1	0	0	0	1	3	0	5	0	0	0	10	0	0	0	4	0	0	0	0	2	1	2	0	0	2	0	0	4	0	5	0	1	1	1	1	2	0	2	0	0	9	16	14	1	0	0	0	0	0	0	0	0	4	1	0	0	0	7	9	0	1	64	0	0	0	0	6	32	0	0	0	10	0	0	1	0	11	0	0	0	2	0	0	1	0	0	2	4	0	1	6	0	1	2	0	0	9	0	48	1	0	6	0	10	0	0	0	0	0	0	17	2	8	1	0	0	0	1	0	0	0	1	10	1	0	0	9	0	8	0	0	15	8	0	6	0	35	0	2	67	0	0	0	16	0	93	0	1	1	0	0	0	6	0	3	37	0	1	1	0	2	0	0	0	1	2	0	2	0	6	0	0	0	3	0	2	5	3	3	0	62	0	34	5	1	0	0	0	0	0	1	0	0	0	1	0	0	16	0	20	0	0	1	0	0	11	0	0	0	0	1	4	1	0	0	0	0	0	0	1	3	0	0	0	0	7
4	0	2	0	0	0	79	0	3	0	0	8	1	0	11	0	0	0	12	0	0	0	0	0	0	0	0	0	0	0	1	0	0	0	0	0	1	1	0	0	0	0	38	2	3	1	0	0	0	0	0	18	1	0	1	0	0	0	15	1	0	0	0	3	0	1	0	0	1	0	1	0	4	0	4	0	0	0	11	0	0	1	0	0	0	0	0	3	0	0	0	0	0	0	0	1	0	13	0	0	0	1	0	1	0	0	0	0	3	10	5	0	0	0	3	0	1	0	0	0	6	2	0	0	0	6	8	0	0	43	0	0	0	0	1	12	0	0	0	2	0	0	0	0	5	0	0	0	1	0	0	1	0	0	0	2	0	0	2	0	1	1	0	2	32	0	140	0	0	1	0	3	0	0	3	1	0	0	8	0	3	0	0	0	1	0	0	0	0	0	2	0	0	1	9	0	7	1	0	9	10	0	1	1	30	0	1	28	0	0	0	9	0	79	1	0	0	0	0	0	0	0	2	29	0	2	0	0	0	0	0	0	0	6	0	1	0	3	0	0	0	1	0	1	1	2	8	0	39	0	19	2	0	0	0	0	0	1	0	0	0	0	0	0	0	14	0	11	4	0	0	0	0	11	0	0	0	0	0	2	0	0	0	0	0	0	0	0	1	0	0	0	0	8
4	2	2	0	0	0	56	0	2	1	1	1	4	1	7	0	0	0	13	0	1	1	0	0	0	0	1	0	0	0	0	0	0	0	0	0	0	0	0	1	0	5	29	1	2	0	0	0	0	4	0	36	2	0	0	1	3	2	9	4	0	0	0	5	0	0	0	3	0	0	0	1	2	0	3	0	0	1	6	0	0	0	1	0	0	0	0	0	3	6	0	0	3	0	0	0	0	8	0	1	2	1	0	2	0	2	0	0	0	11	6	0	0	0	0	0	0	3	0	0	5	3	0	0	0	13	5	0	2	55	0	1	0	0	1	10	0	0	0	7	0	1	0	0	10	0	0	0	1	0	0	7	1	0	0	15	0	7	1	0	1	9	0	0	26	0	56	4	0	4	0	1	0	1	6	0	0	0	32	4	11	0	0	0	0	0	0	0	0	0	8	1	0	0	10	1	9	1	0	11	5	0	8	1	13	0	6	24	0	0	3	9	0	103	0	0	2	0	0	0	5	0	3	38	0	1	0	0	0	0	0	0	0	4	0	5	0	6	0	0	1	1	0	2	6	2	3	0	72	0	20	0	0	2	0	0	0	0	2	0	0	4	0	0	0	19	0	12	5	1	0	0	0	22	0	0	0	0	0	3	2	0	0	2	0	0	0	0	5	0	0	0	0	9
1	0	3	0	0	0	173	0	5	0	10	2	1	0	3	1	0	0	3	0	0	3	0	0	0	0	2	0	0	0	1	0	1	0	0	0	1	1	0	0	0	0	82	0	1	0	0	0	0	0	0	45	3	0	4	0	0	0	12	0	0	1	0	6	0	0	1	0	2	0	1	0	1	0	1	0	0	0	3	0	0	0	0	0	0	0	0	2	0	0	1	0	1	0	0	4	0	8	0	0	0	0	0	1	0	0	0	0	13	2	8	1	0	0	0	1	1	0	0	0	5	1	0	0	0	5	2	0	0	18	0	0	0	0	3	63	0	0	0	15	0	0	3	0	6	1	0	0	0	0	0	8	0	0	2	1	0	0	0	1	0	1	0	1	51	3	84	2	0	1	0	4	0	0	0	0	0	0	16	2	0	0	0	0	0	0	0	0	0	0	1	0	0	0	4	0	2	3	0	1	5	0	1	1	14	1	0	51	0	0	0	2	0	25	2	0	2	0	0	0	11	0	0	70	0	0	0	0	0	0	0	0	0	12	0	2	0	0	0	0	0	11	0	2	1	0	5	2	42	0	0	2	0	0	0	0	0	4	0	0	0	0	0	0	0	41	0	29	4	0	0	0	0	12	0	0	0	0	0	0	2	0	0	1	0	0	0	0	1	0	0	1	0	6
2	0	6	0	0	0	61	0	6	0	0	3	4	1	5	1	0	0	2	0	2	0	1	0	0	1	0	0	0	0	0	0	0	1	0	0	1	0	2	0	0	0	41	0	2	1	0	0	0	0	0	40	6	0	0	0	0	0	2	1	0	2	2	3	0	2	0	1	2	0	0	0	1	0	0	0	0	0	6	0	0	1	3	0	0	1	0	1	2	1	0	1	3	0	0	7	0	13	0	1	1	0	1	3	0	1	0	0	7	2	9	2	0	0	1	0	2	2	0	0	5	2	0	0	0	9	2	0	1	15	0	0	0	0	7	36	0	0	0	14	0	2	0	0	6	0	1	0	2	0	0	4	0	0	0	0	0	1	3	0	1	1	1	0	45	0	34	0	0	2	0	6	0	1	6	0	0	0	23	7	2	1	0	0	0	1	0	0	0	0	2	0	0	1	9	0	7	1	0	4	2	0	4	0	15	1	2	69	0	0	1	5	0	37	3	2	0	0	0	0	1	0	1	36	0	1	0	0	0	0	0	0	0	13	0	12	0	1	0	0	0	3	0	5	8	3	1	2	69	0	4	2	0	0	0	0	0	5	0	0	0	0	0	0	0	18	0	19	0	0	0	1	0	9	0	0	0	0	0	1	0	0	0	0	0	0	0	2	8	0	0	0	0	5
0	0	0	0	0	0	269	3	0	0	4	4	0	0	0	0	0	0	3	0	1	0	3	0	0	0	3	0	0	0	0	0	0	0	0	1	0	0	0	0	0	0	44	0	0	0	0	1	0	0	0	39	1	0	0	2	1	0	23	0	0	0	0	1	0	0	0	0	0	0	0	0	0	0	0	0	3	0	6	2	1	0	0	0	0	0	0	0	3	0	0	2	1	0	0	0	0	4	0	0	0	1	0	6	0	0	0	0	0	3	3	0	0	0	1	0	1	1	0	0	2	1	0	1	0	1	1	0	0	10	0	0	0	1	0	0	0	0	0	1	0	0	1	0	3	0	0	0	0	0	0	5	0	0	0	0	0	1	0	0	0	0	1	0	75	2	264	0	0	5	0	4	0	0	1	0	0	0	7	8	0	0	0	0	2	0	0	0	0	0	0	0	0	0	1	0	2	4	0	4	0	0	1	0	7	0	0	51	0	0	1	2	0	28	0	0	0	0	0	0	2	0	0	97	0	0	0	0	0	1	0	0	0	12	0	8	0	1	0	0	0	11	1	0	8	0	19	2	15	1	4	0	1	0	0	0	0	2	2	0	0	0	0	0	0	39	0	7	1	1	0	0	0	3	0	0	0	0	0	0	0	0	0	0	0	0	0	0	4	0	0	0	0	12
3	0	3	0	0	0	110	0	2	0	2	1	0	0	8	0	0	0	11	0	2	0	0	0	0	0	2	0	0	2	1	0	2	0	0	0	1	0	1	1	0	0	42	4	1	1	0	0	0	0	0	35	3	0	1	0	1	3	4	0	0	0	0	1	0	0	1	1	0	0	0	0	0	0	5	0	0	0	3	0	0	0	0	0	0	0	0	1	0	0	0	0	2	0	0	1	0	8	0	1	0	0	0	3	0	0	0	0	0	7	0	1	0	0	1	0	1	2	0	0	3	2	0	0	0	5	3	0	0	55	0	0	0	0	1	7	0	0	0	6	0	0	0	0	7	0	1	0	0	0	0	0	0	0	0	2	1	4	3	0	3	2	6	0	39	0	62	1	0	12	0	1	0	1	2	0	0	0	21	7	0	0	0	0	0	0	0	0	0	2	3	0	0	0	2	1	4	4	0	10	5	0	1	0	22	0	0	27	0	0	5	8	0	36	0	0	0	1	0	0	4	0	0	61	0	0	0	0	0	0	0	0	0	11	0	5	0	10	0	0	0	7	0	2	3	0	3	0	18	0	11	5	1	0	0	0	0	2	2	0	0	0	1	0	0	19	0	9	3	1	1	0	0	5	0	0	0	0	1	0	1	0	0	0	0	0	0	0	3	0	0	0	0	4
0	0	2	0	0	0	75	0	6	0	1	0	1	0	12	3	0	0	2	0	0	1	0	1	1	0	0	0	0	0	1	0	0	1	0	0	0	0	1	0	0	0	47	0	1	0	0	0	0	1	0	4	1	0	0	0	1	0	32	0	0	1	0	0	0	3	0	0	1	0	0	0	0	0	0	0	1	0	1	0	0	0	1	0	0	1	0	0	0	0	0	0	1	0	0	3	0	9	0	1	1	0	0	2	0	0	0	0	0	5	3	0	0	0	0	0	0	0	0	0	1	0	0	0	0	12	2	0	0	23	1	0	0	0	2	41	0	0	0	5	0	0	1	0	9	0	4	0	1	0	0	1	0	0	0	3	0	1	5	0	0	1	0	0	14	0	144	0	0	1	0	2	0	0	2	0	0	0	22	0	0	0	1	0	0	2	0	0	0	0	3	0	0	0	9	0	4	1	0	3	1	0	1	0	19	1	0	37	0	0	0	9	0	26	1	0	1	0	0	0	3	0	0	34	0	0	0	0	0	0	0	0	0	3	0	1	0	1	0	0	0	3	0	5	0	0	9	0	41	0	6	3	0	1	0	0	0	1	0	0	0	0	0	0	0	13	0	4	3	0	0	0	0	8	0	0	1	0	0	0	0	0	0	0	0	0	0	0	0	0	0	0	0	5
2	0	0	0	0	0	96	0	7	0	1	11	0	1	3	1	0	0	1	0	0	1	0	0	0	0	1	1	0	1	0	0	1	0	0	0	0	2	1	1	0	1	84	2	0	1	0	0	0	1	0	30	5	0	1	0	1	0	18	0	0	0	0	5	0	1	2	0	2	0	2	0	0	0	0	0	0	0	6	0	0	1	1	0	0	0	0	1	1	2	0	0	5	0	0	0	0	13	0	0	1	0	0	0	0	0	0	0	14	0	10	2	0	0	2	0	1	2	0	0	1	0	0	0	0	7	0	0	1	3	0	0	0	0	1	54	0	0	0	20	0	1	1	0	12	1	1	0	0	0	0	5	0	0	0	2	0	3	1	0	0	0	4	0	48	0	134	4	0	2	0	11	0	1	8	1	0	0	30	0	2	0	0	0	0	0	0	0	0	0	1	0	0	2	4	2	9	2	0	1	0	0	2	2	8	0	1	125	0	0	5	2	0	23	0	0	0	1	1	0	6	0	0	28	0	0	0	0	0	0	0	0	1	1	0	2	0	2	0	0	1	2	0	2	1	0	8	1	65	0	6	3	0	0	0	0	0	1	2	0	0	1	0	0	0	18	0	19	1	0	0	0	0	23	0	0	0	0	0	1	1	0	0	0	0	0	0	0	0	0	0	0	0	5
1	0	2	0	0	0	294	0	0	0	7	0	1	0	5	0	0	0	1	0	1	1	0	0	0	0	4	0	0	0	0	0	0	0	0	0	0	0	0	0	0	0	51	0	0	0	0	0	0	0	0	12	0	0	0	0	0	0	10	1	0	0	1	1	0	0	0	0	0	0	0	2	0	0	1	0	0	0	5	0	5	1	2	0	0	0	0	0	1	0	1	0	0	0	0	1	0	2	0	0	0	0	0	8	0	1	0	0	0	1	4	0	0	0	0	1	0	1	0	0	1	0	0	0	0	5	4	0	0	9	2	0	0	0	0	7	0	0	0	0	0	0	2	0	0	0	0	0	0	0	0	2	0	0	1	1	0	0	2	1	0	0	0	0	33	1	91	0	0	8	0	0	0	0	2	0	0	0	2	9	3	0	1	0	0	0	0	0	0	0	2	1	0	0	6	0	2	12	0	1	1	0	1	0	6	0	1	2	0	0	0	6	0	27	0	1	1	0	0	0	7	0	1	139	0	0	0	0	0	0	0	0	0	7	0	12	0	1	0	0	0	29	0	1	7	3	4	0	14	0	3	1	3	0	0	0	0	3	0	0	0	1	0	0	0	26	0	5	7	0	2	0	0	5	0	0	0	0	0	0	2	0	15	2	0	0	0	1	8	0	0	0	0	0
2	0	0	0	0	0	0	0	14	0	0	6	0	0	2	1	1	0	1	0	2	2	1	1	0	0	1	0	0	0	0	0	0	0	0	0	0	1	0	4	8	0	41	0	0	4	0	0	0	1	0	3	4	0	0	0	0	0	4	1	0	0	2	1	0	0	1	0	1	0	1	1	0	0	1	0	0	2	0	0	0	3	4	0	0	0	0	0	0	2	0	0	6	0	0	0	0	0	0	0	0	2	0	0	0	1	0	0	10	5	18	0	0	0	6	2	0	0	0	0	3	0	0	0	0	4	2	0	0	9	0	0	0	0	3	49	0	0	0	17	0	1	0	0	19	0	0	0	0	0	0	1	0	0	0	0	1	14	2	0	0	1	20	0	1	0	16	3	0	0	0	3	0	0	5	0	0	0	48	0	5	2	1	0	0	0	0	0	0	1	0	0	0	2	0	4	2	0	0	2	0	0	4	2	8	0	0	190	0	1	0	5	0	16	2	0	0	0	0	0	34	0	1	2	0	2	0	0	0	0	0	0	0	0	0	1	0	1	0	0	1	0	0	2	0	1	0	0	159	0	3	1	0	0	0	0	0	0	1	0	0	0	0	0	0	2	0	12	1	0	0	0	0	28	0	0	0	0	1	0	0	0	0	0	0	0	0	0	0	2	0	1	0	0
1	0	0	0	0	0	114	0	7	0	2	1	0	0	1	0	0	0	0	0	1	0	0	0	0	3	1	0	0	0	0	0	0	0	0	2	0	0	0	0	3	0	84	0	0	2	0	0	0	2	0	6	5	0	1	0	0	0	6	0	0	0	0	0	0	0	0	0	0	0	1	0	0	0	0	0	0	2	1	0	0	1	3	0	0	0	0	0	0	0	0	0	2	0	0	0	0	0	0	0	0	1	0	1	0	0	0	0	5	4	10	0	0	0	1	2	0	0	0	0	0	0	0	0	0	0	2	1	0	3	0	0	0	0	4	16	0	0	0	17	0	0	0	0	8	2	0	0	0	0	0	0	0	0	1	0	1	1	0	0	0	1	7	0	34	0	62	0	1	0	0	1	0	0	2	0	0	0	20	0	4	1	0	0	0	0	0	0	0	0	0	0	0	0	0	1	2	0	0	1	0	0	3	3	2	0	0	119	0	0	0	2	0	5	2	3	0	0	0	0	22	0	0	56	0	0	0	0	0	0	0	0	2	12	0	4	0	0	0	0	0	2	0	0	0	0	4	0	99	0	2	0	0	0	0	0	0	0	1	0	0	1	0	0	0	24	0	21	1	0	0	0	0	23	0	0	0	0	0	0	0	0	2	0	0	0	0	0	1	0	0	0	0	0
1	0	21	0	0	0	16	2	20	0	0	8	0	0	3	1	0	0	0	0	3	3	1	0	0	0	0	0	0	0	0	0	0	0	0	0	0	1	0	0	6	0	40	0	2	0	0	0	0	4	0	0	1	0	0	0	0	1	3	0	0	0	1	2	0	0	0	0	1	0	0	7	2	0	1	0	3	7	0	0	0	9	2	2	0	0	0	0	0	0	0	1	12	0	0	0	0	0	0	0	0	15	0	0	0	31	0	0	11	3	8	0	0	0	4	1	0	0	0	0	0	1	0	0	0	1	1	0	0	13	0	0	0	0	1	49	0	0	0	9	0	0	0	0	17	0	1	0	0	0	0	24	0	0	0	0	0	9	1	0	0	0	80	0	2	0	33	0	0	0	9	8	0	1	9	0	1	0	53	0	41	0	7	1	0	0	0	0	0	1	0	1	0	0	0	3	0	0	0	0	0	0	7	2	14	0	1	260	0	0	0	0	0	14	3	0	0	0	0	0	14	0	1	11	0	0	0	0	1	0	0	0	3	0	0	0	0	0	0	0	0	0	0	0	2	0	1	1	137	0	3	2	0	0	0	0	0	0	1	0	0	1	0	0	0	2	0	14	4	0	0	0	0	20	0	0	0	0	1	2	1	0	0	0	2	0	0	6	0	0	0	3	0	3
0	2	0	0	0	0	25	0	9	0	1	6	0	2	8	2	2	0	1	0	0	2	0	0	0	2	3	0	0	0	0	0	0	3	0	0	0	0	1	0	1	0	86	0	0	1	0	0	0	0	0	6	9	1	0	0	0	0	8	0	1	0	0	1	0	0	0	0	0	0	2	4	0	0	0	0	3	1	3	0	0	0	0	1	0	0	0	0	0	4	0	0	12	0	0	0	0	0	0	0	0	2	0	0	0	0	0	0	1	1	8	0	0	0	5	4	0	0	0	0	4	0	0	1	0	6	0	1	0	9	0	0	0	0	2	4	0	0	0	9	0	0	0	0	27	0	0	0	0	0	0	14	0	0	0	0	1	12	3	1	3	2	25	0	10	0	45	0	0	0	5	3	1	2	2	0	1	0	18	0	9	1	2	1	0	0	0	0	0	2	1	1	0	1	0	3	9	0	0	6	0	0	1	0	11	0	0	240	0	2	0	0	0	21	0	2	0	0	0	0	40	0	1	32	0	0	0	0	0	0	0	0	1	1	0	3	0	3	1	0	0	1	0	1	1	1	0	1	92	0	0	0	0	0	0	0	0	0	5	0	0	0	0	0	0	6	0	17	4	0	0	0	0	22	0	0	0	0	0	0	0	0	0	0	0	0	0	0	0	0	0	0	0	2
1	5	0	0	0	0	24	0	23	0	1	9	0	1	5	0	2	0	5	0	2	2	0	0	0	1	0	0	0	0	0	0	0	1	0	1	0	1	1	0	15	0	107	0	0	1	0	0	0	2	0	2	3	2	0	0	0	0	20	0	0	0	0	9	0	3	0	0	0	0	0	1	3	0	0	0	0	2	0	0	0	3	3	7	0	0	0	0	1	1	0	2	2	0	0	0	0	0	0	0	0	1	0	0	0	0	0	0	11	7	18	0	0	0	7	5	0	0	0	0	5	0	0	2	0	3	1	0	0	6	0	0	0	0	1	70	0	0	0	21	0	0	0	0	25	2	0	0	0	0	0	0	0	0	1	0	0	52	0	1	2	0	3	0	18	0	27	1	0	0	1	3	2	5	2	0	0	0	18	0	1	0	3	0	0	0	0	0	1	0	0	0	0	2	0	2	3	0	0	0	0	0	1	2	9	0	0	222	0	0	0	2	0	17	2	0	0	0	0	0	18	0	1	28	0	0	0	0	0	0	0	0	0	4	0	1	0	1	2	2	0	5	0	0	1	0	2	0	97	0	1	0	0	0	0	0	0	0	3	0	0	1	0	0	0	9	0	26	0	0	0	0	0	41	0	0	0	0	1	2	2	1	1	0	0	0	0	0	1	3	0	0	0	0
2	2	0	0	0	0	34	1	13	0	0	2	0	0	2	0	1	0	7	0	1	1	0	0	0	5	0	0	0	1	0	0	2	1	0	0	0	1	0	1	7	0	54	0	0	4	0	0	0	0	2	5	1	0	0	0	0	0	4	0	0	0	0	7	0	0	2	0	1	0	0	1	1	0	0	0	0	0	0	0	0	3	3	3	0	0	0	0	0	5	0	1	3	0	0	0	0	0	0	0	0	0	0	0	0	0	0	0	13	4	27	0	0	0	12	5	0	0	0	0	5	0	0	0	0	4	1	0	0	16	0	0	0	0	4	51	0	0	0	25	1	1	1	0	22	0	0	0	0	0	0	1	0	0	0	0	0	50	2	1	0	0	12	0	10	0	49	4	1	1	0	7	0	2	4	0	0	0	24	1	0	1	1	0	0	0	0	0	0	0	0	0	0	1	2	4	1	0	0	1	0	0	6	3	12	0	1	93	0	1	0	4	0	24	1	2	0	0	0	0	8	0	2	30	0	0	0	0	1	0	0	0	1	0	0	1	0	2	1	0	0	0	0	3	1	0	0	0	101	2	2	2	0	0	0	0	0	0	1	0	0	0	0	0	0	12	0	42	7	0	0	0	0	51	0	0	0	0	1	1	1	0	0	0	1	0	0	0	0	2	0	0	0	1
0	0	0	0	0	0	53	0	12	0	1	5	0	0	2	0	0	0	1	1	2	3	0	1	0	1	0	0	0	0	0	0	1	0	0	1	0	0	0	6	7	0	104	0	0	0	0	0	0	0	0	2	0	0	0	0	0	0	8	1	0	0	1	1	0	0	0	0	1	0	0	3	0	0	0	0	2	1	0	0	0	1	2	0	0	0	0	0	0	2	0	0	8	0	0	1	0	0	0	0	0	0	0	0	0	0	0	0	1	2	20	0	1	0	1	3	0	1	0	0	3	0	0	0	0	3	0	0	0	5	0	0	0	0	0	23	0	0	0	10	0	0	0	0	14	0	1	0	0	0	0	6	0	0	0	0	0	8	1	0	0	0	16	0	23	0	47	2	0	0	1	1	0	0	2	0	0	1	15	0	8	1	1	0	0	0	0	0	0	0	0	0	0	3	1	1	0	0	0	0	0	0	0	2	5	0	0	145	0	0	0	4	0	11	0	0	0	0	0	0	3	0	1	38	0	3	0	0	0	0	0	0	1	4	0	0	0	3	0	0	0	1	0	3	0	0	0	1	54	0	0	0	0	0	1	0	0	0	1	0	0	0	0	0	0	18	0	20	5	0	0	0	0	34	0	0	0	0	0	0	0	0	0	0	0	0	0	0	1	2	0	0	0	1
0	1	0	0	0	0	25	0	21	0	2	2	0	0	1	0	0	0	4	0	0	4	0	0	0	1	1	0	0	0	0	0	3	0	0	0	0	0	0	0	5	0	116	0	0	2	0	0	0	3	3	9	4	1	0	0	0	0	5	0	0	0	0	2	0	0	2	0	5	0	0	5	0	0	2	0	1	1	0	0	0	2	8	1	0	0	0	0	0	5	0	0	6	0	0	0	0	0	0	0	0	3	0	0	0	2	0	0	6	8	23	0	0	0	6	1	0	0	0	0	2	0	0	0	0	1	0	0	0	13	0	0	3	0	2	17	0	0	0	16	1	2	2	0	24	2	0	0	0	0	0	6	0	0	1	0	0	35	4	2	0	1	48	0	17	0	55	1	0	0	2	4	0	0	2	0	0	0	38	2	11	0	3	1	0	0	0	0	0	0	0	0	0	0	3	0	0	0	0	0	0	0	3	1	8	0	0	161	0	0	0	0	0	12	5	0	0	0	1	0	15	0	2	21	0	0	0	0	0	0	0	0	2	3	0	0	1	4	0	0	0	2	0	1	1	0	2	1	83	1	2	0	0	0	0	0	0	0	1	0	0	1	0	0	0	4	0	18	10	0	0	0	0	31	0	0	0	0	0	0	0	1	2	0	0	0	0	0	0	0	0	0	0	0
0	0	0	0	0	0	4	0	3	0	0	8	0	0	0	0	0	0	0	1	0	0	0	0	1	1	0	0	0	0	0	0	0	0	0	0	0	0	0	0	0	0	15	0	0	0	0	0	0	0	0	0	0	0	0	0	0	0	5	0	0	0	0	0	0	4	0	0	0	0	0	7	0	0	0	1	0	0	0	0	0	0	0	1	0	0	0	0	0	0	0	0	0	0	0	0	0	0	0	0	0	0	1	0	0	0	0	0	0	0	0	0	1	0	0	0	0	0	0	0	0	0	0	0	0	0	0	0	0	0	1	0	0	0	0	0	0	0	0	2	0	0	0	0	5	0	0	0	0	0	0	1	0	0	0	0	0	36	0	0	0	0	7	0	0	0	3	0	0	0	0	0	0	0	0	0	0	0	0	0	1	0	1	0	0	0	0	0	1	0	0	0	0	6	0	0	0	0	0	0	0	0	0	0	0	0	0	464	0	0	0	0	0	0	0	0	0	0	0	0	0	0	0	1	0	0	0	0	0	0	0	0	0	0	0	0	1	0	0	4	0	0	2	0	0	0	0	0	2	0	0	0	0	0	0	0	0	1	4	0	0	0	0	0	0	0	0	0	0	1	0	0	0	2	0	1	0	0	0	0	0	0	0	0	0	0	0	0	0	1	0	0	5	0
0	0	0	1	0	0	11	0	5	0	0	8	2	0	0	0	0	0	0	0	0	1	0	0	0	0	0	0	0	0	0	0	0	0	0	0	0	0	0	0	3	0	23	0	0	0	1	0	0	1	0	0	1	0	0	0	4	0	6	0	0	0	0	0	0	1	0	0	2	0	0	17	0	0	0	0	2	0	0	0	1	0	0	0	2	0	0	0	1	1	0	0	5	0	0	0	0	0	1	0	0	0	8	0	1	0	7	0	0	0	0	0	0	0	1	0	0	1	1	0	0	0	0	1	13	0	0	0	0	1	0	1	0	0	0	0	0	0	1	2	0	0	0	0	17	0	0	0	0	0	2	0	1	0	0	0	0	52	0	0	0	0	24	0	0	0	34	0	0	0	0	1	0	0	0	0	0	0	0	0	5	0	0	3	0	0	0	0	0	0	0	0	0	1	0	0	0	0	0	0	0	0	2	1	0	0	0	734	0	0	0	0	0	0	0	0	0	1	0	2	6	1	0	4	0	0	1	1	0	0	0	0	0	0	8	0	0	0	0	0	0	0	0	0	0	0	0	0	10	0	0	0	0	3	1	4	1	0	3	0	0	0	0	0	0	0	1	2	0	0	0	0	0	3	0	0	0	1	0	0	1	0	0	0	0	1	0	0	1	0	0	0	0	0
0	0	1	0	0	0	1	0	3	0	0	5	0	1	0	0	0	0	0	1	0	0	0	0	0	1	0	1	0	0	0	0	0	0	0	0	0	0	0	1	0	0	23	0	0	0	0	0	0	0	1	0	0	0	0	0	1	0	5	0	0	0	0	0	1	0	0	0	0	0	0	7	0	0	0	1	0	0	0	0	0	0	0	0	1	0	0	0	0	0	0	0	3	0	1	0	0	0	1	0	0	0	0	0	2	0	11	0	0	0	0	0	0	0	0	0	0	0	1	0	0	0	0	0	15	0	0	0	0	0	1	0	0	0	0	0	0	0	1	1	0	0	0	0	7	0	0	0	0	0	5	0	0	0	0	0	0	13	0	0	0	0	8	0	0	0	22	0	0	1	1	1	1	0	0	0	0	0	0	0	2	0	0	1	2	0	0	0	0	0	0	0	1	0	0	1	0	0	0	0	0	0	1	0	0	0	0	589	0	0	0	0	0	0	0	0	0	1	0	2	4	1	0	5	0	0	0	0	0	0	0	0	1	0	1	0	0	0	0	0	0	0	2	0	0	0	0	1	13	0	0	0	0	1	0	4	0	0	3	0	0	0	0	3	0	0	0	1	2	0	0	0	0	1	1	0	1	0	0	0	1	0	0	0	0	0	0	0	0	0	0	0	0	0
0	0	0	0	0	0	1	0	7	0	0	5	0	0	0	3	0	1	0	0	0	0	0	0	0	0	0	0	0	0	0	0	0	0	1	0	0	1	0	1	0	0	15	0	0	0	0	0	0	0	0	0	5	1	0	0	0	0	2	0	0	0	0	0	0	1	0	0	1	0	0	2	0	0	0	0	4	0	0	0	1	0	0	1	0	0	0	0	0	1	0	0	2	0	1	0	1	0	1	0	0	0	0	0	0	0	4	1	0	0	0	0	0	0	1	0	0	0	0	2	0	0	0	0	5	0	0	0	0	0	3	0	0	0	0	0	3	0	0	0	0	0	0	0	12	0	0	1	0	0	3	3	0	0	0	0	0	50	0	0	0	0	37	0	0	0	10	0	0	0	1	3	0	2	0	0	0	0	0	0	3	0	0	0	0	0	0	1	0	0	0	0	0	0	0	0	0	0	2	0	0	1	15	7	0	2	0	971	0	0	0	0	0	1	0	0	0	0	0	0	4	0	0	0	0	0	0	2	0	0	0	0	1	0	0	0	0	0	0	0	0	4	3	0	0	0	0	0	17	0	0	0	0	0	0	0	0	0	1	0	0	0	0	2	0	0	2	1	3	0	0	0	0	0	0	0	0	1	0	0	0	0	0	0	0	0	0	1	0	0	0	0	0	0
0	0	0	0	0	0	2	0	9	0	0	7	0	3	0	2	0	0	0	0	0	0	0	0	0	0	0	0	0	0	0	0	0	1	0	0	0	2	0	0	0	0	27	0	0	0	1	0	1	0	0	0	2	0	0	0	1	0	4	0	0	0	0	1	1	0	0	0	3	0	0	10	0	0	0	1	0	0	0	0	0	0	0	0	1	0	0	0	1	1	0	0	4	0	0	0	2	0	2	0	0	0	0	0	1	0	7	1	0	0	1	0	0	0	1	0	0	1	0	1	0	0	0	0	13	0	0	0	0	0	3	1	0	0	0	0	2	0	0	0	0	0	0	0	9	0	0	0	0	0	0	3	0	0	0	0	0	21	0	0	0	0	30	0	0	0	21	0	0	0	0	2	0	1	0	0	0	0	0	0	2	0	0	2	0	0	3	0	1	0	0	0	0	2	0	0	0	0	0	0	0	0	18	13	0	0	0	789	0	0	0	0	1	0	0	1	0	1	0	1	3	0	0	1	0	0	1	3	0	0	0	0	0	0	2	0	0	0	0	0	0	1	4	0	0	0	0	0	9	0	0	0	0	2	0	3	0	0	3	0	0	0	0	0	0	0	4	4	0	1	0	0	0	0	0	2	0	3	0	0	0	0	0	0	0	0	0	1	1	1	0	0	0	0
0	0	0	0	0	0	15	0	15	0	0	5	0	4	0	1	0	0	1	2	0	0	0	0	0	0	0	0	0	0	0	0	0	0	3	0	0	2	0	0	0	0	10	0	0	0	0	0	0	0	0	0	1	0	0	0	0	0	6	0	0	0	0	0	2	0	0	0	4	0	0	3	0	0	0	0	0	0	0	0	0	0	0	1	1	0	0	0	0	3	0	0	7	0	1	0	1	0	1	1	0	0	11	0	0	1	6	1	0	0	2	0	0	0	3	0	0	0	0	0	0	0	3	0	5	0	0	0	0	0	1	0	0	0	0	0	1	0	0	4	0	0	0	1	7	0	0	0	0	0	1	4	0	0	0	0	0	17	0	0	0	0	13	0	0	0	13	0	0	0	0	2	0	0	0	0	0	0	0	0	6	0	0	0	0	0	3	0	0	0	0	0	0	4	0	0	0	0	0	0	0	0	29	16	0	0	0	912	0	0	0	0	0	0	0	0	0	0	0	0	2	0	0	3	0	0	0	1	0	0	0	0	1	0	0	0	0	0	0	0	0	2	4	0	0	0	0	0	9	0	0	0	0	0	0	0	0	0	6	0	1	0	0	0	0	65	5	1	0	0	0	0	0	15	0	0	0	1	0	0	1	0	0	0	0	2	0	1	0	1	0	0	0	0
0	0	0	0	0	0	1	0	5	0	1	8	1	5	0	0	0	0	0	0	0	0	0	0	1	0	0	0	0	0	0	0	0	0	0	0	0	0	0	0	1	0	14	0	0	0	1	0	0	1	0	0	0	0	0	0	2	0	3	0	0	0	0	1	3	4	0	0	0	0	0	11	0	0	0	0	0	0	0	0	0	0	1	1	0	0	0	0	1	0	0	0	0	0	0	0	0	0	0	0	0	0	0	0	0	0	5	0	0	0	2	0	2	0	0	0	0	1	1	0	0	0	1	0	12	0	0	0	0	1	0	0	0	0	0	1	0	0	0	0	0	0	0	0	12	0	0	0	0	0	1	1	0	0	0	0	0	27	0	0	0	0	29	0	0	0	18	0	0	1	0	0	0	0	0	0	1	0	0	0	1	0	0	1	0	0	4	0	1	0	0	0	0	5	0	0	0	0	0	0	0	0	0	0	0	0	0	684	0	0	0	0	0	0	1	0	0	1	0	1	4	0	0	0	0	0	1	0	0	0	0	0	0	0	4	0	1	0	0	7	0	0	6	0	0	0	0	0	15	0	0	0	0	2	1	2	1	0	0	0	0	0	0	2	0	0	0	0	1	0	0	1	0	1	0	0	0	0	0	0	1	0	0	0	0	0	0	0	1	1	0	0	6	0
0	0	0	0	0	0	4	0	7	0	0	21	0	0	0	0	0	0	0	0	0	1	0	0	0	0	0	0	0	0	0	0	0	2	0	0	0	0	0	0	0	0	67	0	0	0	0	0	0	0	0	0	1	1	0	0	0	0	2	0	0	0	0	0	0	0	0	0	0	0	0	5	0	0	0	3	7	0	0	0	1	0	0	1	1	0	0	0	0	0	0	0	1	0	0	0	0	0	0	0	0	0	0	0	1	0	2	0	0	0	0	0	1	0	0	0	0	0	0	0	0	0	0	0	2	0	1	0	0	0	0	0	0	0	0	0	0	0	0	0	0	0	0	0	10	0	0	0	0	0	2	1	0	0	0	0	0	37	0	0	0	0	7	0	0	0	18	0	0	0	0	0	2	0	0	0	0	0	1	0	3	0	0	1	0	0	0	0	0	0	0	0	0	1	0	0	0	0	0	0	0	0	0	0	0	0	0	896	0	0	0	1	0	0	0	0	0	0	0	0	1	8	0	3	0	0	0	0	0	0	0	0	0	0	0	0	0	0	0	0	0	0	5	0	0	0	2	0	13	0	0	0	0	0	0	0	0	0	5	0	0	0	0	7	0	0	0	1	1	2	0	1	0	1	2	3	1	0	0	0	0	0	0	0	0	0	0	0	0	0	1	0	0	0
0	0	0	0	0	0	0	0	11	0	0	3	0	1	0	0	0	0	0	3	0	4	0	0	0	0	0	0	0	0	0	0	0	0	0	0	0	0	0	0	3	0	17	0	0	0	0	0	0	3	0	0	1	1	0	0	0	0	9	0	0	0	0	0	0	0	0	0	0	0	0	7	0	0	0	0	9	0	0	0	2	0	0	4	3	0	0	0	0	0	0	0	2	0	1	0	0	0	0	2	0	0	0	0	0	3	3	0	0	0	0	0	3	0	0	0	0	0	0	0	0	0	0	0	3	0	0	0	0	0	0	0	0	0	0	0	0	1	0	2	0	0	0	0	21	0	0	0	0	0	3	0	0	0	0	0	0	25	0	0	0	0	12	0	0	0	10	0	0	0	0	2	0	0	0	0	2	0	0	0	9	0	0	2	1	0	1	0	0	0	0	0	0	0	0	0	0	0	0	0	0	0	0	0	0	0	0	758	0	0	0	0	0	0	0	0	0	0	0	0	2	0	0	3	0	0	0	0	0	0	0	0	1	0	0	0	0	0	0	0	0	0	3	0	0	0	0	0	6	0	0	0	0	1	0	1	0	0	5	0	0	0	0	0	0	0	0	1	0	0	0	2	0	3	0	2	0	0	0	0	1	0	0	0	0	0	0	0	1	1	1	0	0	0
0	0	0	0	0	0	15	0	11	1	0	11	0	1	0	0	0	0	0	0	0	0	0	0	0	1	0	0	0	0	0	0	0	0	0	0	0	0	0	0	0	0	47	0	0	0	0	0	0	0	0	0	0	0	0	0	0	0	4	0	0	0	0	0	0	0	0	0	4	4	0	27	0	0	0	0	0	0	0	0	0	1	0	0	0	0	0	0	1	0	0	0	3	1	4	0	0	0	0	1	0	0	0	0	0	0	16	3	0	0	0	0	0	2	0	0	0	0	0	0	0	0	8	0	15	0	0	0	0	0	2	0	0	2	0	0	1	0	2	3	0	0	3	0	124	0	0	0	0	1	4	3	0	0	0	0	0	35	0	0	0	0	50	1	0	0	23	0	0	2	0	1	1	0	0	0	0	0	0	0	6	0	0	0	1	0	1	0	0	0	0	0	0	1	0	1	0	0	1	0	0	1	4	0	1	0	0	820	1	0	0	0	0	0	0	0	0	4	0	0	0	0	0	3	0	0	0	0	0	0	0	0	0	1	5	0	0	0	0	0	0	1	0	0	0	0	4	0	12	0	0	0	0	0	1	3	0	0	9	0	0	2	8	0	0	0	0	2	0	1	0	4	0	6	2	0	1	0	0	0	0	0	0	0	1	0	0	0	0	14	0	2	0	0
0	0	0	0	0	2	6	0	11	2	0	6	0	2	0	0	0	0	0	0	0	0	0	0	0	1	0	0	0	0	0	0	0	0	0	0	0	2	0	0	0	0	31	0	0	0	0	0	0	1	1	0	0	2	0	0	0	0	8	0	0	0	0	0	0	0	0	0	2	1	0	27	0	0	0	0	25	0	0	0	0	0	0	1	1	0	2	0	1	1	1	0	1	0	1	0	0	0	0	0	0	0	0	0	0	0	8	1	0	0	0	0	0	0	1	0	0	0	0	0	0	0	5	7	3	0	0	0	0	0	0	0	0	0	0	0	0	0	1	0	0	0	2	0	14	0	0	0	0	2	2	2	0	0	0	0	0	37	0	0	0	0	64	0	0	0	18	0	0	1	0	0	1	0	0	0	0	2	0	0	12	0	0	0	1	0	1	4	0	0	0	0	0	3	0	1	0	0	1	0	0	0	2	0	0	3	0	675	0	0	0	0	0	0	0	0	0	1	0	2	0	0	0	5	1	0	0	0	0	0	0	0	0	0	5	0	0	0	1	0	0	1	0	0	0	0	0	0	8	0	0	0	0	2	2	0	0	0	2	0	0	0	2	0	0	1	1	0	0	1	0	0	0	3	0	0	1	2	0	0	0	1	0	1	1	0	0	0	0	1	0	0	0	0
0	0	0	0	0	2	0	0	11	0	0	7	0	0	0	0	1	0	0	0	1	0	0	0	0	0	0	0	1	0	0	0	0	0	1	0	0	0	0	0	0	0	26	0	0	0	0	0	0	1	1	0	0	1	1	1	0	0	6	0	0	0	0	1	0	0	0	0	1	0	0	30	0	0	0	4	14	0	0	0	0	3	1	1	2	0	1	0	0	2	0	0	4	3	1	0	0	0	0	0	0	0	0	0	2	0	4	2	0	0	0	0	0	1	3	0	0	0	0	0	0	0	1	6	6	0	0	0	0	0	1	0	0	0	0	0	0	0	0	5	1	0	1	0	137	0	0	0	0	0	1	0	0	0	0	0	0	87	0	0	0	0	24	0	0	0	23	0	1	0	0	3	0	0	0	0	2	1	0	0	11	0	0	0	0	0	0	2	0	0	0	0	0	2	0	1	0	0	0	0	0	0	1	2	0	1	0	771	0	0	0	0	1	0	0	1	0	1	1	1	50	2	0	2	2	0	0	0	0	0	0	1	0	2	5	1	1	0	0	0	0	0	0	0	0	0	0	1	14	0	0	0	0	0	0	2	0	0	3	0	0	1	0	0	2	0	0	6	0	0	0	0	0	6	0	0	0	0	0	0	0	2	1	0	0	0	0	0	0	12	0	1	2	0
0	0	0	0	0	0	2	0	20	0	0	3	0	0	0	0	1	1	0	0	0	0	0	0	0	0	0	0	0	0	0	1	0	0	0	0	0	0	0	0	0	0	22	0	0	0	0	0	0	0	0	0	0	0	1	0	0	0	6	0	0	0	0	0	0	0	0	0	1	0	0	17	0	0	0	0	1	0	0	0	0	0	0	0	0	0	0	0	0	0	0	0	1	0	0	0	0	0	0	0	0	0	0	0	1	0	5	1	0	0	0	0	0	0	0	0	0	0	0	0	0	0	1	3	4	0	0	0	0	0	1	0	0	0	0	0	0	0	0	0	0	0	0	0	31	0	0	0	0	0	0	1	0	0	0	0	0	27	0	0	0	0	4	0	0	0	17	0	0	0	0	3	0	0	0	0	0	0	0	0	6	0	0	0	0	0	0	0	2	0	0	0	0	0	0	0	0	2	0	0	0	0	3	0	0	0	0	750	0	0	0	0	0	0	0	1	0	1	0	0	0	0	0	5	0	0	0	1	0	0	0	0	0	0	1	0	1	0	0	0	0	0	5	0	0	0	4	1	13	0	0	0	0	0	0	2	0	0	14	0	0	1	0	2	1	2	0	3	0	0	0	1	0	0	0	0	0	0	0	0	0	0	0	0	0	0	0	0	0	2	0	3	0	0
0	0	0	0	0	0	6	0	16	0	0	2	0	0	0	0	2	0	0	0	0	0	0	0	0	0	0	0	0	0	0	0	2	0	0	0	0	6	0	6	0	0	36	0	0	0	0	0	0	0	0	0	0	0	3	0	0	0	15	0	0	0	0	0	0	0	0	0	5	0	0	10	0	0	0	1	0	0	0	0	0	1	0	0	2	0	0	0	1	3	0	0	9	1	0	0	0	0	9	0	0	0	0	0	0	2	10	1	0	0	0	0	2	0	0	1	0	0	5	0	0	0	0	0	5	0	0	0	0	0	0	0	0	0	0	0	0	0	0	7	0	0	8	0	85	3	0	0	0	5	3	0	0	0	0	0	1	46	0	0	0	0	65	0	0	0	11	0	0	0	0	6	0	0	0	0	1	0	0	3	3	0	3	0	1	0	0	0	0	0	0	0	0	0	0	0	0	0	0	0	0	0	4	0	0	0	0	672	0	3	8	0	0	0	0	0	0	0	0	0	0	2	0	14	2	0	0	0	0	0	0	0	0	3	2	0	0	0	0	0	0	0	0	0	0	0	1	0	16	0	0	0	0	0	6	2	0	0	2	0	0	1	0	0	0	2	0	4	9	6	0	1	0	5	0	0	0	2	0	0	0	0	0	0	0	2	0	0	0	4	2	0	1	0
0	0	0	0	0	0	2	0	10	0	0	3	0	1	0	0	0	0	0	0	0	0	1	0	0	0	0	0	0	0	0	0	0	0	1	0	0	0	0	0	0	0	21	0	0	0	0	0	0	0	0	0	0	0	0	1	0	0	3	0	0	0	0	0	0	0	0	0	0	0	0	12	0	0	0	2	1	0	0	0	0	5	1	0	1	0	0	0	0	1	0	0	3	0	0	0	0	0	0	2	0	0	0	0	2	0	3	0	0	0	0	0	0	0	1	0	0	0	0	0	0	0	3	2	8	0	0	0	1	0	0	0	0	1	0	0	1	0	0	1	0	0	2	0	107	0	0	1	0	0	2	0	0	0	0	0	0	102	0	0	0	0	10	1	0	0	21	0	2	0	0	1	1	0	0	0	1	0	0	0	5	0	0	0	0	0	0	0	1	0	0	0	0	2	0	0	0	0	0	0	0	2	0	1	1	0	0	488	0	0	0	0	0	0	0	0	0	0	1	0	0	2	0	3	1	0	0	1	0	0	0	1	0	0	2	0	0	0	0	0	0	0	1	0	0	0	2	0	15	0	0	0	0	1	1	0	0	0	12	0	0	2	0	1	0	0	0	0	0	2	0	3	0	5	1	0	0	0	0	0	0	2	0	0	0	1	0	0	0	5	0	0	0	0
0	0	0	0	0	0	5	0	11	1	0	11	0	3	0	0	0	0	0	0	0	0	0	0	0	2	0	0	0	0	0	1	0	0	0	0	0	0	0	0	0	0	15	0	0	0	0	0	0	0	0	0	0	0	0	1	0	0	2	0	0	0	0	0	0	2	0	0	2	1	0	7	0	0	0	9	0	0	0	0	0	0	0	0	0	0	0	0	1	3	0	0	4	0	2	0	0	0	0	0	0	0	0	0	0	0	9	0	0	0	0	0	0	2	0	0	0	0	0	0	0	0	0	0	6	0	0	0	0	0	1	0	0	0	0	0	0	0	3	4	0	0	3	0	57	0	0	0	0	2	3	2	0	0	0	0	0	68	0	0	0	0	51	0	0	0	15	0	0	1	0	1	0	0	0	0	3	0	0	0	0	0	0	0	1	0	1	0	0	0	0	0	0	0	0	2	0	0	4	0	0	0	4	0	0	0	0	548	1	0	0	0	1	0	0	0	0	1	0	0	0	1	0	2	0	0	0	0	0	0	0	0	0	1	4	0	0	0	0	0	0	1	0	0	0	0	0	0	13	0	0	0	0	0	0	1	4	0	0	0	0	0	3	0	0	1	0	0	1	1	0	0	0	8	0	0	0	0	0	0	0	0	0	0	1	1	0	0	0	7	0	1	2	0
