0	0	3	9	0	0	4	0	8	0	1	6	0	1	0	0	0	0	0	0	0	2	0	2	0	0	0	0	0	0	0	0	0	0	0	0	0	2	0	0	1	0	43	0	0	0	0	0	0	0	0	0	2	0	0	0	0	0	0	0	1	0	0	0	0	3	0	0	1	0	1	3	0	1	0	0	5	0	0	0	0	4	0	0	0	0	0	0	1	4	0	0	7	0	1	1	0	0	0	0	0	0	1	0	0	0	0	0	1	0	1	0	0	0	3	0	0	0	0	1	0	0	0	0	8	0	0	3	0	0	0	0	7	0	0	0	0	0	0	4	0	0	0	1	3	0	0	2	0	0	3	0	0	0	0	2	0	4	0	0	0	0	0	0	0	0	5	0	0	0	0	0	0	0	0	0	1	0	0	0	2	0	0	0	1	0	0	0	0	0	0	0	0	3	0	2	0	0	0	0	0	0	2	0	0	0	0	821	0	0	1	0	0	0	2	0	0	0	0	0	11	0	0	0	0	0	0	0	0	0	2	0	1	0	6	0	1	0	0	0	0	0	0	0	0	0	1	0	78	0	0	0	0	0	0	3	0	0	0	0	0	1	5	0	0	1	3	2	1	1	0	2	1	7	0	0	0	0	0	0	0	0	0	0	0	0	0	0	0	0	0	0	1	0
0	0	0	6	0	0	17	0	11	0	0	4	0	0	0	0	1	0	0	2	0	4	0	0	0	0	0	0	0	0	0	0	0	0	0	0	0	0	0	0	1	0	56	0	0	0	0	0	0	0	0	0	6	0	0	0	0	0	2	0	0	0	0	0	1	0	0	0	4	0	0	1	0	1	2	0	1	0	0	0	0	0	0	0	0	0	0	0	0	2	0	0	4	0	2	0	0	0	0	0	0	0	1	0	1	0	0	0	0	0	7	0	0	0	1	0	0	0	0	1	0	0	3	1	4	0	0	1	0	0	0	0	4	0	0	0	0	0	0	7	0	0	0	0	5	0	0	0	0	0	0	0	0	0	0	0	0	12	0	0	0	0	0	0	0	0	11	0	0	0	0	1	0	0	0	0	0	0	2	0	1	0	0	0	3	0	0	0	0	0	0	0	0	2	0	1	0	0	0	2	0	0	2	3	0	0	0	1137	1	0	1	0	0	3	0	0	0	0	0	0	12	0	0	0	0	0	0	0	0	0	18	0	1	0	9	0	0	0	1	0	0	0	0	0	0	0	1	0	41	0	0	0	0	0	0	0	1	0	0	0	0	1	0	0	1	5	4	1	1	2	0	6	6	12	1	0	0	0	0	0	0	0	0	0	0	1	2	0	0	0	0	0	0	0
0	0	1	5	0	0	14	0	8	0	0	5	0	0	0	0	0	0	0	2	0	3	0	0	0	0	0	0	0	0	0	0	0	0	0	0	0	1	0	0	2	0	55	0	0	0	0	0	0	0	0	0	1	0	0	0	0	0	2	0	0	0	0	0	0	4	0	0	2	0	0	5	0	0	2	0	1	0	0	0	0	3	0	0	0	0	0	0	0	1	0	0	3	0	0	0	0	0	0	0	0	0	0	0	0	0	0	0	0	1	5	0	0	0	2	0	0	0	0	0	0	0	8	0	7	0	0	0	0	0	0	0	3	0	0	0	0	0	0	4	0	0	0	0	5	0	0	1	0	0	1	0	0	0	0	0	0	5	1	0	0	0	0	0	0	0	9	0	0	0	0	1	0	0	0	0	0	0	0	0	0	0	0	0	2	0	0	0	0	0	0	0	0	5	0	1	0	0	0	5	0	0	2	0	1	0	0	1216	0	0	1	0	0	2	0	0	0	0	0	0	15	0	0	0	0	0	0	1	0	0	7	0	1	0	10	0	0	0	1	0	0	0	0	0	0	0	0	0	10	0	0	0	0	0	0	0	0	0	0	0	0	0	1	0	0	0	4	0	0	2	0	2	4	12	0	0	0	0	0	0	1	0	0	0	0	1	2	0	0	0	0	0	0	0
0	0	0	0	0	0	23	0	2	0	0	9	0	0	0	0	0	0	0	0	0	0	0	0	0	0	0	0	0	0	0	0	0	1	0	0	0	0	0	0	0	0	33	0	0	0	0	0	0	1	0	0	2	0	0	0	0	0	0	0	0	0	0	0	0	3	0	0	0	0	0	8	0	0	0	0	1	0	0	0	0	1	0	0	0	0	0	0	0	1	0	0	0	0	0	0	0	0	0	0	0	0	0	0	0	1	0	0	0	0	1	0	0	0	3	0	0	0	0	0	0	0	1	0	0	0	0	0	0	0	0	0	0	0	0	0	0	0	0	0	0	0	0	0	3	0	0	0	0	0	0	0	0	0	0	0	0	2	0	0	0	0	4	0	0	0	3	0	0	0	0	0	0	0	0	0	0	1	0	0	3	0	0	1	1	0	0	0	0	0	0	0	0	3	0	0	0	0	0	0	0	0	0	0	0	0	0	709	0	0	0	0	0	1	0	0	0	0	0	0	26	0	0	0	0	0	1	1	0	0	10	0	0	0	1	0	0	0	1	0	0	2	0	0	0	0	0	0	3	0	0	0	0	0	0	0	0	0	1	0	0	0	0	0	0	2	0	0	0	0	0	0	0	3	1	0	0	0	0	0	0	0	0	0	0	0	0	0	0	0	0	0	0	0
0	0	0	6	0	0	26	0	6	0	0	4	0	0	0	0	0	0	0	0	0	0	0	0	2	0	0	0	0	0	0	0	0	0	0	0	0	1	0	0	1	0	54	0	0	0	0	0	0	0	0	0	5	0	0	0	0	0	1	0	0	0	0	0	0	4	0	0	2	0	0	4	0	2	2	0	1	0	0	0	0	0	0	0	0	1	0	0	0	1	0	0	0	0	0	0	0	0	0	0	0	0	1	0	0	0	0	0	0	0	5	0	0	0	1	0	0	0	0	2	0	0	3	1	2	0	0	0	0	0	0	0	5	0	1	0	0	0	0	3	0	0	0	0	2	0	0	0	0	0	0	0	0	0	0	0	0	5	0	0	0	0	0	0	0	0	5	0	0	0	0	0	0	0	0	0	0	0	1	0	3	0	0	1	1	0	0	0	0	1	0	0	0	2	0	1	0	0	0	2	0	0	2	1	0	0	0	880	0	0	0	0	0	0	0	0	0	0	0	0	14	0	0	0	0	0	1	0	0	0	7	0	0	0	9	0	0	0	0	0	0	0	0	0	0	0	2	0	21	0	0	0	0	0	0	0	0	0	0	0	0	0	0	0	0	5	3	0	0	1	0	6	2	9	0	0	0	0	0	0	0	0	0	0	0	1	0	0	0	0	0	0	0	0
0	0	0	6	1	0	8	0	10	0	0	0	0	1	0	0	0	0	0	1	0	1	0	0	1	0	0	0	3	0	0	0	0	0	0	0	0	0	0	0	7	0	60	0	0	0	0	0	0	0	1	0	11	0	0	0	0	0	3	0	3	0	0	0	3	2	0	0	4	0	0	3	0	2	0	0	0	0	0	0	0	3	0	0	0	3	0	0	0	0	0	0	0	0	0	0	0	0	0	0	0	0	0	0	0	0	0	0	0	0	7	0	0	1	0	0	0	0	1	1	0	0	0	1	0	0	0	0	0	0	1	0	4	0	1	0	0	0	0	1	0	0	0	0	5	0	0	0	0	0	0	0	0	0	0	0	3	1	0	0	0	0	6	0	0	0	3	0	0	0	0	1	0	0	0	0	0	0	4	0	14	0	0	0	0	0	0	0	0	2	0	0	0	0	1	1	0	0	0	0	0	0	0	0	2	0	0	944	3	0	2	0	0	0	0	0	0	0	0	0	6	0	0	0	0	0	0	0	0	0	8	0	1	0	5	0	0	0	0	0	0	0	0	0	0	0	1	0	31	0	0	0	0	0	0	0	0	0	0	0	0	0	0	0	1	12	3	0	0	0	0	0	2	3	0	0	0	0	0	0	0	0	0	0	0	0	3	0	0	1	0	0	0	0
0	0	0	5	0	1	12	0	7	0	0	1	0	0	0	0	0	0	0	0	0	1	0	0	0	0	0	0	0	0	0	0	0	0	0	0	0	0	0	0	0	0	58	0	0	0	1	0	0	0	0	0	7	5	0	0	0	0	2	0	0	0	0	0	0	1	0	0	2	0	0	4	0	1	0	0	0	0	0	0	0	3	0	0	0	0	0	0	0	0	0	0	3	0	3	0	0	0	0	0	0	0	0	0	0	3	0	0	0	0	5	0	0	0	3	0	0	0	0	1	0	0	0	0	0	0	0	0	0	0	0	0	3	0	0	0	0	1	0	1	0	0	0	1	11	0	0	0	0	0	0	0	0	0	0	0	0	9	0	0	0	0	7	0	0	0	13	0	0	0	0	2	1	0	0	0	0	0	2	0	11	1	0	0	7	0	0	0	0	0	0	0	0	1	0	1	0	0	0	0	0	0	1	2	0	0	0	1199	0	0	2	0	0	4	0	0	0	0	0	0	18	0	0	0	0	0	0	1	0	1	31	0	0	0	4	0	0	0	0	2	0	0	0	0	0	0	0	0	5	0	0	0	0	0	0	0	10	0	1	0	0	0	0	0	0	4	2	0	0	0	0	1	1	6	3	0	0	0	0	0	0	0	0	0	0	0	0	0	0	0	0	0	0	0
0	0	0	6	0	0	6	0	5	0	0	0	0	1	0	0	0	0	0	1	0	3	0	0	0	0	0	0	0	0	0	0	0	0	0	0	0	0	0	0	4	0	47	0	0	0	0	0	0	3	0	0	3	0	0	0	0	0	1	0	0	0	0	0	0	0	0	0	3	0	0	3	0	2	0	0	0	0	0	0	0	4	0	0	0	0	0	0	0	0	0	0	1	0	1	0	0	0	0	0	0	0	0	0	0	1	0	0	0	0	6	0	0	0	3	0	0	0	0	0	0	0	0	1	1	0	0	0	0	0	0	0	3	0	0	0	0	0	0	2	0	0	0	2	5	0	0	0	0	0	0	0	0	0	0	0	1	3	0	0	0	0	0	0	0	0	3	0	0	0	0	3	0	0	0	0	2	1	1	0	7	0	0	0	1	0	0	0	0	0	0	0	0	0	0	2	0	0	0	0	0	0	3	1	1	0	0	1029	0	0	2	0	0	0	3	0	0	0	0	0	13	0	0	0	0	0	0	0	0	0	2	1	1	0	10	0	0	0	0	0	0	2	0	0	0	0	1	0	62	0	0	0	0	0	0	0	0	0	0	0	0	0	0	0	2	3	2	6	0	0	0	1	2	12	0	0	0	0	0	0	0	0	0	0	0	0	1	0	0	0	0	0	0	0
0	0	0	3	0	0	7	0	3	0	0	5	0	5	0	0	0	0	0	0	0	0	0	0	0	0	0	0	0	0	0	0	0	2	0	0	0	0	0	0	0	0	22	0	0	0	0	0	0	0	0	0	2	0	0	0	0	0	1	0	0	0	0	0	0	3	0	0	0	0	0	3	0	0	0	0	0	0	0	0	0	0	2	0	0	0	0	0	0	2	0	0	2	0	1	0	0	0	0	0	0	0	1	0	0	0	0	0	0	0	0	0	0	0	2	0	0	0	0	0	0	0	0	0	1	0	0	0	0	0	0	0	1	0	0	0	0	0	0	1	0	0	0	0	1	0	0	0	0	0	0	0	0	0	0	2	0	0	0	0	0	0	0	0	0	0	3	0	0	0	0	0	0	1	0	0	0	0	1	0	3	0	0	1	0	0	1	0	0	0	0	0	0	2	0	0	1	0	0	0	0	0	0	0	0	0	0	436	0	1	0	0	0	0	6	0	0	0	0	0	7	0	0	0	0	0	0	0	0	0	7	0	0	0	1	0	0	0	0	1	0	0	0	0	0	0	0	0	359	0	0	0	0	0	0	0	0	0	0	0	0	1	0	0	0	2	0	6	0	0	0	1	0	0	0	0	0	0	0	0	0	0	0	0	0	0	0	0	0	0	0	0	0	0
0	0	0	3	0	1	7	0	6	0	0	0	0	0	0	0	0	0	0	0	0	2	0	0	0	0	0	0	0	0	0	0	0	1	1	0	0	0	0	0	1	0	37	0	0	0	0	0	0	0	3	0	8	0	0	0	0	0	4	0	0	0	0	0	0	1	0	0	9	0	0	0	0	3	0	0	0	0	0	0	0	2	0	0	0	1	0	0	0	0	0	0	0	0	0	0	0	0	0	0	0	0	1	0	0	0	0	0	0	0	8	0	0	0	0	0	0	0	0	2	0	0	0	3	1	0	0	0	0	0	0	0	4	0	0	0	0	0	0	1	0	0	0	1	7	0	0	0	0	0	0	0	0	0	0	1	0	5	0	0	0	0	18	0	0	1	2	0	0	0	2	3	3	0	0	0	0	0	0	0	1	0	0	0	1	0	0	0	0	0	0	0	0	0	0	1	1	0	0	0	0	0	1	0	0	0	0	886	0	0	1	0	0	0	2	0	0	0	0	0	12	0	0	0	0	0	0	3	0	0	3	1	0	0	8	0	0	0	0	0	0	0	0	0	0	0	0	0	63	0	0	0	0	0	0	0	0	0	2	0	0	0	0	0	0	4	1	1	0	0	0	2	0	12	0	0	0	0	0	0	0	0	0	0	0	0	1	0	0	0	0	0	0	1
0	0	2	2	0	0	18	0	4	0	1	3	0	0	0	0	0	0	0	0	0	0	0	0	0	0	0	0	1	0	0	0	0	0	0	0	0	1	0	0	1	0	72	0	0	0	0	0	0	0	0	0	3	0	0	0	0	0	0	0	1	0	0	0	0	8	0	0	1	0	0	11	0	0	0	0	1	0	0	0	0	6	0	0	0	0	0	0	0	1	0	0	3	0	0	0	0	0	0	0	0	0	0	0	0	0	0	0	0	0	5	0	0	1	1	0	0	0	0	2	0	0	4	0	4	0	0	1	0	0	3	0	5	0	0	0	0	2	0	1	0	0	0	0	4	0	0	1	0	0	1	0	0	0	0	0	3	4	0	0	0	0	25	0	0	0	9	0	0	0	0	1	0	0	0	0	1	0	0	0	8	0	0	0	2	0	0	0	0	0	0	0	0	3	0	1	0	0	0	0	0	0	0	0	0	0	0	837	0	0	0	0	0	1	0	0	0	0	0	0	16	0	0	0	0	0	0	2	0	0	15	0	0	0	1	0	0	0	0	0	0	0	0	0	0	0	0	0	30	0	0	0	0	0	0	1	0	0	4	0	0	0	2	0	0	3	3	0	0	1	0	0	0	3	2	0	0	0	0	0	0	0	0	0	0	0	0	0	0	0	0	0	0	0
0	0	2	0	0	0	11	0	8	0	0	5	0	9	0	0	0	0	0	0	0	0	0	0	0	0	0	0	0	0	0	0	0	0	0	0	0	1	0	0	0	0	33	0	0	0	0	0	0	1	0	0	0	1	0	0	0	0	0	0	0	0	0	12	0	2	0	0	0	0	0	4	0	0	0	0	2	0	0	0	0	1	2	0	0	0	0	1	0	1	0	0	10	0	0	0	0	0	0	0	0	0	1	0	0	1	0	0	0	1	0	0	0	0	1	0	0	0	0	0	0	0	0	0	1	1	0	2	0	0	0	0	0	0	0	0	0	0	0	1	0	0	0	0	0	0	0	1	0	0	2	0	0	0	0	3	0	0	0	0	0	0	1	0	0	0	1	0	0	0	0	0	0	0	0	0	0	1	4	0	2	0	0	0	0	0	1	0	0	0	0	0	0	2	0	0	0	0	0	0	0	0	0	0	1	0	0	427	1	0	3	0	0	1	3	0	0	0	0	0	11	0	0	0	0	0	0	1	0	0	18	0	0	0	0	0	1	0	0	1	0	0	0	0	0	0	0	0	256	0	0	0	0	0	0	1	1	0	0	0	0	0	0	0	1	1	1	5	0	1	0	0	0	0	1	0	0	0	0	0	0	1	0	0	0	0	0	0	0	0	0	0	0	0
0	0	0	13	0	0	13	0	2	0	0	2	0	0	0	0	2	0	0	0	0	0	0	0	0	0	0	0	0	0	0	5	0	0	0	0	0	0	0	0	0	0	27	0	0	0	0	0	0	1	0	0	7	2	0	1	0	0	0	0	0	0	0	0	0	1	0	0	0	0	0	2	0	2	0	0	0	0	0	0	0	0	0	0	0	0	0	0	0	0	0	1	0	0	8	0	0	0	0	0	0	0	0	0	0	4	0	0	0	0	0	0	0	0	3	0	0	0	0	1	0	0	0	0	0	0	0	0	0	0	0	0	2	0	0	0	0	0	0	0	2	0	0	2	5	0	0	0	0	0	0	0	0	0	0	1	0	8	0	0	0	0	0	0	0	0	13	0	0	0	0	0	1	0	0	0	0	0	1	0	11	2	0	1	2	0	0	0	0	0	0	0	0	3	0	1	0	0	0	0	0	0	2	9	0	0	0	842	0	0	0	0	0	2	0	0	0	0	0	0	14	0	0	0	0	0	0	0	0	0	21	0	0	0	4	0	0	0	0	2	0	0	0	0	0	0	4	0	98	0	0	0	0	0	0	0	1	0	0	0	0	9	0	0	0	1	0	2	0	0	0	11	1	4	1	0	0	0	1	0	0	0	0	0	0	0	0	0	0	0	1	0	0	0
0	1	0	15	0	0	12	0	2	0	0	2	0	1	0	0	1	0	0	0	0	0	0	0	0	0	0	0	1	0	0	5	0	0	0	0	0	1	0	0	1	0	58	0	0	0	0	0	0	0	0	0	6	0	0	2	0	0	0	0	0	0	0	0	0	3	0	0	1	0	0	5	0	4	0	0	0	0	0	0	0	1	0	0	0	0	0	0	0	2	0	0	1	0	7	0	0	0	0	0	0	0	0	0	0	0	0	0	0	0	3	0	0	0	4	0	0	0	0	4	0	0	0	0	2	0	0	0	0	0	0	0	8	0	0	0	0	0	0	3	0	0	0	2	4	0	0	0	0	0	0	0	0	0	0	0	1	10	0	0	0	0	0	0	0	0	8	0	0	0	0	0	0	0	0	0	0	0	0	0	10	3	0	0	2	0	0	0	0	0	0	0	1	1	0	2	0	0	0	0	0	0	5	12	0	0	0	794	0	0	0	1	0	1	1	0	0	0	0	0	15	0	0	0	0	0	0	0	0	0	6	0	0	0	7	0	0	0	0	0	0	0	0	0	0	0	6	1	69	0	0	0	0	0	0	0	0	0	0	0	0	9	0	0	0	4	2	3	1	0	0	11	3	10	1	0	0	0	0	0	1	0	0	0	0	0	0	0	0	0	0	0	0	1
0	0	0	3	0	0	23	0	5	0	0	0	0	0	0	0	0	0	0	0	0	0	0	0	0	0	0	0	0	0	0	0	0	1	0	0	0	0	0	0	0	0	38	0	0	0	0	0	0	0	0	0	6	0	0	0	0	0	4	0	0	0	0	0	0	0	0	0	1	1	0	1	0	1	2	0	0	0	0	0	0	0	0	0	0	0	0	0	0	0	0	0	0	0	1	0	0	0	0	0	0	0	0	0	0	2	0	0	0	0	5	0	0	0	1	0	0	0	0	0	0	0	1	0	0	0	0	0	0	0	0	0	0	0	0	0	0	1	0	2	1	0	0	1	4	0	0	0	0	0	0	0	0	0	0	0	0	3	0	0	0	0	1	0	0	0	8	0	0	0	0	0	0	0	0	0	0	0	1	0	1	0	0	0	0	0	0	0	0	0	0	0	0	1	0	0	2	0	0	1	0	0	3	1	1	0	0	1155	1	0	3	0	0	1	0	0	0	0	0	0	17	0	0	0	0	0	0	0	0	0	19	0	1	0	5	0	0	0	0	1	0	0	0	0	0	0	0	0	14	0	0	0	0	0	0	0	0	0	0	0	0	0	0	0	0	3	1	0	0	0	0	5	4	6	1	0	0	0	0	0	0	0	0	0	0	1	0	0	0	0	0	0	0	0
0	0	0	2	0	0	9	0	6	0	0	1	0	0	0	0	0	0	0	0	0	1	0	0	0	0	1	0	0	0	0	0	0	0	2	0	0	0	0	0	2	0	38	0	0	0	0	0	0	3	1	0	3	0	0	0	0	0	1	0	0	0	0	0	0	1	0	0	5	0	0	1	0	1	1	0	0	0	0	0	0	3	1	0	0	0	0	0	0	0	0	0	0	0	0	0	0	0	0	0	0	0	1	0	0	0	0	0	0	0	6	0	0	0	1	0	0	0	0	0	0	0	1	3	3	0	0	0	0	0	0	0	5	0	0	0	0	0	0	1	0	0	0	0	5	0	0	0	0	0	0	0	0	0	0	0	0	8	0	0	0	0	0	0	0	0	6	0	0	0	3	8	2	1	0	0	0	0	0	0	4	0	0	0	4	0	0	0	0	0	0	0	0	1	0	1	0	0	0	0	0	0	3	0	0	0	0	1031	0	0	1	0	0	0	3	0	0	0	0	0	18	0	0	0	0	0	0	0	0	0	4	2	0	0	10	0	0	0	0	0	0	0	0	0	0	0	0	0	70	0	0	0	0	0	0	0	0	0	0	0	0	0	0	0	0	1	0	2	0	1	0	1	0	21	0	0	0	0	0	0	0	0	0	0	0	1	2	0	0	0	0	0	0	0
0	0	0	6	0	0	21	0	3	0	0	0	0	0	0	0	0	0	0	1	0	0	0	1	0	0	0	0	2	0	0	0	0	0	0	0	0	0	0	0	3	0	65	0	0	0	0	0	0	0	0	0	4	0	0	0	0	0	0	0	1	0	0	0	1	4	0	0	0	0	0	8	0	1	0	0	0	0	0	0	0	2	1	0	0	0	0	0	0	0	0	0	0	0	1	0	0	0	0	0	0	0	0	0	0	0	0	0	2	0	3	0	0	0	1	0	0	0	0	0	0	0	1	0	1	0	0	0	0	0	2	0	3	0	0	0	0	0	0	1	0	0	0	0	2	0	0	0	0	0	0	0	0	0	0	0	10	2	0	0	0	0	0	0	0	0	10	0	0	0	0	0	0	0	0	0	3	0	2	0	18	0	0	0	0	0	0	0	0	0	0	0	0	3	0	0	0	0	0	1	0	4	2	2	0	0	0	912	0	0	0	0	0	0	0	0	0	0	0	0	13	0	0	0	0	0	0	0	0	0	16	0	0	0	3	0	0	0	0	0	0	0	0	0	0	0	4	0	48	0	0	0	0	0	0	0	0	0	0	0	0	1	0	0	0	2	3	1	0	0	0	2	2	2	0	0	0	0	0	0	0	0	0	0	0	1	0	0	0	0	0	0	0	0
0	0	2	10	0	0	5	0	7	0	0	2	0	0	0	0	0	0	0	0	0	1	0	0	1	0	0	0	0	0	0	2	0	0	0	0	0	1	0	0	0	0	47	0	0	0	0	0	0	0	0	0	8	0	0	1	0	0	1	0	0	0	0	0	1	1	0	0	1	0	1	1	0	4	0	0	1	0	0	0	0	1	0	0	0	1	0	0	0	2	0	0	2	0	2	0	0	0	0	0	0	0	2	0	0	1	0	0	0	0	2	0	0	0	3	0	0	0	2	4	0	0	0	2	0	0	0	0	0	0	0	0	8	0	1	0	0	0	0	1	0	0	0	1	5	0	0	0	0	0	1	0	0	0	0	1	0	5	0	0	0	0	1	0	0	0	2	0	0	0	0	1	0	0	0	0	0	1	1	0	8	0	0	0	3	0	0	0	0	0	0	0	0	0	0	1	0	0	0	0	0	0	2	4	0	0	0	786	0	0	1	0	0	0	0	0	0	1	0	0	18	0	0	0	0	0	0	0	0	0	5	0	0	0	3	0	1	0	0	0	0	0	0	0	0	0	2	0	16	0	0	0	0	0	0	1	0	0	0	0	0	1	1	0	0	7	1	1	1	0	0	2	0	7	0	0	0	0	0	0	0	0	0	0	0	0	0	0	0	0	0	0	0	0
0	0	3	5	0	0	8	0	9	0	1	6	0	0	0	0	0	0	0	0	0	1	0	1	1	0	0	0	2	0	0	0	0	1	0	0	0	1	0	0	3	0	58	0	0	0	0	0	0	0	0	0	5	0	0	0	0	0	2	0	2	0	0	0	1	10	0	0	0	0	1	6	0	0	0	0	1	0	0	0	0	4	0	0	0	1	0	0	0	1	0	0	1	0	0	0	0	0	0	0	0	0	5	0	0	1	0	0	0	1	2	0	0	0	2	2	0	1	1	3	0	0	0	2	3	0	0	1	0	0	0	0	6	0	0	0	0	0	0	1	2	0	0	0	3	0	0	1	0	0	0	0	0	0	0	1	4	1	0	0	0	0	0	0	0	0	3	0	0	0	0	0	1	0	0	0	1	1	1	0	9	0	0	1	1	0	0	0	0	1	0	0	0	2	0	1	1	0	0	0	0	1	0	0	0	0	0	931	0	0	1	0	0	0	0	0	0	2	0	0	18	0	0	0	0	0	0	2	0	0	6	0	0	0	2	0	1	0	0	0	0	0	1	0	0	0	1	0	0	0	0	0	0	0	0	5	0	0	0	0	0	0	0	0	0	2	3	0	1	0	0	0	0	2	0	0	0	0	2	0	0	0	0	0	0	0	0	0	0	0	0	0	0	0
0	0	0	3	0	0	8	0	5	0	0	0	0	4	0	0	0	0	0	1	0	1	0	0	0	0	0	0	0	0	0	0	0	0	0	0	0	0	0	0	0	0	41	0	0	0	0	0	0	1	0	0	3	0	0	0	0	1	1	0	0	0	0	0	0	0	0	0	1	0	0	0	0	3	2	0	0	0	0	0	0	1	0	0	0	0	0	0	0	1	0	0	2	0	0	0	0	0	0	0	0	0	1	0	0	0	0	0	0	0	6	0	0	0	0	0	0	0	1	1	0	0	1	0	3	0	0	0	0	0	0	0	3	0	0	0	0	0	0	3	0	0	0	4	4	0	0	0	0	1	0	1	1	0	0	1	0	2	0	0	0	0	10	0	0	0	1	0	0	0	0	0	0	1	0	0	0	0	0	0	0	1	0	0	0	0	0	0	0	1	0	0	0	0	0	0	0	0	0	0	0	0	2	4	1	0	0	768	1	0	1	0	0	0	4	0	0	0	0	0	12	1	0	0	0	0	0	2	0	0	2	0	1	0	4	0	0	0	0	0	0	0	0	0	0	0	0	0	189	0	0	0	1	0	0	0	0	0	0	0	0	5	0	0	0	2	3	12	0	0	0	5	4	8	0	0	0	0	0	0	0	0	0	0	0	0	1	0	1	0	0	0	0	0
0	0	0	11	0	0	1	0	5	0	0	3	0	0	0	0	0	0	0	0	0	2	0	1	0	0	0	0	0	0	0	0	0	0	2	0	0	3	0	0	2	0	31	0	0	0	0	0	0	0	2	0	3	0	0	0	0	0	6	0	0	0	0	0	0	5	0	0	11	0	0	5	0	1	0	0	1	0	0	0	0	6	0	0	0	0	0	0	0	1	0	0	1	0	0	0	0	0	0	0	0	0	0	0	1	0	0	0	0	0	3	0	0	1	3	0	0	0	0	0	0	0	0	0	2	0	0	0	0	0	0	0	4	0	0	0	0	0	0	1	1	0	1	1	9	0	1	1	0	0	0	0	0	0	0	0	0	4	0	0	0	0	0	0	0	0	2	0	0	0	1	4	2	1	0	0	1	0	0	0	1	0	0	1	3	0	0	0	0	0	0	0	0	1	0	3	0	0	0	0	0	0	1	0	0	0	1	907	0	0	2	0	0	0	1	0	0	0	0	0	10	0	0	0	0	0	0	0	0	1	0	1	0	0	15	0	0	0	1	0	0	0	0	0	0	0	0	0	25	0	0	0	0	0	0	0	0	0	0	0	0	0	0	0	1	3	0	2	0	0	0	0	0	9	0	0	0	0	0	0	0	0	0	0	0	0	3	0	0	0	0	0	0	0
0	0	0	0	0	0	13	0	5	0	0	1	0	1	0	0	0	0	0	0	0	1	0	0	0	0	0	0	0	0	0	0	0	0	3	0	0	0	0	0	3	0	36	0	0	0	0	0	0	0	5	0	6	1	1	0	0	0	3	0	0	0	0	0	0	1	0	0	11	0	0	4	0	2	0	0	0	0	0	0	0	2	0	0	0	0	0	0	0	0	0	0	0	0	0	0	0	0	0	0	0	0	0	0	0	1	0	0	0	0	9	0	0	0	0	0	0	0	0	0	0	0	0	3	1	0	0	0	0	0	0	0	2	0	0	0	0	0	0	0	0	0	0	0	8	0	0	0	0	0	0	0	0	0	0	1	0	9	0	0	0	0	3	0	0	0	7	0	0	0	3	15	2	0	0	0	0	0	1	0	7	0	0	0	6	0	0	0	0	0	0	0	0	1	0	1	0	0	0	0	0	0	0	0	0	0	0	955	0	0	0	1	0	2	5	0	0	0	0	0	15	0	0	0	0	0	0	1	0	0	13	4	0	0	6	0	0	1	0	0	0	0	0	0	0	0	0	0	70	0	0	0	0	0	0	0	0	0	0	0	0	0	0	0	0	4	0	0	0	0	0	0	0	17	2	0	0	0	0	0	0	0	0	0	0	0	2	0	0	0	0	0	0	1
0	0	1	4	0	0	9	0	9	0	1	7	0	0	0	0	0	0	1	1	0	1	0	0	0	0	0	0	0	0	0	0	0	0	0	0	0	3	0	0	2	0	60	0	0	0	0	0	0	0	0	0	2	0	0	0	0	0	1	0	0	0	0	0	0	6	0	0	0	0	0	6	0	0	0	0	0	0	0	0	0	4	0	0	0	0	0	0	0	2	0	0	5	0	0	0	0	0	0	0	0	0	0	0	0	0	0	0	0	0	1	0	0	0	2	0	0	0	0	0	0	0	0	0	3	0	0	1	0	0	0	0	2	0	0	0	0	0	0	5	0	0	0	0	1	0	0	0	0	0	0	0	0	0	0	1	0	0	0	0	0	0	1	0	0	0	2	0	0	0	0	0	0	0	0	0	0	0	2	0	2	0	0	2	0	0	0	0	0	0	0	0	0	2	0	0	0	0	0	0	0	1	0	0	1	0	0	759	1	0	4	0	0	0	0	0	0	0	0	0	11	0	0	0	0	0	1	1	0	0	5	0	3	0	2	0	1	0	0	0	0	0	0	0	0	0	0	0	12	0	0	0	0	0	0	1	0	0	0	0	0	0	0	0	2	4	5	0	1	1	0	0	2	0	0	1	0	0	0	0	0	0	0	0	0	0	0	0	0	0	0	0	0	0
0	0	0	6	0	1	15	0	0	0	0	0	0	0	0	0	1	0	0	0	0	0	0	0	0	0	0	0	1	0	0	1	0	1	0	0	0	0	0	0	0	0	38	0	0	0	0	0	0	0	0	0	3	0	0	1	0	0	1	0	1	0	0	0	0	6	0	0	0	0	0	4	0	1	2	0	0	1	0	0	0	2	0	0	0	0	0	0	0	0	0	0	0	0	0	0	0	0	1	0	0	0	1	0	0	0	0	0	0	0	1	0	0	1	1	0	0	0	0	2	0	0	1	0	1	0	0	0	0	0	0	0	2	0	0	0	0	1	0	1	1	0	0	3	1	0	0	0	0	0	0	0	0	0	0	0	3	0	0	0	0	0	16	0	0	0	2	0	0	0	0	0	0	0	0	0	1	0	0	0	1	1	0	1	0	0	0	0	0	0	0	0	0	2	0	1	0	0	0	0	0	0	2	1	0	0	0	590	0	0	2	0	0	0	0	0	0	0	0	0	14	0	0	0	0	0	0	3	0	0	2	0	0	0	2	0	0	0	0	0	0	0	0	0	0	0	3	0	55	0	0	0	0	0	0	0	0	0	3	0	0	2	0	0	0	1	2	1	0	0	0	4	1	0	0	0	0	0	0	0	0	0	0	0	0	0	0	0	0	0	0	0	0	0
0	0	0	3	0	0	24	0	8	0	0	4	0	0	0	0	0	0	0	0	0	1	0	0	0	0	0	0	1	0	0	0	0	1	0	0	0	0	0	0	3	0	53	0	0	0	0	0	0	0	2	0	6	1	0	0	0	0	2	0	1	0	0	0	0	5	0	0	2	0	0	5	0	0	4	0	0	0	0	0	0	1	0	0	0	0	0	0	0	0	0	0	0	0	0	1	0	0	0	0	0	0	1	0	0	2	0	0	0	0	5	0	0	0	1	0	0	0	0	0	0	0	3	2	3	0	0	0	0	0	1	0	3	0	0	0	0	0	0	1	0	0	0	0	5	0	1	1	0	0	0	0	0	0	0	1	2	10	0	0	0	0	0	1	0	0	20	0	0	0	2	2	2	0	0	0	0	0	1	0	11	0	0	0	4	0	0	0	1	0	0	0	0	7	0	2	1	0	0	2	0	1	1	0	0	0	0	1273	0	1	0	0	0	5	0	0	0	0	0	0	17	0	0	0	0	0	0	0	0	0	30	0	0	0	7	0	0	0	0	3	0	0	0	0	0	0	0	0	14	0	0	0	0	0	0	0	0	0	0	0	0	0	0	0	0	1	2	0	0	2	0	2	0	10	1	0	0	0	1	0	0	0	0	0	0	0	0	0	0	0	0	0	0	0
0	0	0	1	0	0	30	0	3	0	0	1	0	0	0	0	0	0	0	0	0	0	0	0	1	0	0	0	1	0	0	0	0	0	0	0	0	0	0	0	2	0	52	0	0	0	0	0	0	0	0	1	1	0	0	0	0	0	0	0	1	0	0	0	0	4	0	0	0	0	0	11	0	0	1	0	0	0	0	0	0	0	0	0	0	0	0	0	0	0	0	0	0	0	0	0	0	0	0	0	0	0	0	0	0	0	0	0	0	0	2	0	0	0	2	0	0	0	0	0	0	0	3	0	1	0	0	0	0	0	0	0	0	0	0	0	0	0	0	1	0	0	0	1	0	0	0	0	0	0	0	0	0	0	0	0	3	0	0	0	0	0	1	0	0	0	5	1	0	0	0	0	0	0	0	0	0	0	1	0	7	0	0	2	0	0	1	0	0	0	0	0	0	2	0	0	0	0	0	3	0	0	0	0	0	0	0	727	0	0	2	0	0	2	0	0	0	0	0	0	15	0	0	0	0	0	2	0	0	0	15	0	0	0	1	0	0	0	0	0	0	0	0	0	0	0	0	0	41	0	1	0	0	0	0	0	0	0	0	0	0	0	0	0	0	3	2	0	0	1	0	0	0	1	0	0	0	0	0	0	0	0	0	0	0	4	0	0	0	0	0	0	0	0
0	0	1	3	0	0	21	0	14	0	0	3	0	0	0	0	0	0	0	0	0	0	0	0	0	0	0	0	0	0	0	0	0	0	0	0	0	0	0	0	3	0	96	0	0	0	0	4	0	0	0	0	5	0	0	0	0	0	4	0	0	0	0	4	0	0	0	0	4	0	0	4	0	0	0	0	0	0	0	0	0	4	0	0	5	0	0	0	0	0	0	0	0	0	0	0	0	0	0	0	0	0	0	0	0	0	0	0	5	0	5	0	0	0	5	0	0	0	0	0	0	0	0	3	3	0	0	0	0	0	0	0	0	0	3	0	0	0	0	2	0	0	0	0	7	0	0	0	0	0	0	0	4	0	1	0	0	36	0	0	0	0	31	0	0	0	2	0	0	0	0	1	0	1	0	0	0	0	0	0	27	0	0	0	0	0	0	0	0	1	0	0	0	0	0	2	0	0	0	0	0	0	1	2	0	0	0	1040	0	0	0	0	0	0	0	0	0	0	1	0	26	0	0	2	0	0	0	0	0	7	11	2	0	0	4	0	1	0	0	1	0	0	0	0	0	0	0	0	12	0	0	0	0	0	0	0	0	0	2	0	0	0	0	0	0	1	0	1	0	0	0	3	0	2	0	0	0	0	0	0	0	0	0	0	4	0	2	0	0	0	0	1	0	0
0	0	2	0	0	0	11	0	4	0	0	2	0	0	0	0	0	0	0	0	0	0	0	0	0	0	0	0	0	0	0	0	0	0	0	0	0	0	0	0	0	0	28	0	0	0	0	2	0	0	0	0	6	0	0	0	0	0	1	0	0	0	0	0	0	0	0	0	1	0	0	1	0	0	0	0	0	0	0	0	0	3	0	0	1	0	0	0	0	0	0	0	0	0	0	0	0	0	0	0	0	0	1	0	0	0	0	0	3	0	1	0	0	0	7	0	0	0	1	2	0	0	0	2	2	0	0	0	0	0	0	0	1	0	1	0	0	0	0	1	0	0	0	0	2	0	0	0	0	0	0	0	1	0	1	0	0	11	0	0	0	0	14	0	0	0	3	0	0	0	0	3	0	1	0	0	0	0	0	0	11	0	0	0	0	0	0	0	0	0	0	0	0	1	0	0	0	0	0	0	0	0	0	0	0	0	0	717	0	0	2	0	0	0	0	0	0	0	0	0	6	0	0	2	0	0	0	0	0	3	1	0	0	0	0	0	1	0	0	1	0	0	0	0	0	0	0	0	14	0	0	0	0	0	0	0	0	0	0	0	0	1	0	0	0	0	0	1	0	0	0	4	0	1	0	0	0	0	0	0	0	1	0	0	1	0	0	0	0	0	0	0	0	0
0	0	0	2	0	0	6	0	4	0	0	0	0	0	0	0	0	1	0	0	0	0	0	0	0	0	0	0	0	0	0	0	0	0	0	0	0	0	0	0	0	0	29	0	0	0	0	0	0	4	0	0	5	0	0	0	0	0	0	0	0	0	0	0	0	0	0	0	16	0	0	0	0	4	0	0	0	0	0	0	0	0	2	0	0	0	0	0	0	0	0	0	1	0	1	0	0	0	0	0	0	0	2	0	1	0	0	0	0	0	2	0	0	0	0	0	0	0	0	0	0	0	0	0	0	0	0	0	0	0	0	0	1	0	5	0	0	0	0	5	0	0	0	0	11	0	0	0	0	0	2	0	0	0	0	0	2	3	0	0	0	0	3	0	0	0	4	0	0	0	0	5	0	2	0	0	0	0	0	0	0	5	0	0	0	0	0	0	0	0	0	0	0	0	0	0	0	0	0	0	0	0	0	0	0	0	0	1251	5	0	1	0	0	0	1	1	0	0	0	0	3	0	0	1	0	0	0	0	0	0	1	0	0	0	3	0	0	0	0	0	0	0	0	0	0	0	0	0	30	0	0	0	0	0	0	0	0	0	0	0	0	1	0	0	0	5	1	6	0	0	0	0	0	15	0	0	0	0	0	1	0	0	0	0	0	0	0	0	0	0	0	0	0	0
0	0	0	3	0	0	7	0	2	0	0	3	0	0	0	0	0	0	0	0	0	0	0	0	0	0	0	0	0	0	0	0	0	0	0	0	0	0	0	0	0	0	22	0	0	0	0	1	0	0	0	0	0	0	0	0	1	0	1	0	0	0	0	0	0	0	0	0	1	0	0	1	0	4	0	0	0	0	0	0	0	2	0	0	2	0	0	0	0	0	0	0	1	0	1	0	0	0	0	0	0	0	3	0	2	1	0	0	2	0	2	0	0	0	5	0	0	0	0	0	0	0	0	1	1	1	0	0	0	0	0	0	0	0	1	0	0	0	0	0	0	0	0	0	7	0	0	0	0	0	0	0	2	0	0	0	2	19	0	0	0	0	13	0	0	0	3	1	1	0	0	1	0	0	0	0	0	0	0	0	8	2	0	0	0	0	0	0	0	0	0	0	1	1	0	0	0	0	0	0	0	0	0	0	0	0	0	756	0	0	0	0	0	1	2	1	0	0	0	0	8	0	0	4	0	0	0	0	0	3	4	0	0	0	1	0	0	0	0	0	0	0	0	0	0	0	0	0	10	0	0	0	0	0	0	0	0	0	0	0	0	0	0	0	0	2	1	0	0	0	0	0	0	1	0	0	0	0	0	0	0	1	0	0	1	0	0	0	0	0	0	0	0	1
0	0	0	10	0	2	4	0	2	0	0	4	0	0	0	0	0	1	0	0	0	3	0	0	0	0	0	0	0	0	0	0	0	2	0	0	0	0	0	0	1	0	41	0	0	0	0	0	0	0	0	0	7	0	0	0	0	0	0	0	0	0	0	0	1	7	0	0	1	0	0	0	0	4	0	0	0	0	0	0	0	0	0	0	0	0	0	0	0	0	0	0	1	0	0	0	0	0	0	0	0	0	2	0	1	0	0	0	0	0	5	0	0	0	0	0	0	0	0	0	0	0	0	0	0	0	0	0	0	0	2	0	2	0	0	0	0	0	0	2	0	0	0	0	2	0	0	0	0	0	0	0	0	0	0	0	1	1	0	0	0	0	2	0	0	0	1	0	0	0	0	1	0	0	0	0	0	0	0	0	0	0	0	0	0	0	0	0	0	0	0	0	0	1	0	0	0	0	0	0	0	0	3	0	0	0	1	505	0	0	2	0	0	0	0	1	0	0	1	0	9	0	0	0	0	0	0	0	0	0	11	1	0	0	1	0	0	0	0	0	0	0	0	0	0	0	0	0	14	0	0	0	0	0	0	0	0	0	3	0	0	0	0	0	0	0	1	1	0	0	0	4	0	1	0	0	0	0	0	0	0	0	0	0	0	0	0	0	0	0	0	0	0	0
0	0	0	1	0	0	4	0	3	0	0	0	0	0	0	0	1	2	0	0	0	1	1	0	0	0	0	0	0	0	0	0	0	0	0	0	0	0	0	0	2	0	47	0	0	1	0	0	0	0	0	0	10	0	0	0	0	0	0	0	0	0	0	3	0	0	0	0	9	0	0	5	0	1	0	0	0	0	1	0	0	0	0	0	0	0	0	0	0	0	0	0	0	0	1	0	1	0	0	0	0	0	1	0	0	0	0	0	0	1	6	0	0	0	0	0	0	0	0	1	0	0	0	0	0	1	0	0	0	0	0	0	7	0	1	0	0	0	0	6	0	0	0	1	4	0	0	2	0	0	0	0	0	0	0	0	1	5	0	0	0	0	11	0	0	0	2	0	0	0	1	1	0	0	0	0	0	0	1	0	0	0	0	0	0	0	0	0	0	0	0	0	1	0	0	2	0	0	1	0	0	0	0	1	0	0	0	397	0	0	2	0	0	1	0	0	0	1	0	0	5	0	0	0	0	0	0	0	0	0	0	5	0	0	6	0	0	0	0	0	0	0	0	0	0	0	0	0	19	0	0	0	0	0	0	0	0	0	1	0	0	2	0	0	0	3	0	2	0	0	0	2	0	5	0	0	0	0	0	0	0	0	1	0	0	1	0	0	0	0	0	0	0	0
0	0	0	4	0	2	5	0	10	0	0	3	0	0	0	0	0	0	0	0	0	4	0	0	0	0	0	0	0	0	0	0	0	1	0	0	0	0	0	0	0	0	44	0	0	0	0	0	0	3	0	0	17	0	0	0	0	0	0	0	0	0	0	0	0	4	0	0	11	0	0	0	0	0	0	0	0	0	0	0	0	0	2	0	0	0	0	0	0	0	0	0	0	0	0	0	0	0	0	0	0	0	0	0	0	0	0	0	0	0	1	1	0	0	0	0	0	0	0	1	0	0	0	0	0	0	0	0	0	0	2	0	1	0	5	0	0	0	0	14	0	0	0	0	3	0	0	0	0	0	1	0	0	0	0	0	0	3	0	0	0	0	3	0	0	0	0	0	0	0	0	5	0	1	0	0	0	0	0	0	0	2	0	0	0	0	0	0	0	0	0	0	0	0	0	0	0	0	0	0	0	0	2	0	0	0	0	1572	0	0	0	0	0	0	0	0	0	0	1	0	8	0	0	0	0	0	0	0	0	0	10	0	0	0	2	0	0	0	0	0	0	0	0	0	0	0	0	1	21	0	0	0	0	0	0	0	0	0	0	0	0	4	0	0	0	0	0	10	0	0	0	6	0	15	0	0	0	0	0	0	0	0	0	0	0	0	0	0	0	0	0	0	0	0
0	0	0	4	0	0	14	0	9	0	0	2	0	0	0	0	0	1	0	0	0	0	0	0	0	0	0	0	0	0	0	0	0	0	0	0	0	0	0	0	0	0	46	0	0	0	0	1	0	1	0	0	4	0	0	0	0	0	2	0	0	0	0	0	0	0	0	0	7	0	0	0	0	3	0	0	0	0	0	0	0	3	0	0	2	0	0	0	0	0	0	0	0	0	1	0	0	0	0	0	0	0	1	0	1	0	0	0	1	0	2	0	0	0	4	0	0	0	0	0	0	0	0	2	2	0	0	0	0	0	1	0	1	0	4	0	0	0	0	3	0	0	0	0	8	0	0	0	0	0	0	0	2	0	0	0	0	14	0	0	0	0	12	0	0	0	2	0	0	0	0	4	0	0	0	0	0	0	0	0	12	2	0	0	0	0	0	0	0	0	0	0	0	0	0	0	0	0	0	0	0	0	1	0	0	0	0	1377	1	0	0	0	0	0	1	0	0	0	0	0	12	0	0	4	0	0	0	0	0	4	7	0	0	0	2	0	0	0	0	0	0	0	0	0	0	0	1	0	25	0	1	0	0	0	0	0	0	0	1	0	0	0	0	0	0	2	0	2	0	0	0	2	0	6	0	0	0	0	0	0	0	0	0	0	2	0	0	0	0	0	0	0	0	0
0	0	0	1	0	0	4	0	7	0	0	0	0	0	0	0	0	0	0	0	0	0	0	0	0	0	0	0	0	0	0	0	0	0	0	0	0	0	0	0	1	0	44	0	0	0	0	0	0	4	0	0	4	0	0	0	0	0	0	0	0	0	0	3	0	0	0	0	13	0	0	4	0	0	0	0	0	0	0	0	0	0	1	0	0	0	0	0	0	0	0	0	0	0	0	0	0	0	0	0	0	0	0	0	0	0	0	0	0	0	2	0	0	1	2	0	0	0	1	0	0	0	0	0	0	0	0	0	0	0	0	0	0	0	5	0	0	0	0	4	0	0	0	0	10	0	0	0	0	0	1	0	0	0	0	0	0	12	0	0	0	0	11	0	1	0	2	0	0	0	0	1	0	1	0	0	0	0	1	0	0	1	0	0	0	0	0	0	0	0	0	0	0	1	0	0	0	0	0	0	0	0	0	1	0	0	0	987	1	0	0	0	0	0	0	0	0	0	0	0	12	0	0	0	0	0	0	0	0	0	2	0	0	0	4	0	0	0	0	0	0	0	0	0	0	0	0	0	15	0	0	0	0	0	0	0	0	0	3	0	0	1	0	0	0	2	0	4	0	0	0	0	0	11	0	0	0	0	0	0	0	1	0	0	0	0	0	0	0	0	0	0	0	0
0	0	0	1	0	0	5	0	4	0	0	6	0	0	0	0	0	0	0	0	0	0	0	0	0	0	0	0	0	0	0	0	0	1	0	0	0	0	0	0	1	0	42	0	0	0	0	0	0	3	0	0	4	0	0	0	0	0	0	0	0	0	0	1	0	9	0	0	8	0	0	1	0	2	0	0	0	1	0	0	0	0	2	0	0	0	0	0	0	0	0	0	0	0	0	0	0	0	0	0	0	0	1	0	0	0	0	0	0	0	1	0	0	0	1	0	0	0	1	0	0	0	0	0	0	0	0	0	0	0	0	0	1	0	2	0	0	0	0	1	0	0	0	0	6	0	0	0	0	0	1	0	0	0	0	0	1	5	0	0	0	0	3	0	0	0	3	0	0	0	0	1	0	1	0	0	0	0	0	0	0	1	0	0	0	0	0	0	0	0	0	0	0	2	0	0	0	0	0	0	0	0	0	0	0	0	0	781	2	0	1	0	0	0	0	0	0	0	1	0	7	0	0	0	0	0	0	0	0	0	1	1	0	0	1	0	0	0	0	0	0	0	0	0	0	0	0	0	15	0	0	0	0	0	0	0	0	0	0	0	0	3	0	0	0	3	0	1	0	0	0	0	0	6	0	0	0	0	0	0	0	0	0	0	0	0	0	0	0	0	0	0	0	0
0	0	0	2	0	1	12	0	12	0	0	0	0	0	0	0	0	2	0	0	0	3	0	0	0	0	0	0	0	0	0	0	0	0	0	0	0	0	0	0	2	0	51	0	0	0	0	1	0	2	0	0	11	0	0	0	0	0	1	0	0	0	0	0	0	0	0	0	16	0	0	0	0	1	0	0	0	0	0	0	0	0	0	0	1	0	0	0	0	0	0	0	0	0	0	0	0	0	0	0	0	0	1	0	0	0	0	0	0	0	1	1	0	0	4	0	0	0	1	1	0	0	0	0	2	0	0	0	0	0	1	0	6	0	6	0	0	0	0	13	0	0	0	0	7	0	0	0	0	0	0	0	0	0	0	0	0	10	0	0	0	0	16	0	0	0	0	0	0	0	0	6	0	0	0	0	0	0	0	0	4	2	0	0	0	0	0	0	0	0	0	0	0	0	0	0	0	0	0	0	0	0	0	0	0	0	0	1335	1	0	2	0	0	0	0	0	0	0	0	0	12	0	0	2	0	0	0	0	0	1	5	3	0	0	3	0	0	0	0	0	0	0	0	0	0	1	0	0	44	0	0	0	0	0	0	0	0	0	2	0	0	3	0	0	0	3	0	7	0	0	0	7	0	12	0	0	0	0	0	0	0	0	0	0	1	0	0	0	0	0	0	0	0	0
0	0	0	1	0	0	13	0	12	0	0	2	0	0	0	0	3	0	0	0	0	0	0	0	0	0	0	0	0	0	0	0	0	0	0	0	0	0	0	1	6	0	97	0	0	0	0	0	0	3	0	0	6	0	0	0	0	0	0	0	0	0	0	8	1	1	0	0	13	0	0	5	0	0	0	0	0	0	0	1	0	1	1	0	0	0	0	0	0	0	0	0	0	0	1	0	0	0	0	0	0	0	1	0	0	0	0	0	0	0	2	0	0	2	5	0	0	0	1	0	0	0	0	0	1	0	0	0	0	0	0	0	1	0	4	0	0	0	0	2	0	0	0	0	11	0	0	0	0	0	0	0	0	0	0	0	0	13	0	0	0	0	11	0	0	0	3	0	0	0	0	0	0	2	0	0	0	0	0	0	1	0	0	0	0	0	0	0	0	4	0	0	0	2	0	5	0	0	0	0	0	0	0	5	0	0	0	804	0	0	1	0	0	0	0	0	0	3	0	0	19	0	0	1	0	0	0	0	0	1	2	6	0	0	3	0	0	0	0	0	1	0	0	0	0	0	0	0	21	0	0	0	0	0	0	0	0	0	2	0	0	4	0	0	0	4	0	1	0	0	0	1	0	6	0	0	0	0	0	0	0	2	0	0	0	0	3	0	0	0	0	0	0	0
0	0	1	1	0	0	5	0	3	0	0	3	0	0	0	0	0	0	0	0	0	0	0	0	0	0	0	0	0	0	0	0	0	0	0	0	0	0	0	0	0	0	32	0	0	0	0	0	0	0	0	0	7	0	0	0	0	0	0	0	0	0	0	0	0	1	0	0	2	0	0	1	0	0	0	0	0	0	0	0	0	1	0	0	0	0	0	0	0	0	0	0	0	0	0	0	1	0	0	0	0	0	0	0	0	0	0	0	1	0	3	0	0	0	0	0	0	0	0	1	0	0	0	0	0	0	0	1	0	0	0	0	1	0	0	0	0	0	0	2	0	0	0	1	2	0	0	0	0	0	0	0	0	0	1	0	0	7	0	0	0	0	7	0	0	0	2	0	0	0	0	2	0	1	0	0	0	0	0	1	1	0	0	0	0	0	0	0	0	0	0	0	0	0	0	0	0	0	0	0	0	0	0	0	0	0	0	696	0	1	0	0	0	0	0	0	0	0	0	0	5	0	0	0	0	0	0	0	0	0	2	0	0	0	1	0	1	0	0	0	0	0	0	0	0	0	0	0	9	0	0	0	0	0	0	0	0	0	0	0	0	1	0	0	0	0	0	2	0	0	0	2	0	2	0	0	0	0	0	0	0	0	0	0	0	0	0	0	0	0	0	0	0	0
0	0	1	0	0	0	9	0	1	0	0	0	0	0	0	0	0	3	0	0	0	0	0	0	0	0	0	0	0	0	0	0	0	0	0	0	0	0	0	0	0	0	26	0	0	0	0	0	0	1	0	0	9	0	0	0	0	0	0	0	0	0	0	0	0	0	0	0	4	0	0	1	0	6	0	0	0	0	0	0	0	0	0	0	0	0	0	0	0	0	0	0	2	0	0	0	0	0	0	0	0	0	4	0	1	0	0	0	0	0	3	1	0	0	1	0	0	0	0	4	0	0	0	0	0	0	0	0	0	0	0	0	6	0	0	0	1	0	0	1	0	0	0	0	4	0	0	0	0	0	0	0	0	0	1	0	1	1	0	0	0	0	3	0	0	0	5	0	0	0	0	4	0	1	0	0	0	0	0	0	0	0	0	0	0	0	0	0	0	0	0	0	0	0	0	0	0	0	0	0	0	0	0	0	0	0	0	536	1	0	4	0	0	0	2	1	0	0	0	0	1	0	0	2	0	0	0	0	0	0	0	1	0	0	1	0	1	0	0	0	0	0	0	0	0	0	0	0	24	0	0	0	0	0	0	0	0	0	0	0	0	2	0	0	0	2	2	1	0	0	0	3	0	3	0	0	0	0	0	0	0	0	0	0	0	0	0	0	0	0	0	0	0	0
0	0	1	2	0	1	2	0	4	0	0	1	0	0	0	0	0	0	0	0	0	1	0	0	0	0	0	0	0	0	0	0	0	0	0	0	0	0	0	0	0	0	36	0	0	0	0	0	0	3	0	0	10	0	0	0	0	0	0	0	0	0	0	0	0	1	0	0	7	0	0	1	0	0	0	0	0	0	0	0	0	0	2	0	0	0	0	0	0	0	0	0	0	0	0	0	0	0	0	0	0	0	0	0	0	0	0	0	0	0	1	0	0	0	1	0	0	0	1	0	0	0	0	0	0	0	0	0	0	0	0	0	0	0	3	0	0	0	0	6	0	0	0	0	6	0	0	0	0	0	1	0	0	0	0	0	0	2	0	0	0	0	1	0	0	0	3	0	0	0	0	1	0	2	0	0	0	0	0	0	0	1	0	0	0	0	0	0	0	0	0	0	0	1	0	0	0	0	0	0	0	0	0	0	0	0	0	992	0	0	0	0	0	0	0	0	0	0	0	0	7	0	0	0	0	0	0	0	0	0	3	0	0	0	2	0	0	0	0	0	0	0	0	0	0	0	0	0	13	0	0	0	0	0	0	0	0	0	2	1	0	2	0	0	0	0	0	6	0	0	0	1	0	10	0	0	0	0	0	0	0	1	0	0	0	0	0	0	0	0	0	0	0	0
0	0	0	4	0	0	17	0	12	0	0	0	1	0	0	0	1	1	0	0	0	1	0	0	0	0	0	0	0	0	0	0	0	0	0	0	0	1	0	0	3	0	92	0	0	0	0	0	0	1	0	0	10	0	0	0	0	0	1	0	0	0	0	5	0	0	0	0	18	0	0	2	0	4	0	0	0	0	0	0	0	0	0	0	1	0	0	0	0	1	0	0	0	0	3	0	0	0	0	0	0	0	2	0	1	0	0	0	1	0	5	0	0	0	1	0	0	0	0	0	0	0	0	1	1	0	0	0	0	0	0	0	3	0	5	0	0	0	0	6	0	0	0	0	13	0	0	0	0	0	0	0	1	0	0	0	0	9	0	0	0	0	8	0	0	0	3	0	0	0	0	4	0	1	0	0	0	0	0	0	3	1	0	0	0	0	0	0	0	1	0	0	0	0	0	2	0	0	0	0	0	0	0	2	0	0	0	1224	0	0	1	0	0	0	1	1	0	1	0	0	13	0	0	1	0	0	0	0	0	1	4	7	0	0	6	0	0	0	0	0	0	0	0	0	0	0	0	0	36	0	0	0	0	0	0	0	0	0	1	0	0	2	0	0	0	7	0	4	0	0	0	3	0	10	0	0	0	0	0	0	0	0	0	0	1	0	2	0	0	0	0	0	0	0
0	0	0	7	0	0	7	0	7	0	0	1	0	0	0	0	2	1	0	0	0	0	0	0	0	0	0	0	0	0	0	0	0	0	0	1	0	0	0	0	5	0	121	0	0	0	0	0	0	3	0	0	11	0	0	0	0	0	0	1	0	0	0	14	0	2	0	0	34	0	0	4	0	12	0	0	0	0	0	0	0	0	1	0	0	0	0	0	0	0	0	0	1	0	4	0	0	0	0	0	0	0	2	0	1	0	0	0	0	0	8	0	0	0	0	0	0	0	0	0	1	0	0	0	0	0	0	0	0	0	0	0	2	0	4	0	0	0	0	5	0	0	0	0	21	0	0	0	0	0	1	0	0	0	0	0	1	1	0	0	0	0	0	0	0	0	7	0	0	0	0	2	0	4	0	0	0	0	0	0	0	2	0	0	0	0	0	0	0	2	0	0	0	0	1	5	0	0	0	0	0	0	0	5	0	0	0	1080	2	0	0	0	0	0	2	0	0	3	0	0	11	0	0	0	0	0	0	0	0	0	3	10	0	0	11	0	0	0	0	0	0	0	0	0	0	0	0	0	29	0	0	0	0	0	0	0	0	0	1	0	0	3	0	0	0	15	1	4	0	0	0	0	0	18	0	0	0	0	0	0	0	0	0	0	0	0	2	0	0	0	0	0	0	0
0	0	0	1	0	0	13	0	14	0	0	2	0	0	0	0	0	1	0	0	0	0	0	0	0	0	0	0	0	0	0	0	0	0	0	0	0	0	0	0	3	0	85	0	0	0	0	1	0	4	0	0	12	0	0	0	0	0	1	0	0	0	0	5	0	1	0	0	21	0	0	1	0	1	0	0	0	0	0	0	0	1	1	0	0	0	0	0	0	0	0	0	0	0	1	0	0	0	0	0	0	0	0	0	0	0	0	0	0	0	4	0	0	0	0	0	0	0	0	1	0	0	0	0	0	0	0	0	0	0	0	0	3	0	6	0	0	0	0	7	0	0	0	0	7	0	0	0	0	0	1	0	1	0	0	0	0	19	0	0	0	0	16	0	0	0	2	0	0	0	0	3	0	2	0	0	0	0	0	0	2	0	0	0	0	0	0	0	0	1	0	0	0	0	0	1	0	0	0	0	0	0	0	1	0	0	0	1251	1	0	0	0	0	0	0	0	0	2	0	0	11	0	0	0	0	0	0	0	0	1	3	4	0	0	6	0	0	0	0	0	0	0	0	0	0	0	0	0	23	0	0	0	0	0	0	0	0	0	0	0	0	5	0	0	0	4	0	4	0	0	0	3	0	14	0	0	0	0	0	0	0	0	0	0	0	0	1	0	0	0	0	0	0	0
0	0	0	3	0	0	8	0	7	0	0	0	0	0	0	0	0	1	0	0	0	2	0	0	1	0	0	0	0	0	0	0	0	0	0	0	0	0	0	0	0	0	47	0	0	0	0	0	0	1	0	0	13	0	0	0	0	1	0	0	0	0	1	0	0	0	0	0	11	0	0	0	0	0	0	0	0	0	0	0	1	1	0	0	0	0	0	0	0	0	0	0	0	0	0	0	0	0	0	0	0	0	0	0	0	0	0	0	1	0	4	1	0	0	0	0	0	0	0	1	0	0	0	0	0	0	0	0	0	0	1	0	1	0	4	0	0	0	0	8	1	0	0	0	7	0	0	0	0	0	0	1	0	0	1	0	0	5	0	0	0	0	5	0	0	0	3	0	0	0	0	6	0	2	1	0	0	0	0	0	1	3	0	0	0	0	0	0	0	0	0	0	0	0	0	0	0	0	0	0	0	0	1	0	0	0	0	1377	1	0	0	0	0	0	1	0	0	0	0	0	6	0	0	1	0	0	0	0	0	0	4	0	0	0	4	0	1	0	0	0	0	0	0	0	0	0	0	0	23	1	0	0	0	0	0	0	0	0	0	0	0	1	0	0	0	1	1	6	0	0	0	3	0	11	0	0	0	0	0	0	0	0	0	0	1	0	0	0	1	0	0	0	0	0
0	0	1	4	0	2	8	0	7	0	0	0	0	0	0	0	0	0	0	0	0	3	0	0	0	0	0	1	0	0	0	0	0	0	0	0	0	0	0	0	1	0	79	0	0	0	0	0	0	1	0	0	16	0	0	0	0	0	0	0	0	0	0	4	0	0	0	0	17	0	0	5	0	0	0	0	0	0	1	0	0	0	0	0	0	0	0	0	0	0	0	0	0	0	1	0	0	0	0	0	0	0	1	0	0	0	0	0	0	0	7	0	0	1	1	0	0	0	1	1	0	0	0	0	0	0	0	1	0	0	2	0	1	0	4	0	0	0	0	12	0	0	0	0	15	0	0	0	0	0	0	0	0	0	1	0	0	1	0	0	0	0	1	0	0	0	5	0	0	0	0	2	0	3	0	0	0	0	0	0	0	2	1	0	0	0	0	0	0	1	0	0	0	0	0	1	0	0	0	0	0	0	2	1	0	0	0	1134	0	0	1	0	0	0	1	0	0	0	0	0	11	0	0	0	0	0	0	0	0	0	3	2	0	0	7	0	1	0	0	1	0	0	0	0	0	0	0	0	29	0	0	0	0	0	0	1	0	0	6	0	0	1	0	0	0	2	0	8	0	0	0	2	0	13	0	0	0	0	0	0	0	0	0	0	0	0	0	0	0	0	0	0	0	0
2	0	4	0	0	0	92	0	5	0	0	4	1	0	10	1	0	0	7	0	1	0	2	0	0	0	0	1	0	0	1	0	0	0	0	0	1	0	0	0	0	0	39	1	2	1	0	0	0	0	0	36	3	0	0	0	1	0	12	0	0	1	0	1	0	2	0	0	2	0	0	0	0	0	4	0	1	0	5	0	0	0	0	0	0	0	0	2	2	0	0	1	0	0	0	5	0	14	0	0	0	1	0	3	0	0	0	0	0	6	2	0	0	0	3	0	1	1	0	0	3	2	0	0	0	8	3	0	0	48	0	0	0	1	2	19	0	0	0	4	0	0	0	0	7	0	0	0	1	0	0	2	0	0	0	1	0	0	3	0	1	1	1	0	52	0	119	0	0	3	0	3	0	0	3	0	0	0	19	5	0	0	0	0	1	1	0	0	0	0	3	0	0	0	7	0	6	3	0	8	4	0	0	0	26	0	0	36	0	0	1	8	0	50	2	1	0	1	0	0	0	0	0	42	0	1	0	0	0	0	0	0	0	13	0	8	0	3	0	0	0	2	0	5	5	0	6	0	41	0	12	4	0	0	0	0	0	4	0	0	0	0	0	0	0	18	0	8	3	0	0	0	0	7	0	0	0	0	0	0	0	0	0	0	0	0	0	1	6	0	0	0	0	7
2	0	0	0	9	0	101	0	3	0	3	1	0	0	9	0	0	0	25	0	0	1	1	0	0	0	2	0	0	5	1	0	2	0	0	0	2	0	0	0	0	0	52	16	3	0	0	1	0	1	0	54	2	0	2	1	2	1	12	0	0	0	0	2	0	0	0	0	1	0	0	0	0	0	12	0	1	0	5	0	0	0	0	0	0	0	0	4	0	0	0	1	0	0	0	1	0	7	0	0	0	0	0	3	0	0	0	0	0	18	2	0	0	0	0	0	0	1	0	0	1	1	0	1	0	9	2	0	0	114	0	0	0	0	0	19	0	0	0	4	0	0	0	0	11	0	0	0	1	0	0	4	0	0	6	10	0	0	2	0	1	1	0	0	39	0	99	1	0	7	0	2	0	0	0	0	0	0	19	4	0	0	0	0	1	0	0	0	0	2	6	0	0	0	4	0	5	2	0	14	9	0	0	1	38	0	0	24	0	0	1	12	0	74	0	0	1	0	0	0	6	0	0	56	0	1	2	0	0	0	0	0	0	6	0	3	0	12	0	0	0	3	0	1	3	0	7	2	27	0	27	9	0	1	0	0	0	1	0	0	0	0	2	0	0	30	0	12	4	0	3	0	0	11	0	0	0	0	2	0	4	0	0	1	0	0	0	0	3	0	0	0	0	10
1	0	0	0	0	0	74	0	1	1	3	0	1	1	6	0	0	0	8	0	1	1	0	0	0	0	3	0	0	2	1	0	3	0	0	0	0	0	1	1	0	0	50	3	1	0	0	0	0	0	0	7	3	0	1	0	0	1	5	1	0	0	0	2	0	1	0	1	0	0	0	1	1	0	2	0	0	0	5	0	0	0	1	0	0	0	0	1	0	1	1	0	3	0	0	1	0	4	0	1	1	0	0	3	0	0	1	0	3	7	5	1	0	0	0	1	0	0	0	0	2	1	0	0	0	4	4	0	1	29	0	0	0	0	3	8	0	0	0	6	0	0	1	0	7	0	2	0	1	0	0	1	0	0	5	1	0	3	6	1	1	1	1	0	9	0	51	1	0	8	0	4	0	1	2	0	0	0	13	1	0	0	0	0	0	0	0	0	0	1	5	0	1	0	4	1	4	0	0	9	2	0	4	0	19	0	0	49	0	0	2	11	0	38	0	0	0	0	0	0	11	0	0	42	0	0	0	0	0	0	0	0	0	2	0	2	0	7	0	0	1	7	0	1	1	0	2	0	24	0	17	3	1	0	0	0	0	0	5	0	0	0	0	0	0	15	0	13	0	1	0	0	0	4	0	0	0	0	0	2	1	0	0	0	0	0	0	0	0	0	0	0	0	5
0	0	0	0	0	0	290	0	5	0	6	2	0	0	5	1	0	0	1	0	0	1	1	0	0	0	2	0	0	0	0	0	0	0	0	0	0	0	0	0	0	0	79	1	0	0	0	0	0	0	0	31	1	0	0	0	0	0	20	0	0	0	0	1	0	0	0	0	1	0	0	0	0	0	1	0	0	0	2	0	1	0	0	0	0	0	0	2	0	0	0	1	0	0	0	1	0	5	0	0	0	0	0	6	0	0	0	0	2	1	1	0	0	0	0	0	1	1	0	0	0	0	0	0	0	5	0	0	0	11	0	0	0	0	0	35	0	0	0	3	0	0	3	0	3	0	0	0	0	0	0	2	0	0	1	0	0	0	2	0	0	0	0	0	67	2	171	0	0	6	0	1	0	0	0	0	0	0	6	5	0	0	0	0	0	0	0	0	0	0	0	0	0	0	2	0	1	11	0	0	1	1	0	1	14	0	0	19	0	0	0	3	0	11	0	1	0	0	0	0	5	0	0	110	0	0	0	0	0	0	0	0	0	9	0	7	0	2	0	0	0	19	0	2	3	0	12	1	12	0	1	6	1	0	0	0	0	7	0	0	0	0	0	0	0	32	0	7	6	0	1	0	0	6	0	0	0	0	0	0	2	0	8	1	0	0	0	1	3	0	0	0	0	2
1	0	0	0	0	0	161	0	1	0	7	0	0	0	4	0	0	0	6	0	0	3	1	0	0	0	4	0	0	0	0	0	2	0	0	0	0	0	0	0	0	0	67	1	1	0	0	1	0	0	0	24	1	0	0	1	1	0	21	1	0	0	0	2	0	1	0	0	0	0	0	2	0	0	1	0	0	0	4	2	0	0	2	0	0	0	0	1	1	1	2	1	2	0	0	0	0	4	0	0	0	0	0	3	0	0	0	0	0	5	8	0	0	0	0	1	0	0	0	0	0	0	0	0	0	6	1	0	0	26	0	0	0	1	0	15	0	0	0	4	0	0	2	0	7	0	0	0	1	0	0	8	0	0	6	4	0	1	2	1	0	1	0	0	30	1	134	1	0	5	0	3	0	0	1	0	0	0	14	3	1	0	0	0	0	0	0	0	0	0	4	0	0	0	5	0	4	2	0	5	1	0	2	0	12	0	0	35	0	0	0	7	0	40	0	0	1	0	0	0	11	0	0	69	0	0	0	0	0	0	0	0	0	3	0	4	0	4	1	0	0	9	0	1	3	0	9	1	32	0	11	3	0	0	0	0	0	1	2	0	0	0	1	0	0	32	0	13	2	0	1	0	0	9	0	0	0	0	0	0	2	0	0	2	0	0	0	0	2	0	0	0	0	8
4	0	1	0	0	0	93	0	1	0	0	0	2	0	8	0	0	0	12	0	1	0	1	0	0	0	1	0	0	0	0	0	0	0	0	0	1	0	0	0	0	2	22	1	2	0	0	0	0	0	0	32	1	0	0	0	1	0	2	7	0	0	2	3	0	1	0	0	0	0	0	0	2	0	4	0	0	2	10	0	1	1	2	0	0	0	0	1	3	4	0	0	1	0	0	0	0	5	0	0	2	0	1	5	0	10	0	0	0	6	5	0	0	0	0	0	0	1	0	0	2	3	0	0	0	9	7	0	2	33	0	0	0	0	1	3	0	0	0	1	0	1	0	0	3	0	0	0	2	0	0	4	0	0	0	4	1	1	3	0	0	3	0	0	40	0	45	0	0	6	0	0	0	0	7	0	0	0	6	8	29	0	0	0	0	0	0	0	1	0	5	2	0	1	10	0	9	4	0	9	3	0	4	0	13	0	5	7	0	1	0	11	0	92	0	0	0	0	0	0	0	0	2	63	0	3	0	0	1	0	0	0	0	8	0	18	0	4	0	1	0	4	0	1	9	7	2	0	39	0	25	1	1	0	0	0	0	2	0	0	0	2	0	0	0	13	0	5	4	0	2	0	0	12	0	0	0	0	0	3	1	0	0	0	0	0	0	0	11	0	0	0	0	4
3	0	1	0	0	0	44	0	5	0	0	7	1	0	11	0	0	0	6	0	0	0	0	0	0	0	0	1	0	2	2	0	2	3	0	0	0	0	2	0	0	0	78	4	2	3	0	0	0	0	0	2	5	0	1	0	0	0	17	1	0	1	3	1	0	3	0	0	1	0	0	0	1	0	0	0	0	0	9	0	0	1	5	0	0	3	0	4	0	0	0	0	3	0	0	4	0	18	0	0	1	0	2	0	1	0	0	0	17	6	11	3	0	0	6	0	0	0	0	0	3	1	0	0	0	4	3	0	1	33	0	0	0	0	7	51	0	0	0	12	0	1	1	0	11	0	0	0	2	0	0	0	0	0	0	0	0	0	10	0	1	0	4	0	9	0	123	0	0	3	0	15	0	0	4	2	0	0	23	0	1	2	0	0	0	6	0	0	0	0	5	0	0	2	8	0	10	0	0	12	3	0	2	0	39	2	0	129	0	0	2	12	0	41	0	0	0	1	0	0	1	0	0	11	0	0	1	0	0	0	0	0	0	2	0	0	0	4	0	0	0	1	0	7	0	3	6	0	52	0	27	8	0	0	0	0	0	2	0	0	0	0	0	0	0	7	0	22	0	0	0	2	0	5	0	0	0	0	0	1	0	0	0	0	0	0	0	0	0	0	0	0	0	5
7	0	0	0	0	0	73	0	0	0	5	2	2	1	11	0	0	0	26	0	1	0	0	0	0	0	1	0	0	2	0	0	0	0	0	0	2	0	0	0	0	1	25	6	3	0	0	0	0	0	0	17	1	0	0	0	0	2	9	6	0	0	0	2	0	0	0	1	0	0	0	1	2	0	7	0	0	0	9	0	0	1	0	0	0	0	0	0	0	4	0	0	2	0	0	0	0	7	0	0	2	0	0	0	0	4	0	0	0	14	2	0	0	0	2	0	1	0	0	0	4	3	0	0	0	4	11	0	2	69	1	0	0	0	0	0	0	0	0	0	0	2	0	0	5	0	0	0	0	0	0	4	0	0	2	11	0	7	3	0	3	6	4	0	18	1	77	1	0	5	0	0	0	0	11	0	0	0	11	1	12	0	0	0	0	0	0	0	0	2	7	1	0	1	7	0	9	2	0	18	5	0	5	0	11	0	6	3	0	0	3	14	0	113	0	0	1	0	0	0	2	0	4	37	0	3	0	0	0	0	0	0	0	4	1	1	0	13	0	0	0	3	0	0	0	4	2	0	23	0	44	1	0	0	0	0	0	0	1	0	0	1	0	0	0	11	0	6	4	0	0	0	0	8	0	0	0	0	1	3	1	0	0	0	0	0	0	0	1	0	0	0	0	7
4	0	6	0	0	0	59	0	2	0	0	1	7	2	5	0	0	0	15	0	4	0	1	0	0	11	3	0	0	2	2	0	3	0	0	0	1	0	3	4	0	0	40	1	3	0	0	0	0	0	0	45	8	0	0	2	2	5	2	3	0	1	0	2	0	0	2	9	0	0	0	0	1	0	5	0	0	0	8	0	0	0	1	0	0	0	0	1	4	3	0	0	6	0	0	6	0	12	0	3	2	1	0	2	0	0	0	0	2	11	6	2	0	0	1	0	0	2	0	0	8	4	0	0	0	4	6	0	4	73	0	0	0	0	7	8	0	0	0	14	0	3	0	0	11	0	0	0	2	0	0	2	0	0	0	2	0	10	3	0	3	5	7	0	33	0	41	1	0	9	0	7	0	2	5	0	0	0	40	10	0	0	0	0	0	0	0	0	0	2	7	0	0	0	5	1	8	1	0	21	5	0	7	0	21	0	3	77	0	0	6	10	0	75	1	1	0	0	0	0	4	0	4	37	0	1	0	0	0	0	0	0	0	13	0	7	0	10	0	0	2	3	0	4	11	1	1	1	60	0	21	3	0	0	0	0	0	1	6	0	0	0	0	0	0	21	0	23	0	6	1	0	0	6	0	0	0	0	0	3	0	0	0	0	0	0	0	1	8	0	0	0	0	10
1	1	0	0	0	0	95	0	6	0	0	1	0	0	5	1	0	0	6	0	0	0	0	0	0	0	1	0	0	1	0	0	1	0	0	0	0	1	1	0	0	2	60	3	1	0	0	0	0	3	0	31	5	0	1	1	2	0	10	1	0	0	0	6	0	1	1	0	1	0	2	0	1	0	0	0	0	0	6	0	0	0	0	0	0	0	0	2	1	2	0	0	3	0	0	1	0	7	0	0	1	0	1	1	0	0	0	0	11	4	8	2	0	0	0	0	0	2	0	0	3	0	0	0	0	11	1	0	1	24	0	0	0	0	3	92	0	0	0	26	0	0	0	0	14	1	0	0	0	0	0	3	0	0	0	7	0	5	3	0	0	2	0	0	41	0	78	4	0	3	0	10	0	1	1	0	0	0	35	2	1	0	0	0	0	0	0	0	0	1	5	0	0	0	5	2	8	2	0	5	2	0	3	2	19	0	1	97	0	0	1	6	0	54	0	0	0	0	1	0	4	0	0	53	0	0	0	0	0	0	0	0	0	4	0	6	0	3	0	0	1	4	0	3	5	0	8	0	83	0	13	7	1	1	0	0	0	3	0	0	0	1	0	0	0	16	0	14	6	0	0	0	0	26	0	0	0	0	0	2	2	0	0	0	0	0	0	0	3	0	0	0	0	4
1	1	1	0	0	0	232	0	2	0	2	0	1	0	2	0	0	0	1	0	2	1	1	0	0	0	5	0	0	0	0	0	1	0	0	0	0	0	1	2	0	0	59	0	0	0	0	0	0	1	0	38	3	0	0	0	2	0	8	1	0	0	0	2	0	0	0	1	0	0	0	0	0	0	0	0	0	0	3	0	2	0	1	0	0	0	0	0	4	2	0	1	3	0	0	1	0	5	0	0	1	0	0	6	0	0	0	0	1	0	4	1	0	0	0	0	0	4	0	0	1	1	0	0	0	7	0	0	2	10	1	0	0	0	1	24	0	0	0	10	0	1	1	0	5	0	0	0	0	0	0	4	0	0	0	3	0	7	1	0	1	2	3	0	60	0	79	2	0	9	0	2	0	1	3	0	0	0	20	18	1	0	0	0	0	0	0	0	0	0	2	0	0	0	3	0	4	11	0	2	0	0	4	0	5	0	1	30	0	0	2	3	0	25	0	2	0	0	0	0	8	0	0	118	0	0	0	0	0	0	0	0	0	9	0	19	0	2	0	0	1	19	0	2	16	1	5	1	39	0	3	2	2	0	0	0	0	4	2	0	0	1	0	0	0	28	0	9	5	1	2	0	0	12	0	0	0	0	0	1	1	0	0	2	0	0	0	1	12	0	0	0	0	1
0	0	0	0	0	0	324	1	0	0	4	1	1	0	1	0	0	0	3	0	1	0	3	0	0	0	2	0	0	0	0	0	0	0	0	1	0	0	0	0	0	0	35	0	1	0	0	1	0	0	0	36	1	0	0	1	2	0	19	0	0	0	0	0	0	1	0	0	0	0	0	0	0	0	1	0	2	0	5	1	3	0	0	0	0	0	0	0	3	0	0	2	0	0	0	1	0	2	0	0	0	1	0	7	0	0	0	0	0	3	2	0	0	0	0	0	0	0	0	0	1	1	0	1	0	1	1	0	0	12	1	0	0	1	1	0	0	0	0	0	0	0	1	0	2	0	0	0	0	0	0	3	0	0	0	0	0	1	1	0	0	0	0	0	82	2	235	0	1	5	0	2	0	0	0	0	0	0	5	13	1	0	0	0	1	0	0	0	0	0	0	0	0	0	1	0	1	7	0	4	1	0	1	0	7	0	0	32	0	0	0	3	0	31	0	0	0	0	0	0	1	1	0	137	0	1	0	0	0	0	0	0	0	18	0	16	0	1	0	0	0	19	0	0	13	0	20	2	15	0	4	1	1	0	0	0	0	4	0	0	0	0	0	0	0	33	0	3	3	0	1	0	0	3	0	0	0	0	0	1	0	0	0	0	0	0	0	0	7	0	0	0	0	8
1	0	3	0	0	0	111	0	2	0	4	0	4	0	6	1	0	0	5	0	0	1	0	0	0	0	0	0	0	0	1	0	0	0	0	0	1	0	0	0	0	0	48	0	3	0	0	0	0	0	0	17	2	0	0	0	0	0	15	2	0	1	2	4	0	2	0	0	1	0	0	1	1	0	2	0	0	1	6	1	0	0	5	0	0	1	0	0	0	1	0	0	0	0	0	5	0	7	0	0	0	1	1	1	0	3	0	0	1	6	12	0	0	0	0	0	0	0	0	0	3	2	0	0	0	8	7	0	0	28	0	0	0	0	3	26	0	0	0	3	0	0	2	0	4	0	0	0	2	0	0	7	0	0	0	2	0	0	3	0	0	2	0	0	26	1	91	0	0	0	0	3	0	0	1	0	0	0	9	1	11	0	0	0	0	0	0	0	0	0	4	1	0	0	12	0	5	2	0	4	3	0	3	0	16	0	2	24	0	0	0	8	0	61	2	0	1	0	0	0	3	0	3	52	0	2	0	0	0	0	0	0	0	7	0	4	0	0	0	1	0	6	0	2	2	5	5	1	53	0	9	1	0	0	0	0	0	2	0	0	0	1	0	0	0	23	0	14	2	0	0	0	0	10	0	0	0	0	0	1	0	0	0	0	0	0	0	0	3	0	0	0	0	7
1	0	5	0	0	0	297	1	3	0	4	6	0	0	5	0	0	0	1	0	2	0	1	0	0	0	1	1	0	0	0	0	0	0	0	0	0	0	0	0	0	0	46	0	0	5	0	1	0	0	0	30	1	0	0	1	2	0	40	0	0	0	0	0	0	0	0	1	1	0	0	0	0	0	0	0	1	0	1	0	2	0	0	0	0	0	0	0	1	0	0	1	0	0	0	1	0	10	0	1	0	1	0	3	0	0	0	0	0	2	0	0	0	0	5	0	1	1	0	0	3	1	0	0	0	3	1	0	0	17	2	0	0	0	0	4	0	0	0	1	0	0	1	0	3	0	0	0	0	0	0	1	0	0	0	1	0	3	0	0	1	1	9	0	83	1	310	0	0	4	0	0	0	0	2	2	0	0	17	6	0	0	0	0	1	0	0	0	0	0	0	0	0	0	1	0	1	12	0	2	2	0	0	0	7	0	0	20	0	0	2	2	0	17	1	0	1	4	0	0	1	0	0	100	0	0	0	0	0	0	0	0	0	20	0	5	0	1	0	0	0	14	0	2	3	0	19	1	15	0	0	0	1	0	0	0	0	4	0	0	0	0	0	0	0	30	0	4	9	0	0	0	0	3	0	0	0	0	0	0	0	0	0	0	0	0	0	0	4	0	0	0	1	7
1	0	5	0	0	0	215	0	0	0	8	0	3	0	3	0	0	0	10	0	2	1	1	0	0	2	4	0	0	0	2	0	1	0	0	0	2	0	0	0	0	0	49	0	3	0	0	0	0	0	0	40	2	0	2	0	0	1	4	1	0	1	0	2	0	0	0	1	0	0	0	1	1	0	5	0	0	0	7	0	1	0	2	0	0	0	0	1	1	0	1	0	1	0	0	6	0	4	0	0	0	1	1	5	0	0	0	0	1	6	6	0	0	0	0	0	1	0	0	0	3	3	0	0	0	1	8	0	0	37	0	0	0	0	3	2	0	0	0	1	0	0	2	0	1	0	0	0	1	0	0	6	0	0	2	0	0	0	3	1	1	0	1	0	47	2	65	0	0	7	0	1	0	0	0	0	0	0	3	12	0	0	0	0	0	0	0	0	0	0	3	0	0	0	4	0	3	4	0	8	4	0	2	0	13	0	0	14	0	0	0	7	0	46	2	1	1	0	0	0	4	0	3	103	0	2	0	0	0	0	0	0	0	21	0	10	0	3	0	0	0	20	0	1	7	2	3	3	17	0	8	2	0	0	0	0	0	5	0	0	0	0	0	0	0	37	0	17	1	0	1	0	0	2	0	0	0	0	0	1	1	0	0	0	0	0	0	1	8	0	0	0	0	6
2	0	0	0	0	0	199	0	3	0	3	12	0	0	0	0	0	0	1	0	0	0	1	0	0	0	2	0	0	0	0	0	1	0	0	0	0	5	0	1	0	0	82	0	0	1	0	0	0	1	0	34	3	0	4	0	0	0	16	0	0	0	0	7	0	0	3	0	0	0	9	0	1	0	0	0	0	0	7	0	0	0	0	0	0	0	0	0	1	0	0	0	4	0	0	0	0	6	0	0	0	0	0	2	0	0	0	0	18	0	7	2	0	0	1	1	0	4	0	0	4	0	0	0	0	2	0	0	0	2	1	0	1	0	0	17	0	0	1	13	0	1	0	0	7	4	1	0	0	0	0	4	0	0	2	1	0	3	0	0	0	0	3	3	57	1	172	5	0	6	0	9	0	1	3	1	0	0	16	2	0	0	0	0	0	0	0	0	0	0	0	0	0	2	0	4	3	3	0	1	1	0	2	3	6	0	0	114	0	0	3	0	0	19	0	0	0	0	3	0	12	0	0	63	0	0	0	0	0	0	0	0	4	2	0	2	0	2	0	0	1	8	0	0	3	0	13	1	33	0	2	0	2	0	0	0	0	1	4	0	0	0	0	0	0	32	0	22	3	1	0	0	0	17	0	0	0	0	0	1	3	0	0	1	0	0	0	0	0	0	0	0	0	7
0	0	0	0	0	0	91	0	4	0	4	0	0	1	5	1	0	0	2	0	0	0	0	0	1	0	1	0	0	0	0	0	1	0	0	1	0	0	0	0	0	0	35	0	1	0	0	0	0	0	0	25	3	0	0	0	0	0	5	0	0	0	0	1	0	2	0	0	1	0	0	0	0	0	0	0	0	0	1	0	0	0	1	0	0	0	0	1	0	1	0	0	2	0	0	0	0	4	0	0	1	0	0	4	0	0	0	0	0	1	3	0	0	0	0	0	2	0	0	0	0	1	0	0	0	8	0	0	1	6	0	0	0	0	1	11	0	0	0	4	0	0	2	0	5	0	6	0	0	0	0	7	0	0	0	0	0	1	5	0	0	0	0	0	39	3	55	0	1	2	0	1	0	1	4	0	0	0	10	2	1	0	1	0	0	0	0	0	0	0	1	1	0	0	4	0	3	2	0	2	0	0	2	0	8	0	0	33	0	0	1	5	0	19	1	0	0	0	0	0	4	0	0	53	0	0	0	0	0	0	0	0	0	7	0	10	0	1	0	0	0	8	0	2	0	0	3	2	26	0	4	2	0	0	0	0	0	3	1	0	0	0	0	0	0	17	0	4	1	0	0	0	0	6	0	0	2	0	0	0	0	0	0	0	0	0	0	0	2	0	0	0	0	4
2	0	5	0	0	0	83	0	7	0	2	5	3	1	5	1	1	0	3	0	1	2	0	0	0	0	0	1	0	0	0	0	1	0	0	0	1	0	2	1	0	0	70	0	1	1	0	0	0	1	0	30	7	0	1	0	0	1	13	0	0	1	0	5	0	0	1	3	2	0	0	0	1	0	0	0	0	0	4	0	0	1	1	0	0	1	1	1	0	1	0	0	4	0	0	3	0	16	0	1	0	0	0	0	0	0	0	0	10	2	10	2	0	0	2	0	0	1	0	0	7	2	0	0	0	8	2	0	1	19	0	0	0	0	7	81	0	0	0	27	0	1	1	0	11	0	0	0	0	0	0	4	0	0	0	2	0	4	1	0	1	3	4	0	39	1	79	2	0	1	0	7	0	0	4	0	0	0	42	1	0	0	0	0	0	0	0	0	0	0	3	0	0	1	7	1	6	2	0	4	3	0	4	1	13	1	1	96	0	0	2	4	0	38	2	0	1	1	0	0	4	0	1	32	0	1	0	0	0	0	0	0	0	9	0	1	0	1	0	0	0	4	0	5	1	0	4	0	86	0	3	2	0	0	0	0	0	3	1	0	0	0	0	0	0	21	0	29	2	0	0	1	0	17	0	0	0	0	0	1	0	0	0	0	0	0	0	0	2	0	0	0	0	6
1	0	0	0	0	0	105	0	5	0	2	1	0	1	2	0	0	0	5	0	1	0	2	0	0	0	2	0	0	1	0	0	0	0	0	0	0	1	1	4	0	0	47	1	0	0	0	0	0	1	0	56	7	0	1	1	1	1	5	0	0	0	0	4	0	1	3	2	0	0	1	0	1	0	0	0	0	0	4	0	0	0	0	0	0	0	0	2	1	2	0	0	5	0	0	1	0	6	0	1	1	0	0	1	0	0	0	0	6	3	5	3	0	0	0	0	1	3	0	0	4	2	0	0	0	6	0	0	2	17	0	0	0	0	4	27	0	0	0	21	0	1	0	0	11	0	1	0	0	0	0	6	0	0	0	2	0	9	1	0	1	2	2	1	61	1	70	4	1	4	0	8	0	1	2	0	0	0	34	5	0	0	0	0	0	0	0	0	0	2	2	0	0	0	2	3	6	2	0	6	1	0	4	0	11	0	1	111	0	0	4	3	0	39	1	0	0	0	0	0	4	0	0	58	0	1	0	0	0	0	0	0	0	10	0	9	0	3	0	0	1	6	0	1	5	0	6	1	59	0	6	3	0	0	0	0	0	3	4	0	0	0	0	0	0	23	0	15	2	3	0	0	0	15	0	0	0	0	0	1	1	0	0	0	0	0	0	0	4	0	0	0	0	8
2	1	8	0	0	0	64	0	5	0	0	0	8	0	11	3	0	0	6	0	0	2	0	0	0	0	0	0	0	0	2	0	1	1	0	0	0	0	1	0	0	2	63	0	2	0	0	0	0	3	0	3	4	0	1	0	1	2	24	1	0	4	1	6	0	1	0	3	0	0	0	0	3	0	2	0	0	0	4	0	0	0	2	0	0	1	0	0	0	1	0	0	2	0	0	10	0	10	0	1	0	3	1	0	0	0	0	0	9	14	11	2	0	0	0	0	0	0	0	0	9	0	0	0	0	13	12	0	0	64	1	0	0	0	10	152	0	0	0	28	0	0	1	0	16	0	0	0	3	0	0	0	0	0	0	10	0	5	4	0	1	7	0	0	7	0	92	3	0	1	0	9	0	0	0	0	0	0	44	0	0	1	0	0	0	3	0	0	0	0	9	0	0	0	11	0	6	0	0	7	11	0	6	1	35	1	2	84	0	0	0	11	0	74	1	1	2	0	0	0	6	0	7	37	0	0	0	0	0	0	0	0	0	2	0	0	0	1	0	0	0	3	0	6	2	1	9	0	107	0	11	4	1	0	0	0	0	1	0	1	0	1	0	0	0	13	0	20	9	0	0	1	0	23	0	0	0	0	0	2	1	0	0	1	0	0	0	0	1	0	0	0	0	4
1	2	4	0	0	0	83	0	7	0	8	1	0	0	9	2	0	0	2	0	1	7	0	0	0	0	2	0	0	0	1	0	2	1	0	0	0	0	1	0	0	2	77	0	0	1	0	0	0	4	0	30	3	0	0	0	0	0	14	0	0	1	0	3	0	0	0	0	3	0	0	1	0	0	0	0	0	0	0	0	0	0	1	0	0	1	0	0	0	1	2	0	4	0	0	2	0	14	0	0	0	0	0	2	0	0	0	0	0	1	5	0	0	0	1	1	1	1	0	0	1	1	0	0	0	16	0	0	0	22	0	0	0	0	1	72	0	0	0	14	0	0	2	0	10	0	0	0	0	0	0	12	0	0	4	7	0	3	1	1	1	2	2	0	27	1	47	4	0	2	0	0	0	0	5	1	0	0	37	2	0	0	1	0	0	1	0	0	0	0	4	0	0	0	10	0	5	4	0	1	0	0	2	1	8	1	1	19	0	0	3	5	0	22	1	0	4	1	0	0	18	0	0	39	1	0	0	0	0	0	0	0	0	4	0	2	0	3	0	0	0	6	0	7	0	0	1	2	53	0	2	2	0	1	0	0	0	1	2	0	0	1	0	0	0	28	0	19	3	0	0	0	0	16	0	0	0	0	0	0	2	0	0	3	0	0	0	0	2	0	0	0	0	3
1	0	3	0	0	0	156	1	1	0	10	3	2	0	3	0	0	0	7	0	0	1	1	0	0	0	1	0	0	0	1	0	0	0	0	0	2	0	0	0	0	0	54	0	1	0	0	1	0	0	0	26	1	0	3	0	0	1	34	0	0	1	0	4	0	1	0	1	0	0	0	1	2	0	2	0	4	0	5	4	0	0	0	0	0	0	0	0	0	0	2	1	1	0	0	2	0	7	0	1	0	5	0	1	0	0	0	0	1	11	10	0	0	0	0	1	0	0	0	0	5	2	0	1	0	2	5	0	0	31	0	0	0	1	2	7	0	0	0	2	0	0	1	0	5	0	0	0	1	0	0	10	0	0	3	2	0	0	0	2	0	1	0	0	34	2	209	1	0	0	0	4	0	0	0	0	0	0	10	1	0	0	0	0	2	0	0	0	0	0	2	0	0	0	5	0	2	0	0	5	6	0	2	0	14	0	0	47	0	0	0	3	0	53	1	0	3	0	0	0	6	0	4	53	0	1	0	0	0	0	0	0	0	7	0	0	0	1	0	0	0	5	0	0	1	0	13	2	36	0	4	0	0	0	0	0	0	0	0	1	0	0	0	0	0	42	0	21	2	0	0	0	0	7	0	0	0	0	0	1	1	0	0	0	0	0	0	0	0	0	0	0	0	18
4	1	2	0	0	0	77	0	6	0	6	3	2	0	6	1	0	0	9	0	0	0	0	0	0	0	0	0	0	0	1	0	0	0	0	2	2	1	0	0	0	2	60	0	3	0	0	0	0	1	0	48	5	0	2	0	0	0	4	2	0	0	1	8	0	0	0	0	3	0	1	0	3	0	1	0	0	0	8	0	0	1	3	0	0	0	0	3	0	2	0	0	2	0	0	2	0	12	0	0	0	0	1	0	0	2	0	0	11	2	15	1	0	0	0	0	2	0	0	0	6	3	0	0	0	9	4	0	1	21	0	0	0	0	4	63	0	0	0	16	0	1	1	0	6	0	0	0	1	0	0	12	0	0	0	3	0	1	2	0	0	2	0	0	46	3	35	1	2	0	0	4	0	0	4	0	0	0	18	1	7	0	0	0	0	0	0	0	0	0	4	1	0	3	13	0	11	2	0	4	4	0	5	1	12	0	3	35	0	0	0	6	0	71	2	0	1	0	1	0	2	0	1	35	0	2	0	0	0	0	0	0	1	12	0	3	0	1	0	1	0	4	0	3	0	4	1	1	85	0	10	2	0	0	0	0	0	4	0	0	0	2	0	0	0	19	0	29	3	0	0	0	0	22	0	0	0	0	0	2	1	0	0	0	0	0	0	0	2	0	0	0	0	5
4	0	9	0	0	0	128	0	2	0	1	1	2	0	9	0	0	0	8	0	2	0	0	0	0	0	2	0	0	0	2	0	0	0	0	0	1	0	0	0	0	0	46	1	2	0	0	0	0	0	0	21	2	0	3	0	0	0	1	0	0	1	0	4	0	0	0	0	0	0	0	0	4	0	7	0	0	0	7	0	1	0	0	0	0	0	0	1	1	0	0	0	0	0	0	5	0	8	0	0	0	0	0	6	0	0	0	0	5	6	4	0	0	0	0	0	0	3	0	0	6	1	0	0	0	7	14	0	0	47	0	0	0	0	4	27	0	0	0	5	0	0	0	0	3	0	0	0	1	0	0	0	0	0	0	1	0	0	3	0	1	2	0	1	27	0	31	0	0	11	0	0	0	0	1	0	0	0	7	9	0	0	0	0	0	0	0	0	0	0	4	0	0	0	7	0	3	6	0	5	11	0	1	1	28	0	1	9	0	0	0	10	0	52	0	1	1	0	0	0	4	0	5	77	0	1	0	0	0	0	0	0	1	10	0	8	0	4	0	0	0	10	0	3	10	0	1	0	26	0	8	3	3	0	0	0	0	3	0	0	0	0	0	0	0	19	0	15	6	0	4	0	0	9	0	0	0	0	0	1	3	0	0	1	0	0	0	1	8	0	0	0	0	1
1	0	1	0	0	0	125	0	3	0	0	7	0	0	2	0	0	0	0	0	1	1	1	0	0	0	2	0	0	0	0	0	0	0	0	0	0	0	0	0	0	1	58	0	0	0	0	0	0	0	0	14	1	0	0	1	2	0	21	1	0	0	1	2	0	2	0	0	0	0	0	1	0	0	0	0	1	0	6	1	0	1	2	0	0	0	0	0	5	2	0	3	2	0	0	0	0	9	0	0	1	0	0	10	0	1	0	0	3	0	11	0	0	0	2	0	0	4	0	0	1	0	0	0	0	8	0	0	1	2	0	0	0	1	1	21	0	0	0	6	0	1	0	0	7	0	1	0	0	0	0	3	0	0	0	1	0	0	0	0	0	0	0	0	32	0	161	1	0	6	0	6	0	1	6	0	0	0	16	5	7	0	2	0	0	0	0	0	0	0	0	1	0	1	5	0	4	2	0	0	0	0	3	1	8	0	1	69	0	0	1	3	0	20	0	2	1	0	0	0	9	0	0	48	0	0	0	0	1	0	0	0	0	0	0	7	0	1	0	0	0	3	0	2	14	1	9	0	46	0	2	0	1	0	0	0	0	0	1	0	0	1	0	0	0	24	0	11	1	0	2	0	0	13	0	0	0	0	0	1	2	0	0	2	0	0	0	1	5	0	0	0	0	5
5	2	1	0	0	0	56	1	4	0	0	14	1	0	12	1	0	0	3	0	0	1	0	0	0	0	0	1	1	0	0	0	0	0	0	0	0	0	0	0	0	4	56	0	0	4	0	1	0	2	0	6	2	0	0	2	2	0	46	5	0	0	2	2	0	2	0	0	1	0	0	2	0	0	0	0	1	1	8	1	0	3	2	0	0	0	0	0	3	5	0	0	3	0	0	0	0	21	0	0	1	0	1	0	0	6	0	0	0	4	9	0	0	0	12	0	0	1	0	1	2	1	0	1	0	13	1	0	2	24	0	0	0	1	0	21	1	0	0	4	0	2	0	0	12	0	0	0	0	0	0	3	0	0	0	10	0	4	3	0	1	3	4	0	16	0	217	1	0	1	0	3	0	0	18	3	0	0	34	0	32	0	0	0	1	0	0	0	0	1	5	1	0	2	14	0	13	1	0	7	1	0	4	0	12	0	6	41	0	0	4	9	1	67	0	0	1	3	0	0	2	0	0	14	0	0	0	0	2	0	1	0	0	0	0	0	0	4	0	2	0	0	0	5	1	7	8	0	76	0	23	0	0	1	0	0	0	0	0	0	0	3	0	0	0	10	0	10	4	0	0	0	0	19	0	0	0	0	0	1	1	0	0	1	1	0	0	0	1	0	0	0	0	7
1	0	0	0	0	0	279	0	3	0	4	8	0	0	2	0	0	0	2	0	0	1	1	0	0	0	1	0	0	0	0	0	0	0	0	0	0	1	0	0	0	0	94	0	1	0	0	0	0	0	0	27	1	0	1	0	0	0	26	1	0	0	2	4	0	2	0	0	1	0	2	1	2	0	0	0	0	1	13	1	1	1	4	0	0	0	0	2	1	0	0	1	0	0	0	1	0	8	0	0	0	0	2	2	0	2	0	0	15	1	18	0	0	0	2	0	0	1	0	0	2	0	0	0	0	4	1	0	0	7	0	0	0	0	1	50	0	0	0	5	0	0	2	0	3	1	0	0	1	0	0	5	0	0	0	0	0	0	1	0	0	0	0	1	64	1	209	0	0	1	0	8	0	0	1	0	0	0	4	3	11	0	0	0	0	1	0	0	0	0	1	1	0	2	8	0	5	6	0	1	1	0	1	0	12	0	1	44	0	0	0	3	0	39	1	1	0	0	1	0	2	0	0	85	0	1	0	0	1	0	0	0	0	8	0	6	0	0	0	1	0	12	0	1	5	4	14	1	47	0	6	4	2	0	0	0	0	7	0	0	0	1	0	0	0	31	0	20	3	0	0	0	0	12	0	0	0	0	0	1	1	0	0	1	0	0	0	1	4	0	0	0	0	4
4	0	4	0	0	0	40	0	3	0	0	8	2	0	9	0	0	0	12	0	2	0	0	0	1	0	0	0	0	0	1	0	0	0	0	0	1	3	0	0	0	0	28	2	1	0	0	0	0	0	0	13	2	0	4	0	0	1	8	0	0	1	0	5	0	0	1	2	0	0	3	0	6	0	5	0	0	0	9	0	0	0	0	0	0	0	0	1	0	0	0	1	1	0	0	1	0	11	0	2	0	3	0	2	0	0	0	0	6	15	3	0	0	0	1	0	0	1	0	0	13	2	0	0	0	6	11	0	0	51	0	0	0	0	3	8	0	0	0	5	0	0	0	0	8	1	2	0	0	0	0	0	0	0	0	2	1	0	2	0	1	2	0	2	16	0	97	1	0	4	0	5	0	0	2	0	0	0	15	0	0	0	0	0	0	0	0	0	0	0	2	0	0	1	5	1	5	0	0	11	19	0	1	2	39	0	0	60	0	0	1	8	0	73	0	0	1	0	2	0	1	0	5	20	0	1	0	0	0	0	0	0	1	3	0	0	0	4	0	0	0	0	0	1	2	0	6	0	37	0	12	0	0	0	0	0	0	0	0	0	0	0	0	0	0	14	0	15	2	0	0	0	0	10	0	0	1	0	1	2	1	0	0	0	0	0	0	0	0	0	0	0	0	12
1	0	0	0	0	0	37	1	10	0	2	2	0	0	3	1	0	0	1	0	0	1	1	0	0	1	1	0	0	0	2	0	1	0	0	1	0	1	0	1	6	0	98	0	2	3	0	0	0	0	0	6	3	0	0	0	0	2	7	0	0	0	0	5	0	0	2	0	0	0	0	0	1	0	0	0	1	0	0	0	0	1	4	2	0	0	0	0	0	2	0	0	3	0	0	0	0	0	0	0	0	0	0	0	0	0	0	0	11	5	10	0	0	0	9	1	0	0	0	0	1	1	0	0	0	3	3	0	0	12	0	0	1	0	4	40	0	0	0	29	0	0	0	0	15	3	0	0	0	0	0	1	0	0	1	0	0	25	0	0	0	2	14	0	22	0	45	2	0	0	0	9	0	0	5	0	0	0	15	0	0	0	1	0	0	0	0	0	0	0	0	0	0	1	0	4	2	0	0	1	0	0	5	5	9	0	1	81	0	0	0	3	0	18	1	1	0	0	0	0	6	0	1	29	0	0	0	0	1	0	0	0	0	4	0	1	0	2	0	0	0	2	0	1	1	0	3	1	92	0	1	2	0	0	0	0	0	0	2	0	0	4	0	0	0	14	0	24	4	0	0	0	1	35	0	0	0	0	3	1	1	1	1	0	1	0	0	0	1	2	1	0	0	0
1	0	0	0	0	0	124	1	8	0	4	0	0	0	1	2	0	0	0	0	1	2	0	0	0	3	2	0	0	1	0	0	2	0	0	1	0	0	0	0	2	0	113	0	0	2	0	0	0	1	0	10	4	0	1	0	0	0	3	0	0	0	0	0	0	0	1	0	1	0	2	3	0	0	0	0	1	0	0	0	0	1	4	0	0	0	0	0	0	3	0	0	5	0	0	0	0	0	0	0	0	0	0	1	0	0	0	0	4	3	17	0	0	0	3	1	0	0	0	0	0	0	0	0	1	2	1	0	0	9	0	0	1	0	4	12	0	0	0	20	1	0	0	0	14	2	1	1	0	0	0	4	0	0	0	0	0	4	3	0	0	2	34	0	45	0	90	2	1	1	0	5	0	0	4	0	0	0	26	1	8	1	0	1	0	0	0	0	0	2	0	0	0	0	2	2	1	0	0	1	0	0	5	4	6	0	0	103	0	0	0	2	0	10	2	2	0	0	0	0	12	0	0	63	0	0	0	0	0	1	0	0	1	11	0	3	1	2	0	0	0	2	0	2	0	0	3	2	83	2	1	1	0	0	0	0	1	0	1	0	0	1	0	0	0	27	0	27	12	0	0	0	0	36	0	0	0	0	0	0	0	1	1	0	0	0	0	0	1	0	0	0	0	3
1	0	0	0	0	0	4	0	9	0	1	6	0	0	1	0	1	0	0	1	3	1	0	1	0	0	1	0	0	0	0	0	0	0	0	0	0	0	0	9	7	0	60	0	0	1	0	0	0	1	0	1	3	0	0	0	0	0	7	1	0	0	2	0	0	0	0	0	0	0	0	1	0	0	0	0	0	2	0	0	0	1	2	0	0	0	0	0	0	0	0	0	7	0	0	1	0	0	0	0	0	1	0	0	0	2	0	0	3	3	8	0	0	0	0	1	0	0	0	0	1	0	0	0	0	3	0	0	0	3	0	2	0	0	1	29	0	0	0	11	0	0	0	0	9	1	0	0	0	0	1	1	0	0	0	0	0	1	0	0	0	1	12	0	4	0	17	1	0	0	0	1	0	0	3	0	0	0	28	0	7	4	0	0	0	1	0	0	0	0	0	0	0	2	0	2	1	0	0	0	0	0	1	2	3	0	0	188	0	0	0	7	0	8	1	0	0	0	0	0	22	0	0	7	0	3	0	0	0	0	0	0	0	0	0	1	0	0	0	0	0	1	0	1	0	0	1	0	120	0	1	0	0	0	0	0	0	0	1	0	0	0	0	0	0	6	0	6	0	0	0	0	0	17	0	0	0	0	1	0	0	1	0	0	0	0	1	0	2	2	0	0	0	0
0	7	16	0	0	0	45	1	12	0	1	7	0	3	9	0	1	0	2	0	0	2	0	0	0	0	1	0	0	1	0	0	0	2	0	1	0	2	2	0	5	0	89	0	0	0	0	0	0	0	0	1	3	1	0	0	0	0	12	0	0	0	0	7	0	3	0	0	0	0	1	3	2	0	0	0	3	1	0	0	0	2	0	6	0	0	0	0	0	1	0	3	8	0	0	0	0	0	0	0	0	3	0	1	0	0	0	0	5	2	5	0	0	0	8	4	0	0	0	0	4	0	0	2	0	3	0	0	0	12	0	0	0	0	1	20	0	0	0	13	0	0	0	0	25	0	1	0	0	0	0	14	0	0	0	0	0	33	0	1	2	1	20	0	14	0	43	0	0	0	7	7	2	9	5	0	0	0	11	0	6	0	5	1	0	0	0	0	0	1	0	0	0	0	0	3	4	0	0	3	0	0	2	1	16	0	0	199	0	1	0	0	0	25	0	2	0	0	0	0	12	1	1	42	0	0	0	0	0	0	0	0	0	3	0	1	0	3	1	2	0	2	0	0	4	0	1	1	80	0	0	2	0	0	0	0	0	0	6	0	0	0	0	0	0	8	0	24	2	0	0	0	0	27	0	0	0	0	0	3	2	0	0	0	0	0	0	0	0	1	0	0	0	2
1	0	0	0	0	0	0	2	23	0	0	8	0	1	2	3	1	0	1	0	1	5	0	0	0	0	2	0	0	0	0	0	0	1	0	0	0	0	0	0	6	0	52	0	0	2	0	0	0	4	0	3	6	0	0	0	0	0	2	0	0	0	1	1	0	0	1	0	6	0	3	9	0	0	3	0	3	4	0	0	0	6	6	1	0	0	0	0	0	6	0	0	16	0	0	0	0	0	0	0	0	10	0	0	0	16	0	0	11	5	23	0	0	0	9	1	0	0	0	0	3	0	0	0	0	5	1	0	0	17	0	0	0	0	2	38	0	0	0	13	0	0	1	0	33	0	2	0	0	0	0	26	0	0	0	0	0	29	8	1	1	2	110	0	0	0	24	1	0	0	8	10	0	0	8	0	1	0	90	1	34	0	5	1	0	1	0	0	0	2	0	2	0	0	3	4	2	0	0	3	0	0	6	1	19	0	0	321	0	0	0	0	0	22	4	0	0	0	1	0	46	0	3	1	0	0	0	0	0	0	0	0	1	0	0	0	0	4	0	0	0	0	0	2	2	1	0	3	172	0	4	2	0	0	0	0	0	0	1	0	0	0	0	0	0	0	0	10	9	0	0	0	0	31	0	0	0	0	0	0	0	0	0	0	0	0	0	0	0	0	0	1	0	3
1	0	0	0	0	0	50	0	13	0	1	5	0	0	3	0	0	0	0	0	1	1	0	0	0	0	1	0	0	0	1	0	0	0	0	0	0	1	0	0	5	0	71	0	0	0	0	0	0	2	0	1	2	1	0	0	0	1	8	0	0	0	0	2	0	0	0	0	0	0	1	2	1	0	0	0	0	3	0	0	0	3	1	1	0	0	0	0	0	0	0	1	5	0	0	0	0	0	0	0	0	5	0	0	0	4	0	0	8	3	6	0	0	0	3	2	0	0	0	0	0	1	0	0	0	1	1	0	0	6	0	0	0	0	1	31	0	0	0	13	0	0	0	0	13	1	0	0	0	0	0	4	0	0	0	0	0	5	0	0	0	1	20	0	13	0	41	0	0	0	1	4	0	1	5	0	0	0	23	0	11	0	3	0	0	0	0	0	0	0	0	0	0	0	0	2	2	0	0	1	0	0	4	3	7	0	0	192	0	0	0	1	0	11	1	1	0	0	0	0	17	1	0	31	0	0	0	0	0	0	0	0	2	4	0	1	0	0	0	0	0	1	0	0	1	0	2	0	109	0	1	1	0	0	0	0	0	0	2	1	0	1	0	0	0	9	0	17	1	0	0	0	0	20	0	0	0	0	0	1	1	0	0	0	0	0	1	0	0	1	0	1	0	0
1	3	0	0	0	0	6	0	15	0	0	5	0	2	4	0	3	0	6	0	0	1	0	0	0	2	1	0	0	0	0	0	1	2	0	0	0	0	1	1	7	0	70	0	0	4	0	0	0	1	1	8	9	1	0	0	0	0	12	0	0	0	0	3	0	1	0	0	0	0	0	0	0	0	1	0	0	3	2	0	0	0	3	2	0	0	0	0	0	3	0	0	2	0	0	0	0	0	0	0	0	0	0	0	0	0	0	0	6	6	22	0	0	0	6	4	0	0	0	0	6	0	0	0	0	5	1	1	0	5	0	0	1	0	3	23	0	0	0	17	1	1	1	0	27	0	0	0	0	0	0	0	0	0	0	0	2	33	1	1	2	1	2	0	7	0	24	2	0	0	0	0	0	1	0	0	0	0	23	0	0	3	0	0	0	1	0	0	0	0	0	0	0	2	0	2	10	0	0	3	0	0	0	0	5	0	0	200	0	2	0	2	0	15	1	1	0	0	0	0	51	0	1	15	0	0	0	0	0	0	0	0	0	0	0	3	1	1	1	0	0	1	0	1	0	2	0	0	115	1	1	0	0	0	0	0	0	0	3	0	0	0	0	0	0	5	0	21	0	0	0	0	0	32	0	0	0	0	0	0	0	0	0	0	0	0	0	0	1	1	0	0	0	0
1	0	0	0	0	0	23	2	16	0	1	5	0	0	2	0	0	0	0	0	2	1	3	0	0	0	1	0	0	0	4	0	0	1	0	1	0	3	1	0	8	0	61	0	3	1	0	0	0	3	0	1	2	0	0	0	0	1	6	0	0	0	0	3	0	0	1	0	0	0	0	2	2	0	0	0	0	2	0	0	0	6	3	2	0	0	0	0	1	0	0	0	4	0	0	0	0	0	0	0	0	6	0	0	0	4	0	0	17	6	6	0	0	0	6	1	0	0	0	0	0	3	0	0	0	0	3	1	0	10	0	0	0	0	3	60	0	0	0	19	0	0	0	0	14	2	0	0	0	0	0	3	0	0	0	0	0	12	0	0	0	1	31	0	8	0	33	0	0	0	1	9	0	0	7	0	0	0	34	0	10	0	4	1	0	0	0	0	0	0	1	0	0	0	0	3	1	0	0	1	0	0	8	5	10	0	2	172	0	0	0	0	0	13	3	0	0	0	0	0	15	0	0	16	0	0	0	0	1	0	0	0	1	2	1	1	0	0	0	0	0	1	0	0	2	0	3	1	136	0	3	4	0	0	0	0	0	0	2	0	0	4	0	0	0	5	0	16	2	0	1	0	0	23	0	0	0	1	3	2	2	0	0	0	2	0	0	0	0	1	0	0	1	0
2	1	0	0	0	0	2	1	17	0	0	4	0	1	2	1	1	0	2	0	1	2	1	0	0	0	2	0	0	0	1	0	0	1	0	0	0	1	0	0	9	0	76	0	0	4	0	0	0	2	1	6	8	1	0	0	0	1	7	0	0	0	0	4	0	0	2	0	1	0	1	1	1	0	0	0	0	0	1	0	0	3	8	2	0	0	0	0	0	4	0	0	3	0	0	0	0	7	0	0	0	2	0	0	0	0	0	0	18	9	17	0	0	0	12	1	0	0	0	0	3	1	0	0	0	4	4	1	0	12	0	0	1	0	5	58	0	0	0	28	0	0	0	0	24	3	0	0	0	0	0	1	0	0	1	0	0	39	2	1	1	2	23	0	4	0	24	2	0	0	0	8	0	0	5	0	0	0	45	0	2	1	2	0	0	1	0	0	0	1	0	0	0	0	1	5	5	0	0	3	0	0	6	3	13	0	2	180	0	1	0	2	0	19	3	0	0	0	0	0	35	0	1	5	0	0	0	0	1	0	0	0	0	0	0	2	0	2	0	0	0	1	0	1	1	1	2	0	157	0	4	2	0	0	0	0	0	0	1	0	0	2	0	0	0	2	0	16	2	0	0	0	0	35	0	0	0	0	2	1	1	0	1	0	1	0	0	0	1	1	0	0	0	0
1	0	0	0	0	0	31	0	8	0	0	3	0	0	1	1	1	0	0	0	1	1	0	0	0	2	0	0	0	0	0	0	1	0	1	0	0	0	0	2	3	1	52	0	0	2	0	0	0	0	0	3	2	0	0	0	0	0	3	0	0	0	1	0	0	0	0	0	0	0	1	2	0	0	1	0	1	1	0	0	0	1	1	0	0	0	0	0	0	2	0	0	7	0	0	0	0	0	0	0	0	1	0	0	0	1	0	0	3	1	14	0	0	0	1	3	0	0	0	0	1	0	0	0	0	3	0	0	0	6	0	0	0	0	2	18	0	0	0	12	0	0	0	0	12	0	0	0	0	0	1	2	0	0	0	0	0	2	1	0	0	0	19	0	8	0	42	1	0	0	0	2	0	0	3	0	0	0	27	0	7	2	0	0	0	0	0	0	0	1	0	0	0	1	0	2	1	0	0	1	1	0	3	1	4	0	0	136	0	1	0	3	0	10	0	1	0	0	0	0	16	0	0	23	1	1	0	0	0	0	0	0	2	1	0	1	0	1	0	0	0	0	0	2	0	0	0	0	101	0	1	0	0	0	0	0	0	0	1	0	0	0	0	0	0	11	0	17	3	0	0	0	0	24	0	0	0	0	0	0	0	0	0	0	0	0	0	0	0	1	0	0	0	1
1	0	0	0	0	0	52	0	16	0	0	0	0	0	0	0	0	0	1	0	2	0	1	0	0	3	0	0	0	0	1	0	4	0	0	0	0	1	0	0	6	0	41	0	1	2	0	0	0	5	2	4	1	0	1	0	0	1	2	0	0	0	1	2	0	0	2	0	2	0	0	0	0	0	3	0	0	3	0	0	0	4	8	0	1	1	0	0	0	0	0	0	1	0	0	0	0	0	0	0	0	3	0	1	0	4	0	0	16	6	24	0	0	0	5	3	0	0	0	0	0	1	0	0	1	0	2	0	0	9	0	0	1	0	5	36	0	0	0	17	0	1	1	0	11	0	0	0	0	0	0	0	0	0	0	0	0	13	1	0	0	0	11	0	10	0	52	2	1	1	0	1	0	0	1	0	0	0	39	1	3	0	0	0	0	0	0	0	0	0	0	0	0	0	1	0	0	0	0	0	0	0	6	1	2	0	2	84	0	0	0	0	0	6	6	2	0	0	1	0	14	0	0	25	0	0	0	0	1	0	0	0	7	2	0	1	1	0	0	0	0	0	0	0	0	0	1	0	113	2	5	0	0	0	0	0	0	0	0	0	0	1	0	0	0	7	0	27	3	0	0	0	0	28	0	0	0	0	1	0	0	0	0	0	0	0	0	1	0	0	0	1	0	0
0	3	0	0	0	0	84	0	20	0	1	5	0	1	2	0	1	0	5	0	1	2	0	0	0	3	0	0	0	0	0	0	2	1	0	1	0	0	0	0	7	0	111	0	0	1	0	0	0	2	0	6	4	1	1	0	0	0	13	0	0	0	1	2	0	0	0	0	1	0	0	3	0	0	1	0	0	5	0	0	0	1	4	1	0	0	0	0	0	2	0	2	2	0	0	0	0	0	0	0	0	1	0	1	0	4	0	0	3	5	30	0	0	0	2	7	0	0	0	0	3	0	0	0	0	2	0	0	0	4	0	0	1	0	1	19	0	0	0	12	0	0	1	0	23	0	0	0	0	0	0	1	0	0	0	0	0	20	1	1	0	0	6	0	33	0	58	1	1	0	0	0	0	3	0	0	0	0	23	1	6	0	1	0	0	0	0	0	0	0	0	0	0	1	1	0	1	0	0	0	0	0	0	0	5	0	0	220	0	0	0	1	0	8	2	1	0	0	1	0	26	0	1	60	0	0	0	0	0	0	0	0	5	8	0	2	0	1	0	0	0	3	0	0	0	0	1	0	73	1	1	0	0	0	0	0	1	0	2	0	0	0	0	0	0	16	0	30	3	0	0	0	0	39	0	0	0	0	0	0	0	1	1	0	0	0	0	0	1	0	0	1	0	0
0	1	0	0	0	0	4	1	12	0	0	4	0	0	2	0	0	0	3	0	1	2	1	0	0	1	0	0	0	0	0	0	2	0	0	0	0	2	1	1	5	0	29	0	0	2	0	0	0	0	1	1	0	0	0	0	0	0	1	0	0	0	0	3	0	0	1	0	2	0	1	2	1	0	1	0	5	0	0	0	0	3	2	1	0	0	0	0	0	4	0	0	11	0	0	0	0	0	0	0	0	2	0	0	0	0	0	0	7	2	17	0	0	0	8	2	0	0	0	0	2	0	0	0	0	3	0	0	0	18	0	2	0	0	2	36	0	0	0	13	0	1	0	0	18	0	1	0	0	0	1	9	0	0	0	0	0	28	3	1	0	0	41	0	0	0	29	2	0	0	2	5	0	0	5	0	1	0	33	0	6	0	1	2	0	0	0	1	0	1	0	0	0	1	2	3	0	0	0	1	0	0	5	1	11	0	0	113	0	0	0	1	0	22	1	0	0	0	1	0	5	0	2	6	0	0	0	0	0	0	0	0	2	0	0	0	0	3	0	0	1	0	0	2	1	0	0	0	105	1	1	1	0	0	0	0	0	0	1	0	0	0	0	0	0	2	0	19	7	0	0	0	0	29	0	0	0	0	0	1	0	0	0	0	0	0	0	0	0	1	0	0	0	2
0	1	0	0	0	0	72	0	7	0	2	1	0	1	4	2	0	0	1	0	0	2	0	0	0	3	2	0	0	1	0	0	2	1	0	1	0	0	1	0	0	0	97	0	0	1	0	0	0	0	0	9	7	0	1	0	0	0	5	0	0	0	0	0	0	0	0	0	1	0	1	3	0	0	0	0	3	1	1	0	0	0	0	0	0	0	0	0	0	2	0	1	9	0	0	0	0	0	0	0	0	1	0	0	0	0	0	0	0	1	8	0	0	0	2	2	0	2	0	0	1	0	0	0	0	2	0	1	0	7	0	1	1	0	2	0	0	0	0	7	0	0	0	0	18	0	1	0	0	0	1	7	0	0	0	0	1	6	3	0	1	2	23	0	22	0	69	0	1	0	2	0	0	1	0	0	0	0	13	0	7	0	1	1	0	0	0	0	0	1	0	0	0	0	1	0	5	0	0	3	0	0	1	0	4	0	0	145	0	1	0	0	0	11	0	3	0	0	0	0	24	0	1	51	0	0	0	0	0	0	0	0	2	6	0	3	0	3	0	0	0	1	0	0	0	1	0	1	61	0	0	0	0	0	0	0	1	0	4	0	0	0	0	0	0	10	0	17	6	0	0	0	0	15	0	0	0	0	0	0	0	0	0	0	0	0	0	0	0	0	0	0	0	1
0	0	0	0	0	0	49	1	13	0	4	6	0	0	3	1	0	0	0	0	1	6	0	0	0	0	1	0	0	0	0	0	0	0	0	1	0	0	0	1	4	0	138	0	0	0	0	0	0	1	0	2	0	1	0	0	0	0	7	0	0	0	1	0	0	0	0	0	2	0	1	9	0	0	0	0	8	1	0	0	0	1	2	0	0	0	0	0	0	2	0	0	18	0	0	0	0	0	0	0	0	2	0	0	0	3	0	0	0	2	14	0	0	0	1	1	0	0	0	0	2	0	0	0	0	3	0	0	0	8	0	0	1	0	0	13	0	0	0	8	0	0	0	0	17	1	2	0	0	0	0	32	0	0	0	0	0	5	2	0	0	1	71	0	24	0	56	0	0	0	7	5	0	0	4	0	3	0	23	0	33	0	4	2	0	0	0	0	0	1	0	2	0	1	1	2	0	0	0	0	0	0	1	2	11	0	0	208	0	0	0	0	0	12	1	0	0	0	0	0	3	0	2	33	0	0	0	0	0	0	0	0	1	5	0	0	0	5	0	0	0	2	0	3	1	0	1	6	54	0	0	0	0	0	0	0	0	0	2	0	0	0	0	0	0	12	0	12	12	0	0	0	0	28	0	0	0	0	0	0	0	0	1	0	0	0	0	0	1	0	0	0	0	8
3	1	0	0	0	0	35	0	10	0	0	10	0	1	4	0	3	0	0	2	5	1	0	2	0	3	0	0	0	0	0	0	0	1	0	0	0	0	0	8	8	0	46	0	0	1	0	0	0	0	0	1	2	0	1	0	0	0	9	1	0	0	2	3	0	0	0	0	0	0	0	1	1	0	0	0	0	4	2	0	0	2	0	1	0	0	0	0	0	0	0	1	5	0	0	2	0	0	0	0	0	2	0	1	0	0	0	0	7	1	15	0	0	0	2	8	0	0	0	0	5	0	0	0	0	7	1	1	0	4	0	0	0	0	2	55	0	0	0	15	0	0	0	0	19	0	0	0	0	0	0	2	0	0	0	0	1	5	0	0	1	0	5	0	8	0	31	1	0	0	1	3	0	3	5	0	0	0	23	0	5	6	1	0	0	0	0	0	0	1	0	0	0	4	0	6	4	0	0	2	0	0	2	4	10	0	0	238	0	1	0	13	0	18	0	2	0	0	0	0	29	0	0	34	0	4	0	0	0	0	0	0	1	1	0	2	0	0	1	0	0	0	0	2	1	1	0	0	132	0	1	0	0	0	0	0	1	0	2	0	0	0	0	0	0	17	0	29	0	0	0	0	0	39	0	0	0	0	1	0	1	0	0	0	0	0	0	0	1	5	0	0	0	0
1	5	0	0	0	0	13	1	24	0	0	6	0	1	2	0	1	0	9	0	3	2	1	1	0	1	0	0	1	0	0	0	2	0	0	0	0	2	1	2	15	0	53	0	0	1	0	0	0	1	3	1	0	0	0	0	0	0	6	1	0	0	0	12	0	0	4	0	2	0	0	2	1	0	1	0	0	1	0	0	0	6	5	7	1	0	0	0	0	4	0	2	5	0	0	1	0	0	0	1	0	1	0	0	0	0	0	0	13	5	38	0	0	0	10	5	0	1	0	2	8	0	0	0	0	4	0	0	0	16	0	0	0	0	0	99	0	0	0	21	1	1	2	0	26	0	0	0	0	0	0	3	0	0	0	25	0	89	2	2	0	0	16	0	4	0	31	5	0	0	2	6	1	4	5	0	0	0	30	1	2	0	3	0	0	0	0	0	0	0	0	0	0	3	3	3	0	0	0	0	0	1	3	3	14	0	0	135	0	0	0	3	0	26	2	0	0	0	1	0	2	0	2	16	0	1	0	0	1	0	0	0	2	0	1	0	1	3	0	2	0	0	0	3	2	0	0	0	90	2	1	1	0	0	0	0	1	0	2	0	0	0	0	0	0	6	0	37	7	0	0	0	0	58	0	0	0	0	1	2	2	0	0	0	1	0	0	0	0	4	0	0	0	0
0	7	0	0	0	0	6	0	18	0	0	6	0	1	8	1	2	0	7	0	0	2	0	0	0	1	1	0	0	0	0	0	0	2	0	0	0	2	2	0	6	0	81	0	0	3	0	0	0	0	0	5	6	2	0	0	0	0	10	0	0	0	0	7	0	1	0	0	1	0	0	3	1	0	0	0	1	1	1	0	0	1	2	7	0	0	0	0	0	3	0	1	7	0	0	0	0	0	0	0	0	2	0	0	0	0	0	0	6	5	12	0	0	1	12	3	0	0	0	0	7	0	0	2	0	4	0	1	1	14	0	0	1	0	2	18	0	0	0	14	0	1	0	0	32	0	0	0	0	0	1	5	0	0	0	0	1	68	2	3	2	1	16	0	5	0	28	0	0	0	3	4	3	5	2	0	0	0	19	0	3	0	3	0	0	0	0	0	0	1	0	0	0	0	1	2	7	0	0	3	0	0	2	0	13	0	0	205	0	1	0	0	0	25	0	0	0	0	0	0	26	0	2	15	0	0	0	0	0	0	0	0	0	0	0	1	0	4	3	1	0	1	0	0	1	0	0	0	95	0	1	0	0	0	0	1	0	0	5	0	0	0	0	0	0	2	0	19	2	0	0	0	0	27	0	0	0	0	0	1	1	0	0	0	0	0	1	0	0	0	0	0	0	0
0	1	0	0	0	0	45	1	17	0	4	5	0	0	3	1	0	0	2	0	1	4	0	0	0	1	2	0	0	0	0	0	0	0	0	1	0	0	0	0	6	0	129	0	0	1	0	0	0	2	0	5	3	1	0	0	0	0	9	0	0	0	0	2	0	0	0	0	1	0	1	5	0	0	0	0	1	1	0	0	0	3	4	1	0	0	0	0	0	3	0	0	8	0	0	0	0	0	0	0	0	3	0	1	0	0	0	0	5	5	18	0	0	0	5	2	0	0	0	0	3	0	0	0	0	3	0	0	0	10	0	0	1	0	1	28	0	0	0	17	0	0	0	0	23	1	0	0	0	0	0	12	0	0	1	0	0	20	2	0	0	1	43	0	26	0	56	1	0	0	3	7	0	1	4	0	0	0	31	0	15	0	4	0	0	0	0	0	0	1	0	0	0	0	1	3	1	0	0	1	0	0	3	3	13	0	0	207	0	0	0	1	0	15	2	0	0	0	0	0	13	0	1	34	0	0	0	0	0	0	0	0	1	5	0	0	0	3	0	0	0	3	0	2	1	0	1	3	85	0	1	1	0	0	0	0	0	0	2	0	0	1	0	0	0	11	0	21	9	0	0	0	0	38	0	0	0	0	0	0	0	2	2	0	0	0	0	0	1	1	0	0	0	2
0	2	0	0	0	0	39	0	24	0	2	5	0	0	1	0	0	0	4	0	1	2	0	0	0	0	0	0	0	0	0	0	1	0	0	2	0	2	1	1	14	0	137	0	0	0	0	0	0	3	1	2	0	3	0	0	0	0	17	0	0	0	0	5	0	0	1	0	1	0	0	1	1	0	1	0	0	1	0	0	0	2	8	2	0	0	0	0	0	0	0	0	1	0	0	0	0	0	0	0	0	0	0	0	0	1	0	0	5	9	20	0	0	0	2	2	0	0	0	0	2	0	0	0	0	0	0	0	0	4	0	0	2	0	0	54	0	0	0	16	0	1	0	0	15	4	0	0	0	0	0	0	0	0	2	0	0	32	0	1	0	0	6	0	29	0	33	2	0	0	0	1	0	1	0	0	0	0	15	0	3	0	2	0	0	0	0	0	0	0	0	0	0	2	0	0	0	0	0	0	0	0	0	2	3	0	0	146	0	0	0	1	0	7	5	0	0	0	1	0	2	0	0	28	0	0	0	0	0	0	0	0	1	8	0	0	0	2	0	0	1	8	0	0	0	0	4	0	56	0	0	0	0	0	0	0	0	0	1	0	0	1	0	0	0	11	0	18	1	0	0	0	0	32	0	0	0	0	0	1	1	2	5	0	0	0	0	0	2	2	0	0	0	0
0	0	0	0	0	0	0	0	10	0	0	2	0	1	0	1	0	1	0	0	0	0	0	0	0	0	0	0	0	0	0	0	0	0	0	0	0	0	0	0	1	0	12	0	0	0	0	0	1	1	0	0	4	1	0	0	0	0	2	0	0	0	0	0	3	1	0	0	0	0	0	2	0	0	0	0	7	0	0	0	1	1	0	3	0	0	0	0	0	0	0	0	0	0	0	0	0	0	0	0	0	0	0	0	0	0	2	0	0	0	1	0	4	0	0	0	0	0	0	1	0	0	0	0	3	0	0	0	0	0	3	0	0	0	0	0	1	0	0	0	0	0	0	0	12	0	0	0	0	0	1	2	0	0	0	0	0	30	0	0	0	0	30	0	0	0	4	0	0	0	0	1	0	2	0	0	2	0	0	0	3	0	0	0	0	0	2	0	0	0	0	0	0	0	0	0	0	0	0	0	0	0	2	3	0	0	0	890	0	0	0	0	0	0	1	0	0	0	0	0	2	0	0	0	0	0	0	1	0	0	0	0	0	0	0	0	0	0	0	1	0	0	7	0	0	0	0	0	12	0	0	0	0	0	0	0	0	0	1	0	1	0	0	0	0	0	0	0	0	0	0	4	0	0	0	3	0	0	0	0	0	0	0	0	0	0	0	0	0	2	1	0	0	0
0	0	0	0	0	0	5	0	5	0	0	10	0	0	0	0	0	0	0	0	0	2	0	0	0	0	0	0	0	0	0	0	0	1	0	0	0	0	0	0	2	0	42	0	0	0	1	0	0	2	0	0	2	2	0	0	1	0	8	0	0	0	0	0	0	0	0	0	0	0	0	14	0	0	0	1	15	0	0	0	1	0	0	2	4	0	0	0	0	0	0	0	2	0	0	0	0	0	0	0	0	0	1	0	2	0	2	0	0	0	0	0	1	0	0	0	0	0	0	0	0	0	0	0	1	0	0	0	0	0	0	0	0	0	0	0	0	3	0	2	0	0	0	0	15	0	0	1	0	0	1	0	0	0	0	0	0	54	0	0	0	0	7	0	0	0	19	0	0	0	0	1	1	0	0	0	0	0	0	0	8	0	0	5	0	0	0	0	0	0	0	0	0	0	0	0	0	0	0	0	0	0	0	0	0	0	0	606	0	0	0	0	0	0	0	0	0	0	0	1	1	4	0	6	0	0	0	1	0	0	0	0	0	0	1	0	0	0	0	0	0	0	0	0	0	0	0	0	3	0	0	0	0	1	0	2	0	0	6	0	0	0	0	0	0	0	0	2	0	3	0	0	0	2	1	3	0	0	0	0	1	0	0	0	0	0	0	0	0	0	2	0	0	0
0	0	0	0	0	0	0	0	3	0	1	8	0	0	0	0	0	1	0	0	0	0	0	0	1	0	0	0	0	0	0	0	0	0	0	0	0	0	0	0	0	0	18	0	0	0	0	0	0	0	0	0	1	0	0	1	0	0	1	0	0	0	0	0	0	4	0	0	0	0	0	5	0	0	0	0	0	0	0	0	0	0	0	0	0	0	0	0	0	0	0	0	1	0	0	0	0	0	1	0	0	0	0	0	0	0	4	0	0	0	0	0	0	0	0	0	0	0	0	0	0	0	0	0	8	0	0	0	0	0	3	0	0	0	0	1	0	0	0	0	0	0	0	0	13	0	0	0	0	0	2	1	0	0	0	0	0	31	0	0	0	0	32	0	0	0	11	0	0	1	0	1	0	0	0	0	0	0	0	1	1	0	1	0	0	0	0	0	1	0	0	0	0	0	0	0	0	0	1	0	0	0	2	1	0	0	0	698	0	0	0	0	0	0	0	0	0	0	0	0	3	1	0	0	0	1	0	1	0	0	0	0	0	0	0	0	0	0	0	7	0	0	1	0	0	0	0	0	16	0	0	0	0	0	0	0	0	1	1	0	0	1	0	2	0	0	0	1	1	0	0	0	0	0	0	0	0	0	0	0	1	0	0	0	0	0	0	0	0	0	0	0	6	0
0	0	0	0	0	0	8	0	10	0	0	6	0	2	0	0	0	0	0	0	0	0	0	0	0	0	0	0	0	0	0	0	0	0	0	0	0	0	0	0	1	0	35	0	0	0	0	0	1	1	0	0	3	1	0	0	0	0	4	0	0	0	0	0	1	4	0	0	0	0	0	11	0	0	0	0	7	0	0	0	1	1	0	3	1	0	0	0	0	0	0	0	0	0	0	0	0	0	0	0	0	0	6	0	0	0	1	0	0	0	0	0	4	0	0	0	0	0	0	1	0	0	1	0	2	0	0	0	0	0	2	0	0	0	0	0	0	0	0	0	0	0	0	0	15	0	0	0	0	0	1	1	1	0	0	0	0	53	0	0	0	0	34	0	0	0	15	0	0	0	0	0	0	2	0	0	2	1	0	0	5	0	0	1	0	0	1	0	0	0	0	0	0	2	0	0	0	0	0	0	0	0	0	0	0	0	0	1057	0	0	0	0	0	0	0	0	0	0	0	0	1	1	0	1	0	0	0	0	0	0	0	0	0	0	0	0	0	0	0	1	0	0	10	0	0	0	0	0	8	0	0	0	0	0	0	0	0	0	6	0	0	0	0	1	0	0	0	1	0	0	0	2	0	2	0	3	0	0	0	0	0	0	0	0	0	1	1	0	0	2	2	0	1	0
0	0	0	0	0	0	6	0	15	0	0	7	0	3	0	0	0	0	0	7	0	2	0	0	0	0	0	0	0	0	0	0	0	0	3	0	0	0	0	0	0	0	28	0	0	0	0	0	0	0	0	0	0	0	0	0	0	0	5	0	0	0	0	0	3	0	0	0	0	0	0	3	0	0	0	2	0	0	0	0	0	0	0	2	3	0	0	0	0	1	0	0	4	0	2	0	0	0	0	2	0	0	0	0	0	8	2	0	0	0	2	0	0	0	1	0	0	0	0	0	0	0	2	0	1	0	0	0	0	0	0	0	0	0	0	0	0	0	0	6	0	0	0	0	10	0	0	0	0	0	3	2	0	0	0	0	0	15	0	0	0	0	5	0	0	0	8	0	0	0	0	2	0	0	0	0	1	0	0	0	8	0	0	0	2	0	3	0	0	0	0	0	0	1	0	0	0	0	0	0	0	0	9	5	0	0	0	1025	0	0	0	0	0	0	1	0	0	0	0	0	0	1	0	8	0	0	0	0	0	0	0	0	2	1	0	0	0	0	0	0	0	1	4	0	0	0	0	0	7	0	0	0	0	0	0	0	0	0	13	0	1	0	0	1	0	8	1	0	1	0	0	1	1	14	0	1	0	0	0	0	0	0	0	0	0	0	0	1	0	1	0	0	0	0
0	0	0	0	0	0	8	0	8	0	0	7	0	0	0	1	0	1	0	0	0	1	0	0	0	0	0	0	0	0	0	0	0	0	3	0	0	0	0	0	0	0	29	0	0	0	0	0	0	0	0	0	1	0	0	0	0	0	4	0	0	0	0	0	0	0	0	0	2	0	0	3	0	0	0	0	0	0	0	0	0	0	0	1	2	0	0	0	0	2	0	0	6	0	3	0	1	0	1	1	0	0	1	0	0	2	7	1	0	0	0	0	0	0	2	0	0	0	0	0	0	0	0	0	6	0	0	0	0	0	1	0	0	0	0	0	1	0	0	3	0	0	0	0	11	0	0	0	0	0	6	1	0	0	0	0	0	26	0	0	0	0	12	0	0	0	20	0	0	1	2	2	0	0	0	0	0	0	0	0	5	0	0	0	2	0	0	0	0	0	0	0	0	0	0	0	0	0	1	0	0	1	19	8	0	1	0	999	0	0	0	0	0	0	0	1	0	0	0	0	4	2	0	8	0	0	0	1	0	0	0	0	3	0	0	0	0	0	0	0	0	4	2	0	0	0	0	0	17	0	0	0	0	0	0	0	0	0	7	0	0	0	0	6	0	3	4	1	4	0	0	0	0	7	0	0	0	1	0	0	0	0	0	0	0	0	0	1	0	0	0	0	0	0
0	0	0	0	0	0	1	0	7	0	0	9	1	3	0	0	0	0	0	0	0	0	0	0	0	0	0	0	0	0	0	0	0	0	0	0	0	0	0	0	2	0	49	0	0	0	1	0	0	1	0	0	1	0	0	0	3	0	4	0	0	0	0	1	2	0	0	0	0	0	0	10	0	0	0	1	2	0	0	0	0	0	0	1	1	0	0	0	1	0	0	0	2	0	0	0	0	1	1	0	0	0	0	0	3	0	9	0	0	0	1	0	1	0	0	0	0	1	1	0	0	0	1	0	15	0	0	0	0	1	0	1	0	0	0	0	0	0	0	0	0	0	0	0	13	0	0	0	0	0	2	1	0	0	0	0	0	26	0	0	0	0	18	0	0	0	31	0	0	1	0	0	0	0	0	0	1	0	0	0	4	0	0	4	0	0	1	0	0	0	0	0	1	0	0	0	0	0	0	0	0	0	0	1	1	0	0	858	0	0	0	0	0	0	0	0	0	2	0	2	7	3	0	3	0	0	1	2	0	0	0	0	0	0	4	0	0	0	0	0	0	0	6	0	0	0	0	0	15	0	0	0	0	5	1	7	1	0	3	1	0	0	0	2	0	0	0	3	0	0	0	1	0	0	1	3	1	0	0	0	0	0	0	0	0	0	0	0	1	1	0	0	0	0
0	0	0	0	0	0	2	0	9	0	0	9	2	4	0	0	0	1	0	1	0	0	0	0	0	0	0	0	0	0	0	0	0	0	1	0	0	0	0	0	0	0	29	0	0	0	1	0	0	0	0	0	0	0	0	0	2	0	5	0	0	0	0	1	3	0	0	0	1	1	0	5	0	0	0	1	0	0	0	0	0	0	0	1	1	0	0	0	0	0	0	0	4	0	1	0	0	0	1	0	0	0	0	0	1	0	12	0	0	0	1	0	0	0	0	0	0	1	0	0	0	0	1	0	14	0	0	0	0	0	0	0	0	0	0	0	0	0	0	1	0	0	0	0	14	0	0	0	0	0	3	3	0	0	0	0	0	13	0	0	0	0	16	0	0	0	26	0	0	1	0	1	0	0	0	0	0	0	0	0	5	0	0	1	0	0	4	0	0	0	0	0	0	1	0	0	0	0	1	0	0	0	5	3	1	0	0	881	0	0	0	0	0	0	0	0	0	1	0	1	7	1	0	3	0	0	0	1	0	0	0	0	2	0	3	0	0	0	0	0	0	1	4	0	0	0	0	0	18	0	0	0	0	3	0	3	0	1	4	0	0	0	0	2	0	0	2	2	2	0	0	0	0	3	0	1	0	1	0	0	2	0	0	0	0	0	0	0	0	0	0	0	0	0
0	0	0	0	0	0	1	0	12	0	0	5	0	1	0	0	0	0	0	1	0	1	0	0	1	0	0	0	0	0	0	0	0	0	1	0	0	0	0	0	0	0	13	0	0	0	0	0	0	1	0	0	1	0	0	0	0	0	5	0	0	0	0	0	1	4	0	0	0	0	0	7	0	0	0	1	1	0	0	0	0	0	0	3	2	0	0	0	0	0	0	0	2	0	0	0	0	0	0	0	0	0	0	0	0	1	3	0	0	0	1	0	2	0	0	0	0	0	0	0	0	0	0	0	4	0	0	0	0	0	1	0	0	0	0	1	1	0	0	1	0	0	0	0	18	1	0	0	0	0	0	2	0	0	0	0	0	24	0	0	0	0	29	0	0	0	10	0	0	0	0	1	0	0	0	0	1	0	0	0	5	0	0	0	0	0	1	0	0	0	0	0	0	3	0	0	0	0	0	0	0	0	2	2	0	0	0	862	0	0	0	0	0	0	0	0	0	0	0	0	1	0	0	1	0	0	0	1	0	0	0	0	0	0	0	0	1	0	0	3	0	0	3	0	0	0	0	0	8	0	0	0	0	0	0	0	0	0	4	0	0	1	0	0	0	0	0	1	0	0	0	1	0	4	0	1	0	0	0	0	1	0	0	0	0	0	0	0	0	2	0	0	2	0
0	0	0	0	0	0	4	0	2	0	0	1	0	1	0	0	0	0	0	1	0	1	0	0	0	1	0	0	0	0	1	0	0	0	0	0	0	0	0	0	0	0	10	0	0	0	0	0	2	0	0	0	0	0	0	0	0	0	11	0	0	0	0	0	0	0	0	0	0	0	0	6	0	0	0	0	0	0	0	0	0	2	0	3	2	0	0	0	0	0	0	0	0	0	0	0	0	0	0	1	0	0	3	0	0	1	0	0	0	0	0	0	0	0	0	0	0	0	0	2	0	0	0	1	0	0	0	0	0	0	0	0	0	0	0	0	0	0	0	4	0	0	0	0	12	0	0	0	0	0	3	1	0	0	0	0	0	35	0	0	0	0	16	0	0	0	6	1	0	0	0	1	0	4	0	0	0	0	0	0	4	0	0	0	1	0	0	0	0	0	0	0	0	2	0	0	0	0	0	0	0	0	0	0	0	0	0	466	0	0	0	0	0	0	0	0	0	0	0	1	0	0	0	0	0	0	0	0	0	0	0	0	1	0	0	0	0	0	0	0	0	0	7	0	0	0	0	0	3	0	0	0	0	0	0	0	0	0	5	0	0	0	0	0	0	0	0	0	0	0	0	0	0	3	0	1	0	0	0	0	1	0	0	0	0	1	0	0	0	2	0	0	0	0
0	0	0	0	0	0	10	0	14	0	0	3	1	2	0	5	0	0	0	0	0	0	0	0	0	0	0	0	0	0	0	0	0	0	2	0	0	1	0	0	0	0	17	0	0	0	0	0	3	0	0	0	6	0	0	0	1	0	9	0	0	0	0	1	1	0	0	0	6	0	0	4	1	0	0	0	0	0	0	0	0	2	0	1	1	0	0	0	0	2	0	0	7	0	0	0	1	0	3	0	0	0	2	0	0	0	7	2	0	0	0	0	0	0	2	0	0	0	0	2	0	0	0	1	9	0	0	0	0	0	3	0	0	0	0	0	6	0	0	1	0	0	0	1	16	0	0	0	0	0	1	5	0	0	0	0	0	20	0	0	0	0	39	0	0	0	21	0	0	0	0	4	0	6	0	0	0	0	0	0	6	0	0	0	0	0	2	0	0	0	0	0	0	2	0	0	0	0	0	0	0	0	36	23	0	0	0	969	0	0	0	0	0	0	0	0	0	0	0	1	4	0	0	1	0	0	0	4	0	0	0	0	0	0	2	0	0	0	0	0	0	3	5	0	0	0	0	0	10	0	0	0	0	0	0	1	0	0	8	0	0	1	0	0	0	0	7	5	0	0	0	0	0	5	0	1	0	3	0	0	1	0	0	0	0	0	0	2	0	2	0	0	0	0
0	0	1	0	0	0	14	0	1	0	0	13	0	4	0	0	0	0	0	0	0	0	0	0	0	0	0	0	0	0	0	0	0	0	0	0	0	0	0	1	0	0	23	0	0	0	0	0	0	0	0	0	0	0	0	0	0	0	5	0	0	0	0	0	2	2	0	0	0	0	0	13	0	0	0	2	0	0	0	0	0	0	0	0	0	0	0	0	0	0	0	0	0	0	0	0	0	0	0	0	0	0	22	0	1	0	1	0	0	0	2	0	0	0	0	0	0	0	0	0	0	0	3	0	1	1	0	0	0	0	0	0	0	0	0	1	0	0	1	0	0	0	0	1	1	0	0	0	0	0	0	1	1	1	0	0	0	36	0	0	0	0	4	0	0	0	12	0	0	0	0	0	0	0	0	0	1	0	1	0	0	0	1	1	0	0	5	0	0	0	2	0	0	10	0	0	0	0	0	0	1	0	0	0	0	0	0	359	0	0	0	0	0	0	1	0	0	0	0	1	0	1	0	0	0	0	0	0	0	0	0	0	0	0	1	0	0	0	0	1	0	0	5	0	0	0	0	0	3	0	0	0	0	0	0	1	0	1	1	0	1	0	0	0	0	0	0	0	0	1	0	0	0	1	1	1	0	0	0	0	0	0	0	0	0	3	2	0	0	1	0	0	1	0
0	0	0	0	0	0	0	0	4	0	0	4	1	1	0	0	0	2	0	0	0	1	0	0	0	0	0	0	0	0	0	0	0	0	0	0	0	0	0	0	2	0	12	0	0	0	1	0	0	1	0	0	0	0	0	0	2	0	7	0	0	0	0	0	2	0	0	0	0	0	0	3	0	0	0	0	1	0	0	0	0	0	0	1	0	0	0	0	0	0	0	0	0	0	1	0	0	0	0	0	0	0	0	0	1	0	10	0	0	0	0	0	1	0	0	0	0	1	1	0	0	0	0	0	13	0	0	0	0	0	0	1	0	0	0	0	0	0	0	0	0	0	0	0	9	0	0	0	0	0	4	1	0	0	0	0	0	25	0	0	0	0	8	0	0	0	19	0	0	2	0	0	0	0	0	0	1	0	0	0	3	0	0	2	0	0	1	0	0	0	0	0	2	0	0	0	0	0	1	0	0	3	0	0	0	1	0	541	0	0	0	0	0	0	0	0	0	2	0	3	9	0	0	0	0	0	1	0	0	0	0	0	1	0	4	0	0	0	0	0	0	0	4	0	0	0	0	0	18	0	0	0	0	1	0	4	1	1	0	1	0	0	0	3	0	0	0	0	3	0	0	1	0	0	0	0	0	0	0	0	2	0	0	0	0	0	0	0	0	0	0	0	0	0
0	0	0	0	0	1	0	0	4	0	1	2	0	0	0	0	0	0	0	3	0	1	0	0	1	0	0	0	0	0	0	0	0	0	0	0	0	0	0	0	0	0	7	0	0	0	0	0	0	0	0	0	0	0	0	0	0	0	7	0	0	1	0	0	0	5	0	0	0	0	0	10	0	1	0	0	0	0	0	0	0	0	0	1	3	0	0	0	0	0	0	0	0	0	2	0	0	0	0	2	0	0	0	0	0	7	2	0	0	0	0	0	1	0	0	0	0	0	1	0	0	0	0	0	4	0	0	0	0	0	1	0	0	0	0	1	0	0	0	4	0	0	0	0	18	0	0	0	0	0	3	0	0	1	0	0	0	24	0	0	0	0	18	0	0	0	7	0	0	0	0	1	0	0	0	0	0	0	0	0	4	0	0	0	3	0	0	0	1	0	0	0	0	2	0	0	0	0	0	0	0	0	0	0	0	0	0	540	0	0	0	0	0	0	0	0	0	0	0	0	1	0	0	2	0	0	0	0	0	0	0	0	2	0	0	0	1	0	0	8	0	0	1	0	0	0	0	1	6	0	0	0	0	0	0	1	0	0	3	0	0	0	0	0	0	0	0	0	2	0	0	0	0	4	0	0	0	0	0	0	2	0	0	0	0	0	0	0	0	1	0	0	8	0
0	0	0	0	0	0	9	0	8	0	0	2	0	0	0	3	0	0	0	0	0	0	0	0	0	0	0	1	0	0	0	0	0	0	2	0	0	2	0	0	0	0	3	0	0	0	1	0	0	0	0	0	3	0	0	0	1	0	6	0	0	0	0	0	0	0	0	0	6	0	0	6	0	0	0	0	0	0	0	0	0	0	0	0	0	0	0	0	0	3	0	0	6	0	0	0	2	0	3	0	0	0	3	0	0	0	7	2	0	0	0	0	0	0	2	0	0	0	1	0	0	0	0	1	12	0	0	0	0	0	4	1	0	0	0	0	3	0	1	1	0	0	0	0	7	0	0	0	0	0	0	3	0	0	0	0	0	35	0	0	0	0	32	0	0	0	15	0	0	0	0	4	0	0	0	0	0	0	0	1	3	0	1	0	0	0	0	0	0	0	0	0	0	2	0	1	0	0	0	0	0	0	34	17	1	0	0	638	0	0	0	0	0	0	0	0	0	0	0	2	3	0	0	0	0	0	1	4	0	0	0	0	0	0	2	0	0	0	0	0	0	2	2	0	0	0	0	1	7	0	0	0	0	0	0	1	0	1	1	0	0	0	0	0	0	0	7	3	0	0	0	0	0	3	0	0	0	3	0	0	0	0	0	0	0	0	0	2	0	1	0	0	0	0
0	0	0	0	0	0	6	0	13	0	0	10	0	0	0	2	0	0	0	0	0	0	0	0	0	0	0	0	0	0	0	0	0	0	3	0	0	5	0	0	1	0	11	0	0	0	0	0	0	1	0	0	1	1	0	0	0	0	1	0	0	0	0	0	0	4	0	0	8	0	0	7	0	0	0	0	2	0	0	0	0	0	0	0	0	0	0	0	0	3	0	0	9	0	0	0	5	0	4	0	0	0	1	0	0	0	10	4	0	0	0	0	2	0	3	0	0	0	0	0	0	0	0	0	15	0	0	0	0	0	4	0	0	0	0	1	1	0	0	0	0	0	0	0	5	0	0	0	0	0	0	2	0	0	0	0	0	39	0	0	0	0	20	0	0	0	18	0	0	0	0	2	0	0	0	0	0	0	0	0	2	0	0	1	0	0	0	0	0	0	0	0	0	1	0	0	0	0	0	0	0	0	74	29	0	0	0	963	0	0	0	0	0	0	0	0	0	0	0	0	6	0	0	2	0	0	0	2	0	0	0	0	0	0	0	0	0	0	0	3	0	7	0	0	0	0	0	0	15	0	0	0	0	0	0	0	0	0	0	0	0	0	0	0	0	0	12	2	0	0	0	1	0	2	0	0	0	4	0	0	0	0	0	0	0	0	0	4	0	0	1	0	2	0
0	0	0	0	0	0	5	0	11	0	0	8	0	2	0	0	0	0	0	3	0	1	0	0	0	0	0	1	0	0	0	0	0	0	1	0	0	0	0	0	0	0	10	0	0	0	0	0	0	1	0	0	0	1	0	0	0	0	5	0	0	0	0	0	1	0	0	0	0	1	0	3	0	0	0	1	4	0	0	0	1	0	0	2	0	0	0	0	0	0	0	0	2	0	0	0	0	0	0	0	0	0	0	0	0	1	1	0	0	0	1	0	3	0	1	0	0	0	0	0	0	0	2	0	0	0	0	0	0	0	0	0	0	0	0	0	0	0	0	3	0	0	0	0	3	0	0	0	0	0	0	2	0	0	1	0	0	24	0	0	0	0	1	0	0	0	4	1	0	0	0	1	0	0	0	0	2	0	0	0	4	0	1	0	0	0	3	0	0	0	0	0	0	4	0	0	0	0	0	0	0	0	5	3	0	0	0	582	0	0	0	0	0	0	1	0	0	0	0	0	0	0	0	2	0	0	0	0	0	0	0	0	0	0	0	0	0	0	0	0	0	0	1	0	0	0	0	0	3	0	0	0	0	0	0	0	0	0	3	0	0	0	0	0	0	0	1	0	0	0	0	2	0	6	0	1	0	0	0	0	0	0	0	0	0	0	0	0	0	0	2	0	0	0
0	0	0	0	0	0	3	0	5	0	1	7	2	0	0	0	0	0	0	0	0	0	0	0	0	0	0	0	0	0	0	0	0	0	1	0	0	0	0	0	0	0	39	0	0	0	2	0	0	0	0	0	0	0	0	0	10	0	7	0	0	0	0	3	0	0	0	0	2	0	0	21	0	0	0	1	0	0	0	0	0	0	0	0	4	0	0	0	3	0	0	0	7	0	0	0	0	0	3	0	0	0	0	0	4	0	14	0	0	0	0	0	0	0	0	0	0	3	2	0	0	0	0	0	28	0	0	0	0	2	2	6	0	0	0	0	0	0	0	0	0	0	0	0	22	0	0	0	0	0	3	1	0	0	0	0	0	19	0	0	0	0	38	0	0	0	47	0	0	1	0	1	1	0	0	0	0	0	0	0	5	0	0	4	0	0	0	0	0	0	0	0	0	0	0	0	0	0	0	0	0	0	3	2	2	0	0	764	0	0	0	0	0	0	0	0	0	3	0	4	7	1	0	8	0	0	3	3	0	0	0	0	0	0	18	0	0	0	0	1	0	0	2	0	0	0	0	0	12	0	0	0	0	10	1	16	3	0	5	2	0	0	0	1	0	0	2	7	0	1	0	0	0	1	2	0	1	2	0	0	1	0	0	0	0	0	0	0	1	0	0	0	1	0
0	0	0	0	0	0	3	0	7	0	0	4	0	2	0	0	0	0	0	0	0	0	0	0	0	0	0	1	0	0	0	0	0	0	0	0	0	0	0	0	0	0	24	0	0	0	0	0	0	0	0	0	0	0	0	0	0	0	4	0	0	0	0	0	2	2	0	0	0	0	0	12	0	0	0	0	0	0	0	0	0	0	0	1	1	0	0	0	0	0	0	0	1	0	0	0	0	0	1	0	0	0	0	0	1	0	5	0	0	0	1	0	1	0	0	0	0	0	1	0	0	0	1	0	9	0	0	0	0	0	2	0	0	0	0	0	0	0	0	0	0	0	0	0	10	0	0	0	0	0	2	1	0	0	0	0	0	30	0	0	0	0	24	0	0	0	18	0	0	1	0	0	0	0	0	0	1	0	0	0	3	0	0	1	0	0	1	0	0	0	0	0	0	1	0	0	0	0	0	0	0	0	0	0	0	0	0	816	0	0	0	0	0	0	0	0	0	0	0	1	2	1	0	2	0	0	0	1	0	0	0	0	0	0	1	0	0	0	0	2	0	0	6	0	0	0	0	0	10	0	0	0	0	1	0	2	0	0	3	0	1	0	0	1	0	0	0	1	0	0	0	0	0	1	0	1	0	0	0	0	0	0	0	0	0	0	0	0	0	1	0	0	2	0
0	0	0	0	0	0	21	0	5	0	0	7	0	0	0	0	0	1	0	0	0	1	0	0	0	0	0	0	0	0	0	0	0	0	0	0	0	0	0	0	1	0	7	0	0	0	1	0	0	1	0	0	0	0	0	0	2	0	4	1	0	0	0	0	0	2	0	0	1	0	0	10	0	0	0	0	0	0	0	0	0	0	0	0	0	0	0	0	0	1	0	0	2	0	2	0	0	0	1	0	0	0	52	0	0	0	8	0	0	0	0	0	0	0	0	0	0	0	0	0	0	0	0	1	15	0	0	0	0	0	0	0	0	0	0	0	0	0	0	3	0	0	0	1	8	0	0	0	0	0	2	1	2	0	0	0	0	56	0	0	0	0	29	0	0	0	28	0	0	2	1	0	0	0	0	0	0	0	0	0	2	0	0	0	0	0	0	0	0	0	0	0	0	4	0	0	0	0	2	0	0	1	0	0	0	1	0	739	0	0	0	0	0	0	0	0	0	0	0	2	9	0	0	0	0	0	0	0	0	0	0	0	2	0	5	0	0	0	0	0	0	1	3	0	0	0	0	0	19	0	0	0	0	0	0	1	0	0	0	0	0	0	0	3	0	0	1	0	4	0	0	0	0	6	0	0	0	0	0	0	0	0	0	0	0	5	1	0	0	0	0	0	0	0
0	0	1	0	0	0	2	0	5	0	0	8	0	0	0	1	0	0	0	0	0	0	0	0	0	1	0	1	0	0	0	0	0	1	1	0	0	1	0	0	0	0	35	0	0	0	0	0	0	0	1	0	1	0	0	0	0	0	3	0	0	0	0	0	0	0	0	0	1	0	0	4	0	0	0	0	0	0	0	0	0	0	0	0	1	0	0	0	0	0	0	0	3	0	0	0	0	0	1	0	0	0	0	0	1	0	4	0	0	0	0	0	0	0	1	0	0	0	0	0	0	0	0	0	4	0	0	0	0	0	2	0	0	0	0	0	2	0	1	0	0	0	0	0	8	0	0	0	0	0	3	2	0	0	0	0	0	29	0	0	0	0	14	0	0	0	12	0	0	0	0	2	1	0	0	0	0	0	0	0	2	0	0	0	0	0	0	0	0	0	0	0	1	0	0	0	0	0	0	0	0	0	9	5	0	0	0	833	0	0	0	0	0	0	0	0	0	0	0	0	1	3	0	4	0	0	0	1	0	0	0	0	0	0	0	0	0	0	0	0	0	1	3	0	0	0	0	0	10	0	0	0	0	0	0	0	0	0	5	0	0	0	0	2	0	0	1	1	1	1	0	0	0	1	1	1	0	0	0	0	0	0	0	0	0	0	0	0	0	0	0	0	0	0
0	0	0	0	0	0	6	0	3	0	0	18	0	0	0	1	0	1	0	0	0	0	0	0	0	0	0	0	0	0	0	0	0	1	0	0	0	0	0	0	0	0	43	0	0	0	0	0	0	0	0	0	1	0	0	0	0	0	1	0	0	0	0	0	0	1	0	0	0	0	0	2	0	0	0	1	0	0	0	0	0	1	0	0	0	0	0	0	0	1	0	0	0	0	0	0	0	0	0	0	0	0	1	0	0	0	0	0	0	0	0	0	0	0	1	0	0	0	0	1	0	0	0	1	0	0	0	0	0	0	2	0	0	0	0	0	0	0	0	0	0	0	0	0	2	0	0	0	0	0	1	3	0	0	0	0	0	40	0	0	0	0	6	1	0	0	5	0	0	0	1	1	1	1	0	0	0	0	0	0	0	0	0	0	0	0	0	0	0	0	0	0	0	2	0	0	0	1	1	0	0	0	2	2	0	1	0	733	0	0	0	0	0	0	0	0	0	0	0	0	0	4	0	1	0	0	0	0	0	0	1	0	0	0	0	0	0	0	0	0	0	1	4	0	0	0	0	0	8	0	0	0	0	0	0	0	0	1	5	0	0	0	0	6	0	0	0	0	0	3	0	0	0	0	2	2	1	0	0	0	0	0	0	0	0	0	0	0	0	0	0	0	0	0
0	0	0	0	0	0	2	0	2	0	0	12	0	0	0	0	0	0	0	0	0	1	0	0	0	0	0	0	0	0	0	0	0	0	0	0	0	0	0	0	2	0	40	0	0	0	1	0	1	1	0	0	1	1	0	0	2	0	6	0	0	0	0	1	0	0	0	0	0	1	0	13	0	0	0	0	4	0	0	0	0	1	0	1	2	0	0	0	0	0	0	0	1	0	0	0	0	0	0	0	0	0	0	0	1	0	3	0	0	0	0	0	0	0	0	0	0	0	0	1	0	0	0	0	5	0	0	0	0	0	0	1	0	0	1	0	0	1	0	0	0	0	0	0	23	0	0	0	0	0	2	0	0	0	0	0	0	50	0	0	0	0	23	0	0	0	26	0	0	1	0	0	0	1	0	0	0	0	1	0	4	0	1	3	0	0	0	0	0	0	0	0	0	0	0	0	0	0	0	0	0	0	0	0	1	0	0	629	0	0	0	0	0	0	0	0	0	1	0	0	3	3	1	2	0	0	1	0	0	0	0	0	0	0	3	0	0	0	0	0	0	0	1	0	0	0	0	0	10	0	0	0	0	3	0	2	0	0	3	1	0	0	0	1	0	0	0	2	0	1	0	0	0	1	0	1	0	0	0	0	2	0	0	0	0	0	0	0	0	0	1	0	0	0
0	0	0	0	0	0	3	0	5	0	0	16	0	4	0	0	0	0	0	0	0	0	0	0	0	0	0	0	0	0	0	0	0	0	0	0	0	0	0	0	0	0	36	0	0	0	1	0	0	0	0	0	0	0	0	0	1	0	2	0	0	0	0	0	3	1	0	0	0	0	0	9	0	0	0	2	0	0	0	0	0	0	0	0	0	0	0	0	0	0	0	0	0	0	0	0	0	0	0	0	0	0	0	0	1	0	5	0	0	0	2	0	1	0	0	0	0	0	0	0	0	0	2	0	10	0	0	0	0	0	0	0	0	0	0	0	0	0	0	0	0	0	0	0	7	0	0	0	0	0	1	2	0	0	0	0	0	28	0	0	0	0	19	0	0	0	22	0	0	1	0	0	0	0	0	0	0	0	0	0	0	0	0	1	0	0	4	0	0	0	0	0	0	5	0	0	0	0	0	0	0	0	0	0	0	1	0	748	0	0	0	0	0	0	1	0	0	0	0	0	4	2	0	0	0	0	0	0	0	0	0	0	0	0	1	0	0	0	0	1	0	0	6	0	0	0	0	0	16	0	0	0	0	1	0	1	0	0	1	0	1	0	0	4	0	0	0	1	0	1	0	1	0	0	0	1	0	0	0	0	0	0	0	0	0	0	0	0	0	1	0	0	1	0
0	0	0	0	0	0	6	0	11	1	0	12	0	1	0	0	1	0	0	0	1	0	0	0	0	1	1	0	1	0	0	0	0	0	0	0	0	1	0	0	0	0	46	0	0	0	0	0	0	1	0	0	0	1	1	1	0	0	8	0	0	0	0	1	0	0	0	0	4	1	0	37	0	0	0	0	5	0	0	0	0	2	1	0	2	0	0	0	2	0	0	0	7	2	3	0	0	0	0	0	0	0	0	0	1	0	12	3	0	0	0	0	0	2	1	0	0	0	0	0	0	0	4	2	9	0	0	0	0	0	3	0	0	0	0	0	0	0	0	9	0	0	4	0	185	0	0	1	0	1	2	2	0	0	0	0	0	71	0	0	0	0	68	0	0	0	29	0	1	1	0	4	1	0	0	0	0	0	0	0	9	0	0	0	1	0	0	1	0	0	0	0	0	1	0	2	0	0	1	0	0	0	5	2	0	0	0	910	1	0	0	0	1	0	0	1	0	3	1	0	0	2	0	5	2	0	0	0	0	0	0	1	0	2	5	1	1	0	0	0	0	1	0	0	0	0	1	1	17	0	0	0	0	0	1	5	0	0	5	0	0	2	5	0	2	0	0	7	1	1	0	2	0	10	0	0	1	1	0	0	0	1	0	0	1	1	0	0	0	19	0	2	0	0
0	0	0	0	0	0	0	0	8	0	0	9	0	2	0	0	0	0	0	0	3	0	0	0	0	0	0	0	3	0	0	0	0	0	3	0	0	0	0	0	0	0	14	0	0	0	0	0	0	0	0	0	0	0	0	3	0	0	2	0	0	0	0	2	0	0	0	0	1	0	0	17	0	0	0	7	1	0	0	0	0	5	4	0	2	0	0	0	0	2	0	0	5	3	0	0	0	0	0	0	0	0	0	0	4	0	2	0	0	0	0	0	0	2	2	0	0	0	0	0	0	0	0	1	6	0	0	0	0	0	0	0	0	0	0	0	0	0	0	5	3	0	3	0	163	0	0	3	0	0	1	1	0	0	0	0	0	179	0	0	0	0	16	0	0	0	29	0	4	0	0	2	0	0	0	0	2	0	0	0	4	0	0	0	0	0	0	0	1	0	0	0	0	0	0	2	0	0	0	0	0	1	0	7	0	0	0	527	0	0	0	0	3	0	0	0	0	0	3	0	0	5	0	2	2	0	0	1	0	0	0	2	0	1	3	0	0	0	0	0	0	0	1	0	0	0	0	0	19	0	0	0	0	0	0	0	0	0	3	0	0	1	0	0	0	0	0	1	0	0	0	2	0	10	0	0	0	0	0	0	0	3	0	0	0	2	0	0	0	14	0	0	0	0
0	0	0	0	0	1	1	0	17	0	0	2	0	0	0	0	2	0	0	0	0	0	0	0	0	0	0	0	0	0	0	0	0	0	0	0	0	1	0	0	0	0	23	0	0	0	0	0	0	0	0	0	0	0	2	0	0	0	9	0	0	0	0	0	0	0	0	0	1	0	0	15	0	0	0	0	4	0	0	0	0	0	0	0	1	0	0	0	0	1	0	0	1	1	0	0	0	0	0	0	0	0	0	0	0	0	4	1	0	0	0	0	0	0	0	0	0	0	0	0	0	0	0	3	4	0	0	0	0	0	0	0	0	0	0	0	0	0	0	2	0	0	0	0	43	0	0	0	0	0	0	0	0	0	0	0	0	26	0	0	0	0	6	0	0	0	10	0	0	0	0	5	0	0	0	0	0	0	0	0	8	0	0	0	0	0	0	1	0	0	0	0	0	1	0	0	0	0	0	0	0	0	2	0	0	0	0	727	0	0	0	0	0	0	0	2	0	0	0	1	0	0	0	5	0	0	0	0	0	0	0	0	0	1	2	2	2	0	0	0	0	0	1	0	0	0	2	2	11	0	0	0	0	0	1	2	0	0	6	0	0	1	0	0	2	2	0	6	1	0	0	1	0	0	0	0	0	1	0	0	0	0	0	0	0	0	0	0	0	2	0	1	3	0
0	0	0	0	0	0	19	0	18	2	0	14	0	2	0	0	1	0	0	0	0	0	0	0	0	2	0	0	0	0	0	0	0	0	0	0	0	0	0	0	0	0	30	0	0	0	0	0	0	0	0	0	22	0	1	0	0	0	2	0	0	0	0	0	0	0	0	0	6	5	0	7	0	0	0	0	0	0	0	0	0	0	0	0	0	0	0	0	2	1	0	0	7	1	6	0	0	0	0	1	0	0	0	0	0	0	21	1	0	0	0	0	0	2	0	0	0	0	1	0	0	0	2	0	17	0	0	0	0	0	3	0	0	1	0	0	1	0	3	6	0	0	5	0	160	1	0	0	0	2	5	5	0	0	0	0	0	54	0	0	0	0	49	1	0	0	24	0	0	2	0	3	0	0	0	0	0	0	0	0	0	0	0	0	2	0	2	0	0	0	0	0	0	0	0	2	0	0	2	0	0	2	8	0	1	0	0	735	2	0	0	0	0	0	0	0	0	6	0	0	0	1	0	4	0	0	0	0	0	0	0	0	0	2	3	0	0	0	0	0	0	1	0	0	0	0	4	1	19	0	0	0	0	0	0	5	0	0	7	0	0	3	10	0	0	2	0	1	1	2	0	6	0	11	0	0	2	0	0	0	0	0	0	1	2	1	0	0	0	21	0	3	1	0
0	0	0	0	0	0	5	0	19	2	0	8	0	1	0	0	1	0	0	0	0	0	0	0	0	1	0	0	0	0	0	0	3	0	0	0	0	8	0	7	0	0	22	0	0	0	0	0	0	0	0	0	0	0	1	0	0	0	16	0	0	0	0	0	0	0	0	0	4	0	0	16	0	0	0	0	1	0	0	0	0	0	0	0	1	0	0	0	5	3	0	0	6	0	3	0	0	0	9	0	0	0	0	0	1	3	10	1	0	0	0	0	1	2	0	0	0	0	2	0	0	0	0	2	0	0	0	0	0	0	1	0	0	0	0	0	0	0	2	4	0	0	6	0	13	2	0	0	0	9	1	5	0	0	0	0	0	72	0	0	0	0	136	0	0	0	24	0	0	1	0	4	0	0	0	0	0	0	0	3	3	0	2	0	4	0	2	0	0	0	0	0	0	0	0	2	0	1	2	0	0	0	7	0	0	0	0	734	1	4	6	0	0	0	0	0	0	0	0	0	0	1	0	18	2	0	0	0	0	0	0	0	0	1	2	0	0	1	0	0	0	1	1	0	0	0	0	0	18	0	0	0	0	0	2	2	0	0	0	0	0	0	2	0	0	2	0	0	8	3	0	0	0	9	0	0	1	2	0	0	0	0	0	0	1	1	0	0	0	1	2	2	0	0
0	0	0	0	0	0	6	0	12	0	0	3	0	0	0	0	1	0	0	0	0	0	0	0	0	0	0	0	0	0	0	0	1	0	0	0	0	1	0	0	0	0	39	0	0	0	0	0	0	0	1	0	0	0	2	0	1	0	9	0	0	0	0	0	0	0	0	0	3	1	0	20	0	0	0	0	4	0	0	0	0	1	0	0	1	0	0	0	0	1	0	0	3	0	0	0	0	0	1	0	0	0	0	0	0	0	9	1	0	0	0	0	0	0	0	0	0	0	1	0	0	0	3	1	8	0	0	0	0	0	0	0	0	1	0	0	0	0	0	3	0	0	1	0	72	1	0	0	0	0	2	0	0	0	0	0	0	22	0	0	0	0	22	1	0	0	10	0	0	0	0	4	1	0	0	0	0	0	0	0	9	0	1	0	0	0	0	1	0	0	0	0	0	1	0	0	0	0	0	0	0	1	3	0	1	0	0	720	0	0	0	0	0	0	0	1	0	1	0	0	0	0	0	5	1	0	0	0	0	0	0	0	0	1	2	1	1	0	1	0	0	0	0	0	0	0	3	1	11	0	0	0	0	0	3	3	0	0	8	0	0	2	0	0	1	1	0	6	2	1	0	2	0	1	0	0	0	1	0	0	0	0	0	0	0	0	0	0	0	5	0	0	1	0
0	0	0	0	0	0	4	0	14	0	0	3	0	1	0	0	0	0	0	0	1	0	0	0	0	0	0	0	1	0	0	1	0	0	1	0	0	0	0	0	0	0	21	0	0	0	0	0	0	0	0	0	0	0	0	1	0	0	4	0	0	0	0	1	0	0	0	0	1	0	0	9	0	0	0	1	0	0	0	0	0	4	1	0	1	0	0	0	0	1	0	0	5	0	0	0	0	0	0	1	0	0	0	0	3	0	4	0	0	0	0	0	0	1	1	0	0	0	0	0	0	0	2	1	9	0	0	0	0	0	0	0	0	2	0	0	1	0	0	1	1	0	4	0	114	0	0	0	0	0	3	0	0	0	0	0	0	126	0	0	0	0	12	1	0	0	27	0	1	0	0	1	2	0	0	0	0	0	1	0	3	0	0	0	0	0	0	0	1	0	0	0	0	1	0	0	0	1	0	0	0	3	0	2	2	0	0	490	0	0	0	0	1	0	0	0	0	0	1	0	0	2	0	5	1	0	0	2	0	0	0	1	0	0	1	0	0	0	0	0	0	0	3	0	0	0	3	0	19	0	0	0	0	0	1	0	0	0	14	0	0	1	0	2	0	0	0	0	0	3	0	3	0	7	1	0	0	0	0	0	0	1	0	0	0	2	0	0	0	6	0	0	0	0
0	0	0	0	0	0	4	0	14	1	0	10	0	1	0	0	0	0	0	0	0	0	0	0	0	1	0	0	0	0	0	0	0	0	0	0	0	0	0	0	0	0	22	0	0	0	0	0	0	0	0	0	0	0	0	0	0	0	3	0	0	0	0	0	0	0	0	0	0	2	0	22	0	0	0	1	3	0	0	0	0	1	0	0	0	1	1	0	1	1	0	0	1	0	2	0	0	0	0	0	0	0	0	0	1	0	7	1	0	0	0	0	0	1	0	0	0	0	0	0	0	0	4	3	5	0	0	0	0	0	1	0	0	0	0	0	0	0	2	0	0	0	0	0	32	0	0	0	0	0	2	4	0	0	0	0	0	56	0	0	0	0	32	0	0	0	27	0	0	1	0	0	0	0	0	0	1	0	0	0	6	0	0	0	0	0	2	1	1	0	0	0	0	1	0	1	0	1	3	0	0	0	1	0	0	0	0	694	1	0	0	0	0	0	0	0	0	1	0	0	0	0	0	2	1	0	0	1	0	0	0	0	0	0	5	0	0	0	0	0	0	1	2	0	0	0	1	0	10	0	0	0	0	0	0	0	0	0	5	0	0	0	3	1	0	0	0	0	0	0	0	0	0	5	0	0	1	0	0	0	0	0	0	0	1	0	0	0	0	4	0	2	0	0
0	0	0	0	0	0	6	0	17	0	0	6	0	0	0	0	0	0	0	0	0	0	0	0	0	0	0	0	0	0	0	0	0	0	0	0	0	0	0	0	0	0	29	0	0	0	0	0	0	0	0	0	0	0	0	0	0	0	5	0	0	0	0	0	0	0	0	0	1	1	0	22	0	0	0	0	2	0	0	0	0	0	0	0	0	0	0	0	0	0	0	0	0	0	2	0	0	0	0	0	0	0	0	0	0	0	9	2	0	0	0	0	0	0	0	0	0	0	0	0	0	0	4	2	7	0	0	0	0	0	2	0	0	1	0	0	0	0	0	0	0	0	0	0	23	0	0	0	0	0	1	2	0	0	0	0	0	18	0	0	0	0	16	1	0	0	18	0	0	1	0	1	1	0	0	0	0	0	0	0	7	0	0	0	0	0	0	0	1	0	0	0	0	1	0	0	0	0	0	0	0	0	3	0	0	0	0	804	0	0	0	0	0	0	0	1	0	2	0	0	0	0	0	3	0	0	0	0	0	0	0	0	0	0	3	1	1	0	0	0	0	0	2	0	0	0	4	0	9	0	0	0	0	1	0	2	0	0	11	0	0	0	3	1	1	1	0	1	0	0	0	1	0	1	0	0	0	0	0	0	0	0	0	0	0	0	1	0	0	2	0	3	0	0
0	0	0	0	0	0	8	0	12	0	0	6	0	0	0	0	1	0	0	0	0	0	0	0	0	1	0	0	0	0	0	0	1	0	0	0	0	2	0	0	0	0	39	0	0	0	0	0	0	0	0	0	0	0	1	0	0	0	8	0	0	0	0	1	0	0	0	0	4	1	0	18	0	0	0	1	1	0	0	0	0	2	0	0	1	0	0	0	1	1	0	0	5	1	1	0	0	0	1	1	0	0	0	0	0	1	11	1	0	0	0	0	1	0	0	0	0	0	0	0	0	0	3	0	10	0	0	0	0	0	0	0	0	0	0	0	1	0	0	5	0	0	5	0	104	1	0	0	0	2	3	0	0	0	0	0	0	45	0	0	0	0	56	1	0	0	16	0	0	0	0	3	1	0	0	0	1	0	0	0	5	0	0	0	1	0	0	0	0	0	0	0	0	1	0	1	0	0	1	0	0	1	3	1	1	0	0	703	0	0	1	0	0	0	0	0	0	1	0	0	0	1	0	6	1	0	0	0	0	0	0	0	0	2	4	0	0	0	0	0	0	0	0	0	0	0	1	0	13	0	0	0	0	0	3	2	0	0	4	0	0	2	2	0	0	0	0	2	2	4	0	2	0	5	1	0	0	1	0	0	0	1	0	0	0	2	0	0	0	8	0	0	1	0
0	0	0	0	0	1	3	0	12	0	0	8	0	1	0	0	0	0	0	0	0	0	0	0	0	0	0	0	0	0	1	0	0	0	0	0	0	0	1	0	0	0	30	0	0	0	0	0	0	2	1	0	0	2	0	0	0	1	3	0	0	0	0	0	0	0	0	0	0	1	0	32	0	0	0	0	20	0	0	0	0	2	0	1	0	0	1	0	0	0	0	0	1	0	1	0	0	0	0	0	0	0	0	0	1	0	6	2	0	0	0	0	0	1	1	0	0	0	0	0	0	0	7	8	8	0	0	0	0	0	0	0	0	0	0	0	0	0	1	0	0	0	0	0	53	0	0	0	0	0	1	1	0	0	0	0	0	50	0	0	0	0	19	0	0	0	27	0	0	0	0	0	2	0	0	0	0	1	0	0	12	0	0	0	0	0	0	3	1	0	0	0	0	3	0	1	0	1	1	0	0	1	1	0	0	1	0	732	0	0	0	0	0	0	0	0	0	1	0	1	0	0	0	1	1	0	0	0	0	0	0	0	0	0	5	0	0	0	1	0	0	0	1	0	0	1	2	0	9	0	1	0	0	1	0	0	0	0	10	0	0	0	2	0	1	0	2	0	0	0	0	1	0	3	0	0	1	0	0	0	0	1	0	0	0	0	0	0	0	5	0	1	0	0
0	0	0	0	0	0	1	0	5	0	0	5	0	4	0	0	2	0	0	0	2	0	0	0	0	0	0	0	1	0	0	0	0	0	1	0	0	1	0	1	0	0	23	0	0	0	0	0	0	0	0	0	0	0	2	3	0	0	9	0	0	0	0	2	0	0	0	0	3	0	0	16	0	0	0	1	1	0	0	0	0	4	3	0	3	0	0	0	0	2	0	0	7	3	0	0	0	0	1	0	0	0	0	0	1	1	4	1	0	0	0	0	0	0	1	0	0	0	1	0	0	0	0	0	3	0	0	0	0	0	0	0	0	0	0	0	0	0	0	10	2	0	4	0	154	0	0	1	0	1	0	0	1	0	0	0	0	110	0	0	0	0	29	0	0	0	12	0	1	0	0	6	0	0	0	0	0	0	0	0	5	0	0	0	0	0	0	0	0	0	0	0	0	0	0	0	0	0	0	0	0	1	3	3	0	0	0	506	0	1	1	0	1	0	0	1	0	0	1	0	0	5	0	6	3	0	0	0	0	0	0	2	0	4	1	1	1	0	0	0	0	0	0	0	0	0	0	1	22	0	0	0	0	0	1	2	0	0	2	0	0	2	0	0	1	3	0	6	3	2	0	1	0	5	0	0	0	1	0	0	0	1	0	0	0	3	0	0	0	11	0	0	0	0
0	0	0	0	0	1	1	0	6	0	0	4	0	1	0	0	0	0	0	0	0	0	0	0	0	0	0	0	0	0	0	0	0	0	0	0	0	0	0	0	0	0	19	0	0	0	0	0	0	1	0	0	0	1	0	0	0	0	2	0	0	0	0	0	0	1	0	0	0	0	0	16	0	0	0	4	8	0	0	0	0	2	0	0	1	0	1	0	0	1	0	0	0	1	0	0	0	0	0	0	0	0	0	0	0	0	3	1	0	0	0	0	0	0	1	0	0	0	0	0	0	0	1	2	7	0	0	0	0	0	0	0	0	0	0	0	0	0	0	1	0	0	0	0	49	0	0	0	0	0	1	0	1	0	0	0	0	37	0	0	0	0	7	0	0	0	7	0	0	0	0	0	1	0	0	0	2	0	0	0	9	0	0	0	0	0	0	1	0	0	0	0	0	3	0	0	0	0	0	0	0	0	0	0	0	1	0	498	0	0	0	0	0	0	0	0	0	0	0	0	0	0	0	0	0	0	0	0	0	0	0	0	0	0	5	0	0	0	0	0	0	0	0	0	0	0	1	0	7	0	0	0	0	1	0	0	2	0	4	0	0	1	0	0	1	1	1	1	0	0	0	1	0	1	0	0	0	0	0	0	0	1	0	0	0	0	0	0	0	4	0	0	2	0
0	0	0	0	0	0	5	0	6	1	0	8	0	6	0	0	0	0	0	0	0	0	0	0	0	2	0	0	0	0	0	1	0	0	0	0	0	0	0	0	0	0	13	0	0	0	0	0	0	0	0	0	0	0	0	0	0	0	2	0	0	0	0	0	0	0	0	0	1	0	0	9	0	0	0	1	0	0	0	0	0	0	0	0	0	0	0	0	1	1	0	1	1	0	2	0	0	0	0	0	0	0	0	0	0	0	7	1	0	0	0	0	0	1	0	0	0	0	0	0	0	0	1	0	3	0	0	0	0	0	1	0	0	0	0	0	0	0	1	0	0	0	0	0	18	0	0	0	0	0	1	2	5	0	0	0	0	40	0	0	0	0	21	0	0	0	8	0	0	0	0	0	0	0	0	0	1	0	0	0	2	0	0	0	0	0	1	0	0	0	0	0	0	0	0	1	0	0	1	0	0	0	4	0	0	0	0	440	0	0	0	0	0	0	0	0	0	1	0	0	0	0	0	1	0	0	0	0	0	0	0	0	0	0	3	0	0	0	0	0	0	1	0	0	0	0	0	0	10	0	0	0	0	0	0	1	0	0	1	0	0	0	2	0	0	3	0	0	0	0	0	0	0	2	0	0	0	0	0	0	3	0	0	0	0	0	0	0	0	2	0	0	1	0
0	0	1	0	0	2	9	0	7	2	0	12	0	2	0	0	0	0	0	0	0	0	0	0	0	2	0	0	0	0	0	0	0	0	0	0	0	0	0	0	0	0	46	0	0	0	0	0	0	1	0	0	0	2	0	0	0	0	6	0	0	0	0	0	0	0	0	0	2	2	0	43	0	0	0	0	25	0	0	0	0	1	0	1	1	0	1	0	1	0	0	0	3	0	5	0	0	0	0	0	0	0	0	0	0	0	13	3	0	0	0	0	0	3	2	0	0	0	0	0	0	0	7	5	7	0	0	0	0	0	2	0	0	0	0	0	0	0	1	3	0	0	2	0	74	0	0	0	0	1	2	3	0	0	0	0	0	42	0	0	0	0	76	0	0	0	22	0	0	3	0	1	1	0	0	0	0	2	0	0	14	0	0	0	2	0	3	4	0	0	0	0	0	1	0	3	0	0	1	0	0	0	4	0	0	1	0	808	3	0	0	0	0	0	0	0	0	3	0	1	2	0	0	3	2	0	0	0	0	0	0	0	0	0	7	0	0	0	1	0	1	2	0	0	0	0	0	0	11	0	0	0	0	1	1	2	0	0	3	0	0	1	7	0	1	1	1	2	0	1	0	1	0	6	0	0	1	2	0	0	0	1	0	0	2	0	0	0	0	8	0	2	0	0
0	0	0	0	0	0	1	0	17	0	0	4	0	0	0	0	0	0	0	0	0	0	0	0	0	0	0	0	1	0	0	0	1	0	0	0	0	0	0	0	0	0	18	0	0	0	0	0	0	0	0	0	0	0	0	0	0	0	4	0	0	0	0	0	0	2	0	0	2	0	0	8	0	0	0	16	0	0	0	0	0	0	0	0	1	0	0	0	0	6	0	0	3	1	0	0	0	0	0	0	0	0	0	0	0	0	5	0	0	0	0	0	0	0	0	0	0	0	0	0	0	0	0	0	9	0	0	0	0	0	0	0	0	0	0	0	0	0	1	3	0	0	2	0	65	0	0	0	0	1	3	0	0	0	0	0	0	49	0	0	0	0	28	0	0	0	13	0	0	0	0	1	0	0	0	0	8	0	0	0	1	1	0	0	0	0	0	0	0	0	0	0	0	1	0	0	0	0	1	0	0	1	1	1	0	0	0	636	0	0	0	0	1	0	0	0	0	1	0	0	0	1	0	2	1	0	0	0	0	0	0	0	0	1	5	0	0	0	0	0	0	0	0	0	0	0	0	0	9	0	0	0	0	0	0	1	9	0	1	0	0	1	0	0	0	0	0	1	0	1	0	1	0	6	0	0	0	1	0	0	0	0	0	0	0	0	0	0	0	5	0	0	5	0
0	0	0	0	0	0	3	0	24	0	0	1	0	0	0	0	1	0	0	0	0	0	0	0	0	0	0	0	0	0	0	0	2	0	0	0	0	3	0	3	0	0	23	0	0	0	0	0	0	0	0	0	0	0	1	0	0	0	13	0	0	0	0	0	0	0	0	0	2	0	0	9	0	0	0	0	0	0	0	0	0	0	0	0	1	0	0	0	0	1	0	0	4	0	0	0	0	0	4	0	0	0	0	0	1	1	6	0	0	0	0	0	1	0	0	0	0	0	2	0	0	0	0	2	3	0	0	0	0	0	0	0	0	0	0	0	0	0	0	2	0	0	2	0	41	2	0	0	0	2	1	0	0	0	0	0	0	56	0	0	0	0	18	0	0	0	19	0	0	0	0	5	0	0	0	0	0	0	0	1	3	0	1	0	0	0	0	0	2	0	0	0	0	0	0	0	0	1	0	0	0	0	2	0	0	0	0	671	0	1	3	0	0	0	0	0	0	0	0	0	0	0	0	15	1	0	0	2	0	0	0	0	0	1	0	0	0	0	0	0	1	0	5	0	0	0	2	0	18	0	0	0	0	0	3	0	0	0	9	0	0	1	0	2	0	2	0	2	5	3	0	0	0	3	0	0	0	1	0	0	0	0	0	0	0	1	0	0	0	1	2	1	0	0
0	0	0	0	0	1	13	0	8	0	0	2	0	1	0	0	0	0	0	0	0	0	0	0	0	0	0	0	0	0	0	0	1	0	0	0	0	5	0	4	0	0	46	0	0	0	0	0	0	1	1	0	0	1	0	0	0	0	11	0	0	0	0	0	0	0	0	0	4	1	0	14	0	0	0	1	8	0	0	0	0	2	0	0	2	0	1	0	2	2	0	0	5	0	0	0	0	0	7	2	0	0	0	0	0	1	11	0	0	0	0	0	2	0	1	0	0	0	1	0	0	0	6	1	7	0	0	0	0	0	0	0	0	2	0	0	2	0	0	2	0	0	8	0	48	2	0	0	0	4	6	0	0	0	0	0	0	33	0	0	0	0	84	2	0	0	10	0	0	0	0	0	3	0	0	0	0	0	0	1	8	0	1	0	1	0	0	1	0	0	0	0	0	3	0	0	0	0	0	0	0	1	2	0	2	0	0	546	0	2	3	0	0	0	0	0	0	0	0	0	0	1	0	8	3	0	0	0	0	0	0	0	0	1	4	0	0	0	0	0	0	0	0	0	0	0	0	0	10	0	0	0	0	1	8	0	0	0	3	0	0	0	1	0	0	1	1	0	3	6	0	1	0	4	1	0	0	2	0	0	0	1	0	0	0	2	0	0	0	1	2	0	0	0
