0.0001	0.0000	0.0000	0.9999
0.0003	0.0002	0.0000	0.9995
0.9994	0.0005	0.0000	0.0000
0.9751	0.0000	0.0000	0.0249
0.0000	1.0000	0.0000	0.0000
0.0000	1.0000	0.0000	0.0000
0.0004	0.0727	0.0000	0.9269
1.0000	0.0000	0.0000	0.0000
0.9923	0.0077	0.0000	0.0000
0.0000	0.0000	1.0000	0.0000
0.0021	0.0000	0.0000	0.9979
0.7233	0.2266	0.0000	0.0501
0.5479	0.0000	0.4521	0.0000
0.8089	0.0001	0.0000	0.1910
0.0245	0.9755	0.0000	0.0000
0.0862	0.6304	0.0005	0.2829
0.0030	0.9970	0.0000	0.0000
0.9429	0.0569	0.0000	0.0002
0.4649	0.0000	0.0000	0.5351
0.0006	0.0000	0.0000	0.9993
1.0000	0.0000	0.0000	0.0000
0.9913	0.0000	0.0000	0.0087
0.0564	0.9436	0.0000	0.0000
0.0000	0.0000	0.0000	1.0000
0.0000	1.0000	0.0000	0.0000
0.0000	0.0000	0.0000	1.0000
0.0009	0.9991	0.0000	0.0000
1.0000	0.0000	0.0000	0.0000
0.9359	0.0004	0.0636	0.0000
0.0002	0.7244	0.0000	0.2754
0.0003	0.0000	0.0000	0.9997
0.0000	0.0000	0.9738	0.0261
0.0783	0.9216	0.0000	0.0001
0.9442	0.0558	0.0000	0.0000
0.0971	0.0000	0.9029	0.0000
1.0000	0.0000	0.0000	0.0000
0.0000	0.0000	0.0000	1.0000
0.0000	0.0000	1.0000	0.0000
0.0000	0.0000	0.0000	1.0000
0.9493	0.0022	0.0000	0.0485
0.0115	0.0808	0.0000	0.9078
0.0000	1.0000	0.0000	0.0000
0.9998	0.0002	0.0000	0.0000
0.9608	0.0392	0.0000	0.0000
0.9970	0.0001	0.0000	0.0029
0.8007	0.0000	0.1993	0.0000
0.0330	0.0087	0.0000	0.9583
1.0000	0.0000	0.0000	0.0000
1.0000	0.0000	0.0000	0.0000
0.0000	0.0000	0.0000	1.0000
0.0000	0.0000	0.0000	1.0000
0.0000	0.0031	0.8921	0.1048
0.0030	0.0000	0.0000	0.9970
0.0000	0.0000	0.0000	1.0000
0.0177	0.9823	0.0000	0.0000
0.5450	0.4550	0.0000	0.0000
0.9841	0.0114	0.0000	0.0044
0.0000	0.0000	1.0000	0.0000
0.0005	0.0002	0.0000	0.9994
0.0000	1.0000	0.0000	0.0000
1.0000	0.0000	0.0000	0.0000
0.0000	0.0000	0.0000	1.0000
0.1967	0.0394	0.0000	0.7639
0.0039	0.9195	0.0000	0.0765
1.0000	0.0000	0.0000	0.0000
0.9990	0.0000	0.0000	0.0010
0.9530	0.0192	0.0000	0.0278
0.0000	0.0000	0.0000	1.0000
