1.0000	0.0000	0.0000
1.0000	0.0000	0.0000
1.0000	0.0000	0.0000
1.0000	0.0000	0.0000
1.0000	0.0000	0.0000
1.0000	0.0000	0.0000
1.0000	0.0000	0.0000
1.0000	0.0000	0.0000
1.0000	0.0000	0.0000
1.0000	0.0000	0.0000
1.0000	0.0000	0.0000
0.0000	1.0000	0.0000
0.0000	1.0000	0.0000
0.0000	1.0000	0.0000
0.0000	1.0000	0.0000
0.0000	1.0000	0.0000
0.0000	1.0000	0.0000
0.0000	1.0000	0.0000
0.0000	1.0000	0.0000
0.0000	1.0000	0.0000
0.0000	1.0000	0.0000
0.0000	1.0000	0.0000
0.0000	0.0000	1.0000
0.0013	0.0000	0.9987
0.0000	0.0000	1.0000
0.0000	0.0000	1.0000
0.0000	0.0000	1.0000
0.0000	0.0000	1.0000
0.0000	0.0000	1.0000
0.0000	0.0000	1.0000
0.0000	0.0000	1.0000
0.9371	0.0000	0.0629
0.0000	0.0000	1.0000
