1.0000	0.0000	0.0000
1.0000	0.0000	0.0000
1.0000	0.0000	0.0000
0.9981	0.0000	0.0019
1.0000	0.0000	0.0000
1.0000	0.0000	0.0000
1.0000	0.0000	0.0000
0.9999	0.0000	0.0001
0.9999	0.0000	0.0001
0.9994	0.0000	0.0006
1.0000	0.0000	0.0000
0.0000	1.0000	0.0000
0.0000	1.0000	0.0000
0.0000	1.0000	0.0000
0.0000	1.0000	0.0000
0.0000	1.0000	0.0000
0.0000	1.0000	0.0000
0.0000	1.0000	0.0000
0.0000	1.0000	0.0000
0.0000	1.0000	0.0000
0.0000	1.0000	0.0000
0.0000	1.0000	0.0000
0.0000	0.0000	1.0000
0.0000	0.0002	0.9998
0.0000	0.0000	1.0000
0.0000	0.0000	1.0000
0.0000	0.0001	0.9999
0.0000	0.0001	0.9999
0.0000	0.0000	1.0000
0.0000	0.0001	0.9999
0.0000	0.0000	1.0000
0.0103	0.0003	0.9894
0.0000	0.0000	1.0000
