1.0000	0.0000	0.0000
1.0000	0.0000	0.0000
1.0000	0.0000	0.0000
1.0000	0.0000	0.0000
1.0000	0.0000	0.0000
1.0000	0.0000	0.0000
1.0000	0.0000	0.0000
0.9983	0.0000	0.0017
1.0000	0.0000	0.0000
0.9986	0.0000	0.0014
0.9983	0.0000	0.0017
0.0000	1.0000	0.0000
0.0000	1.0000	0.0000
0.0000	1.0000	0.0000
0.0000	1.0000	0.0000
0.0000	1.0000	0.0000
0.0000	0.9438	0.0561
0.0000	1.0000	0.0000
0.0000	0.9809	0.0191
0.0000	1.0000	0.0000
0.0000	1.0000	0.0000
0.0000	1.0000	0.0000
0.0844	0.0000	0.9156
0.0000	0.0000	1.0000
0.0000	0.0000	1.0000
0.0022	0.0000	0.9978
0.0000	0.0000	1.0000
0.0000	0.0000	1.0000
0.0078	0.0000	0.9922
0.0018	0.0000	0.9982
0.9529	0.0000	0.0471
0.0000	0.3007	0.6993
0.0000	0.0000	1.0000
