1.0000	0.0000	0.0000
1.0000	0.0000	0.0000
1.0000	0.0000	0.0000
1.0000	0.0000	0.0000
1.0000	0.0000	0.0000
1.0000	0.0000	0.0000
0.9910	0.0000	0.0090
1.0000	0.0000	0.0000
0.9998	0.0000	0.0002
1.0000	0.0000	0.0000
1.0000	0.0000	0.0000
0.0000	1.0000	0.0000
0.0000	1.0000	0.0000
0.0000	1.0000	0.0000
0.0000	1.0000	0.0000
0.0000	1.0000	0.0000
0.0000	1.0000	0.0000
0.0000	1.0000	0.0000
0.0000	1.0000	0.0000
0.0000	1.0000	0.0000
0.0000	1.0000	0.0000
0.0000	1.0000	0.0000
0.0000	0.0000	1.0000
0.0000	0.0000	0.9999
0.0000	0.0000	1.0000
0.0000	0.0000	1.0000
0.0000	0.0000	1.0000
0.0000	0.0000	1.0000
0.0000	0.0000	1.0000
0.0000	0.0000	1.0000
0.0000	0.0000	1.0000
0.0000	0.0000	1.0000
0.0000	0.0000	1.0000
