0.6640	0.2245	0.1116
0.9999	0.0000	0.0001
0.9997	0.0000	0.0003
0.9999	0.0000	0.0001
0.9998	0.0000	0.0002
0.9999	0.0000	0.0001
0.9658	0.0000	0.0342
0.9996	0.0000	0.0004
0.9776	0.0000	0.0224
0.9998	0.0000	0.0002
0.9992	0.0000	0.0008
0.0000	1.0000	0.0000
0.0000	1.0000	0.0000
0.0000	1.0000	0.0000
0.0000	0.9966	0.0034
0.0000	1.0000	0.0000
0.0000	1.0000	0.0000
0.0000	1.0000	0.0000
0.0000	1.0000	0.0000
0.0000	1.0000	0.0000
0.0000	1.0000	0.0000
0.0000	1.0000	0.0000
0.0005	0.0000	0.9995
0.0092	0.0000	0.9908
0.0023	0.0000	0.9977
0.0002	0.0000	0.9998
0.0000	0.0000	1.0000
0.0000	0.0001	0.9999
0.0004	0.0000	0.9996
0.0000	0.0000	1.0000
0.0000	0.0000	1.0000
0.0000	0.0000	1.0000
0.0000	0.0000	1.0000
