0.6993	0.1158	0.1849
1.0000	0.0000	0.0000
0.9999	0.0000	0.0001
1.0000	0.0000	0.0000
1.0000	0.0000	0.0000
1.0000	0.0000	0.0000
0.9676	0.0000	0.0324
0.9999	0.0000	0.0001
0.9787	0.0000	0.0213
1.0000	0.0000	0.0000
0.9999	0.0000	0.0001
0.0000	1.0000	0.0000
0.0000	1.0000	0.0000
0.0000	1.0000	0.0000
0.0000	0.9951	0.0049
0.0000	1.0000	0.0000
0.0000	1.0000	0.0000
0.0000	1.0000	0.0000
0.0000	0.9999	0.0001
0.0000	1.0000	0.0000
0.0000	0.9999	0.0001
0.0000	1.0000	0.0000
0.0001	0.0000	0.9999
0.0012	0.0000	0.9988
0.0003	0.0000	0.9997
0.0000	0.0000	1.0000
0.0000	0.0000	1.0000
0.0000	0.0000	1.0000
0.0001	0.0000	0.9999
0.0000	0.0000	1.0000
0.0000	0.0000	1.0000
0.0000	0.0000	1.0000
0.0000	0.0000	1.0000
