1.0000	0.0000	0.0000
1.0000	0.0000	0.0000
1.0000	0.0000	0.0000
1.0000	0.0000	0.0000
0.9940	0.0000	0.0060
1.0000	0.0000	0.0000
0.9957	0.0000	0.0043
1.0000	0.0000	0.0000
0.9999	0.0000	0.0001
1.0000	0.0000	0.0000
1.0000	0.0000	0.0000
0.0000	1.0000	0.0000
0.0000	1.0000	0.0000
0.0000	1.0000	0.0000
0.0000	1.0000	0.0000
0.0000	1.0000	0.0000
0.0000	1.0000	0.0000
0.0000	1.0000	0.0000
0.0000	1.0000	0.0000
0.0000	1.0000	0.0000
0.0000	1.0000	0.0000
0.0000	1.0000	0.0000
0.0002	0.0000	0.9998
0.0000	0.0000	0.9999
0.0000	0.0000	1.0000
0.0000	0.0000	1.0000
0.0000	0.0000	1.0000
0.2182	0.0018	0.7799
0.0000	0.0012	0.9988
0.0000	0.0000	1.0000
0.0000	0.0000	1.0000
0.0427	0.0002	0.9572
0.0000	0.0000	1.0000
