1.0000	0.0000	0.0000
1.0000	0.0000	0.0000
1.0000	0.0000	0.0000
1.0000	0.0000	0.0000
0.9919	0.0000	0.0081
1.0000	0.0000	0.0000
0.9877	0.0000	0.0123
1.0000	0.0000	0.0000
0.9837	0.0000	0.0163
0.9999	0.0000	0.0001
1.0000	0.0000	0.0000
0.0000	1.0000	0.0000
0.0000	1.0000	0.0000
0.0000	1.0000	0.0000
0.0000	1.0000	0.0000
0.0000	1.0000	0.0000
0.0000	1.0000	0.0000
0.0000	0.9980	0.0020
0.0000	0.9999	0.0001
0.0000	1.0000	0.0000
0.0000	1.0000	0.0000
0.0000	1.0000	0.0000
0.0052	0.0000	0.9948
0.0000	0.0000	1.0000
0.0000	0.0000	1.0000
0.0000	0.0000	1.0000
0.0000	0.0000	1.0000
0.0165	0.0000	0.9834
0.0000	0.0000	1.0000
0.0000	0.0000	1.0000
0.0000	0.0000	1.0000
0.0909	0.0000	0.9091
0.0000	0.0000	1.0000
