1.0000	0.0000	0.0000
1.0000	0.0000	0.0000
1.0000	0.0000	0.0000
1.0000	0.0000	0.0000
0.9999	0.0000	0.0001
1.0000	0.0000	0.0000
1.0000	0.0000	0.0000
1.0000	0.0000	0.0000
1.0000	0.0000	0.0000
1.0000	0.0000	0.0000
1.0000	0.0000	0.0000
0.0000	1.0000	0.0000
0.0000	1.0000	0.0000
0.0000	1.0000	0.0000
0.0000	1.0000	0.0000
0.0000	1.0000	0.0000
0.0000	1.0000	0.0000
0.0000	1.0000	0.0000
0.0000	1.0000	0.0000
0.0000	1.0000	0.0000
0.0000	1.0000	0.0000
0.0000	1.0000	0.0000
0.0399	0.0000	0.9601
0.0009	0.0000	0.9990
0.0005	0.0000	0.9995
0.0000	0.0000	1.0000
0.0001	0.0000	0.9999
0.9820	0.0000	0.0180
0.0002	0.0001	0.9996
0.0000	0.0000	1.0000
0.0000	0.0000	1.0000
0.9487	0.0000	0.0513
0.0000	0.0000	1.0000
