0.9331	0.0669	0.0000
1.0000	0.0000	0.0000
1.0000	0.0000	0.0000
1.0000	0.0000	0.0000
1.0000	0.0000	0.0000
1.0000	0.0000	0.0000
1.0000	0.0000	0.0000
1.0000	0.0000	0.0000
1.0000	0.0000	0.0000
1.0000	0.0000	0.0000
1.0000	0.0000	0.0000
0.0000	1.0000	0.0000
0.0000	1.0000	0.0000
0.0000	1.0000	0.0000
0.0000	1.0000	0.0000
0.0000	1.0000	0.0000
0.0000	1.0000	0.0000
0.0000	1.0000	0.0000
0.0000	1.0000	0.0000
0.0000	1.0000	0.0000
0.0000	1.0000	0.0000
0.0000	1.0000	0.0000
0.0000	0.0000	1.0000
0.0007	0.0000	0.9993
0.0001	0.0000	0.9999
0.0000	0.0000	1.0000
0.0000	0.0000	1.0000
0.0000	0.0000	1.0000
0.0000	0.0000	1.0000
0.0004	0.0000	0.9996
0.0000	0.0000	1.0000
0.0000	0.0000	1.0000
0.0000	0.0000	1.0000
