0.0000	1.0000	0.0000
1.0000	0.0000	0.0000
1.0000	0.0000	0.0000
1.0000	0.0000	0.0000
1.0000	0.0000	0.0000
1.0000	0.0000	0.0000
1.0000	0.0000	0.0000
0.9994	0.0000	0.0006
1.0000	0.0000	0.0000
1.0000	0.0000	0.0000
1.0000	0.0000	0.0000
0.0000	1.0000	0.0000
0.0000	1.0000	0.0000
0.0000	1.0000	0.0000
0.0000	1.0000	0.0000
0.0000	1.0000	0.0000
0.0000	1.0000	0.0000
0.0000	1.0000	0.0000
0.0000	1.0000	0.0000
0.0000	1.0000	0.0000
0.0000	1.0000	0.0000
0.0000	1.0000	0.0000
0.0000	0.0000	1.0000
0.0000	0.0000	1.0000
0.0000	0.0001	0.9999
0.0000	0.0000	1.0000
0.0000	0.0000	1.0000
0.0000	0.0000	1.0000
0.0032	0.0001	0.9968
0.0000	0.0000	1.0000
0.0000	0.0000	1.0000
0.0000	0.0000	1.0000
0.9659	0.0000	0.0341
