1.0000	0.0000	0.0000	0.0000
1.0000	0.0000	0.0000	0.0000
0.2817	0.7183	0.0000	0.0000
0.7228	0.0000	0.2772	0.0000
1.0000	0.0000	0.0000	0.0000
0.0000	1.0000	0.0000	0.0000
1.0000	0.0000	0.0000	0.0000
0.9801	0.0000	0.0000	0.0199
0.0000	1.0000	0.0000	0.0000
0.0021	0.0003	0.9976	0.0000
0.0000	0.0000	0.0000	1.0000
1.0000	0.0000	0.0000	0.0000
0.0737	0.0000	0.0496	0.8767
0.0000	1.0000	0.0000	0.0000
0.3098	0.6619	0.0283	0.0000
0.9978	0.0022	0.0000	0.0000
0.9467	0.0001	0.0003	0.0529
1.0000	0.0000	0.0000	0.0000
1.0000	0.0000	0.0000	0.0000
1.0000	0.0000	0.0000	0.0000
1.0000	0.0000	0.0000	0.0000
0.4795	0.0000	0.0006	0.5199
0.0821	0.0045	0.9134	0.0000
0.0000	1.0000	0.0000	0.0000
0.9997	0.0003	0.0000	0.0000
0.7912	0.0000	0.0000	0.2088
0.0025	0.0000	0.0002	0.9973
1.0000	0.0000	0.0000	0.0000
0.0077	0.0000	0.0058	0.9865
0.0000	1.0000	0.0000	0.0000
1.0000	0.0000	0.0000	0.0000
0.9993	0.0007	0.0000	0.0000
0.0000	1.0000	0.0000	0.0000
0.0000	1.0000	0.0000	0.0000
0.0000	0.0000	0.0000	1.0000
1.0000	0.0000	0.0000	0.0000
0.9979	0.0000	0.0002	0.0018
0.0000	1.0000	0.0000	0.0000
1.0000	0.0000	0.0000	0.0000
0.9989	0.0000	0.0000	0.0011
1.0000	0.0000	0.0000	0.0000
0.9994	0.0000	0.0000	0.0005
0.0535	0.9465	0.0000	0.0000
0.9962	0.0006	0.0031	0.0000
1.0000	0.0000	0.0000	0.0000
0.9999	0.0000	0.0000	0.0001
0.9983	0.0000	0.0000	0.0017
0.5458	0.0000	0.4542	0.0000
0.0008	0.0000	0.9992	0.0000
0.0000	0.0000	0.0000	1.0000
0.8889	0.1111	0.0000	0.0000
1.0000	0.0000	0.0000	0.0000
0.0000	1.0000	0.0000	0.0000
0.0003	0.9997	0.0000	0.0000
0.0133	0.9867	0.0000	0.0000
0.9897	0.0000	0.0000	0.0103
0.0000	1.0000	0.0000	0.0000
0.0000	1.0000	0.0000	0.0000
1.0000	0.0000	0.0000	0.0000
0.0002	0.9998	0.0000	0.0000
0.0008	0.0000	0.9991	0.0001
0.0000	0.0000	0.0000	1.0000
0.0052	0.0000	0.0000	0.9948
0.9841	0.0101	0.0039	0.0019
0.9995	0.0000	0.0000	0.0005
0.0000	0.0000	0.0000	1.0000
1.0000	0.0000	0.0000	0.0000
0.0031	0.0001	0.9961	0.0007
