0.9999	0.0000	0.0000	0.0000
1.0000	0.0000	0.0000	0.0000
0.0003	0.9997	0.0000	0.0000
0.9990	0.0001	0.0009	0.0000
1.0000	0.0000	0.0000	0.0000
0.0000	0.3334	0.0000	0.6666
1.0000	0.0000	0.0000	0.0000
0.0000	0.0000	0.0000	1.0000
0.0000	1.0000	0.0000	0.0000
0.0022	0.0026	0.9800	0.0152
0.0000	0.0000	0.0000	1.0000
1.0000	0.0000	0.0000	0.0000
0.0197	0.0796	0.0764	0.8242
0.0000	1.0000	0.0000	0.0000
1.0000	0.0000	0.0000	0.0000
0.0000	1.0000	0.0000	0.0000
0.8731	0.1268	0.0000	0.0000
1.0000	0.0000	0.0000	0.0000
1.0000	0.0000	0.0000	0.0000
1.0000	0.0000	0.0000	0.0000
1.0000	0.0000	0.0000	0.0000
0.0264	0.4743	0.0148	0.4845
0.0000	0.0000	0.9994	0.0005
0.0000	1.0000	0.0000	0.0000
0.0000	1.0000	0.0000	0.0000
0.3295	0.3741	0.0002	0.2962
0.0024	0.0036	0.0012	0.9928
1.0000	0.0000	0.0000	0.0000
0.0036	0.0057	0.0049	0.9858
0.0000	1.0000	0.0000	0.0000
1.0000	0.0000	0.0000	0.0000
0.0000	0.9999	0.0000	0.0000
0.0000	0.0000	1.0000	0.0000
0.0000	1.0000	0.0000	0.0000
0.0000	0.0000	0.0000	1.0000
0.9997	0.0000	0.0000	0.0003
0.1711	0.1651	0.3864	0.2775
0.0000	1.0000	0.0000	0.0000
0.9804	0.0191	0.0000	0.0005
0.9976	0.0007	0.0001	0.0016
1.0000	0.0000	0.0000	0.0000
0.9462	0.0096	0.0075	0.0367
0.0029	0.9970	0.0000	0.0000
0.0313	0.9494	0.0128	0.0065
0.9992	0.0008	0.0000	0.0000
0.9936	0.0058	0.0000	0.0006
0.6417	0.0916	0.0013	0.2654
0.4639	0.0005	0.5356	0.0000
0.0099	0.0000	0.9901	0.0000
0.0000	0.0000	0.0000	1.0000
0.0000	1.0000	0.0000	0.0000
0.7039	0.0987	0.0376	0.1599
1.0000	0.0000	0.0000	0.0000
0.0000	1.0000	0.0000	0.0000
0.0001	0.9999	0.0000	0.0000
0.2302	0.7537	0.0044	0.0116
0.0000	1.0000	0.0000	0.0000
0.0000	1.0000	0.0000	0.0000
0.2289	0.7609	0.0000	0.0102
0.0007	0.9993	0.0000	0.0000
0.0004	0.0003	0.9955	0.0038
0.0000	0.0000	0.0000	1.0000
0.9999	0.0000	0.0000	0.0001
0.0159	0.9841	0.0000	0.0000
1.0000	0.0000	0.0000	0.0000
1.0000	0.0000	0.0000	0.0000
0.9987	0.0013	0.0000	0.0000
0.0024	0.0030	0.9441	0.0505
