1.0000	0.0000	0.0000	0.0000
0.6987	0.0062	0.0009	0.2942
0.8177	0.0308	0.0092	0.1423
0.0000	1.0000	0.0000	0.0000
0.0037	0.9963	0.0000	0.0000
0.6844	0.2493	0.0170	0.0493
1.0000	0.0000	0.0000	0.0000
1.0000	0.0000	0.0000	0.0000
1.0000	0.0000	0.0000	0.0000
0.9962	0.0023	0.0000	0.0015
0.9872	0.0000	0.0000	0.0128
1.0000	0.0000	0.0000	0.0000
0.4434	0.0357	0.0312	0.4898
0.0000	0.0000	0.0000	1.0000
0.9868	0.0132	0.0000	0.0000
0.4326	0.1136	0.0676	0.3862
1.0000	0.0000	0.0000	0.0000
0.5335	0.4291	0.0180	0.0194
0.4584	0.0016	0.0011	0.5389
0.0000	0.0000	0.0000	1.0000
0.9951	0.0029	0.0000	0.0019
1.0000	0.0000	0.0000	0.0000
1.0000	0.0000	0.0000	0.0000
1.0000	0.0000	0.0000	0.0000
0.8293	0.1011	0.0629	0.0067
0.1569	0.0974	0.6833	0.0624
0.0007	0.0000	0.0002	0.9991
1.0000	0.0000	0.0000	0.0000
0.0284	0.0000	0.0001	0.9715
0.8820	0.0572	0.0139	0.0469
0.0393	0.0243	0.8034	0.1329
0.0011	0.9989	0.0000	0.0000
0.0019	0.0000	0.0000	0.9981
0.0611	0.0008	0.0077	0.9304
1.0000	0.0000	0.0000	0.0000
0.0159	0.9840	0.0000	0.0000
0.4789	0.1444	0.2868	0.0899
1.0000	0.0000	0.0000	0.0000
0.0192	0.9771	0.0037	0.0001
0.4486	0.3976	0.0768	0.0770
0.0001	0.0000	0.0000	0.9999
1.0000	0.0000	0.0000	0.0000
0.2729	0.0000	0.0000	0.7271
0.9991	0.0003	0.0000	0.0006
1.0000	0.0000	0.0000	0.0000
0.0101	0.0001	0.0045	0.9853
0.0000	1.0000	0.0000	0.0000
1.0000	0.0000	0.0000	0.0000
0.0000	1.0000	0.0000	0.0000
1.0000	0.0000	0.0000	0.0000
0.3002	0.0089	0.0259	0.6650
1.0000	0.0000	0.0000	0.0000
0.9924	0.0076	0.0000	0.0000
0.0000	0.0000	0.0000	1.0000
1.0000	0.0000	0.0000	0.0000
1.0000	0.0000	0.0000	0.0000
0.4174	0.0890	0.1563	0.3373
0.0130	0.0001	0.0022	0.9848
0.0000	1.0000	0.0000	0.0000
0.0502	0.0184	0.4225	0.5089
0.9781	0.0121	0.0007	0.0091
1.0000	0.0000	0.0000	0.0000
0.5048	0.3163	0.1269	0.0520
1.0000	0.0000	0.0000	0.0000
0.9978	0.0015	0.0000	0.0006
0.0021	0.9979	0.0000	0.0000
0.3982	0.4755	0.1187	0.0077
0.0045	0.9955	0.0000	0.0000
