1.0000	0.0000	0.0000	0.0000
0.9996	0.0000	0.0000	0.0004
0.1629	0.8330	0.0034	0.0008
0.0000	1.0000	0.0000	0.0000
1.0000	0.0000	0.0000	0.0000
0.9954	0.0034	0.0000	0.0012
1.0000	0.0000	0.0000	0.0000
1.0000	0.0000	0.0000	0.0000
1.0000	0.0000	0.0000	0.0000
0.0321	0.9678	0.0000	0.0000
0.9996	0.0000	0.0000	0.0004
1.0000	0.0000	0.0000	0.0000
0.0018	0.9968	0.0013	0.0000
0.0000	0.0000	0.0000	1.0000
1.0000	0.0000	0.0000	0.0000
0.0012	0.0031	0.9241	0.0715
1.0000	0.0000	0.0000	0.0000
0.0001	0.9999	0.0000	0.0000
0.9623	0.0008	0.0001	0.0368
0.0000	0.0000	0.0000	1.0000
1.0000	0.0000	0.0000	0.0000
1.0000	0.0000	0.0000	0.0000
1.0000	0.0000	0.0000	0.0000
0.0015	0.9985	0.0000	0.0000
0.0123	0.9351	0.0525	0.0001
0.0117	0.3164	0.6701	0.0018
0.0006	0.0017	0.9608	0.0369
0.0130	0.9870	0.0000	0.0000
0.0000	0.0000	0.0000	1.0000
0.0001	0.0000	0.0004	0.9995
0.0021	0.8672	0.1306	0.0001
0.0000	1.0000	0.0000	0.0000
0.0000	0.0000	0.0000	1.0000
0.0041	0.9540	0.0417	0.0001
1.0000	0.0000	0.0000	0.0000
0.0000	1.0000	0.0000	0.0000
0.0032	0.8676	0.1290	0.0001
1.0000	0.0000	0.0000	0.0000
0.0000	0.9999	0.0001	0.0000
0.0002	0.9998	0.0001	0.0000
0.0000	0.0000	0.0000	1.0000
1.0000	0.0000	0.0000	0.0000
0.9997	0.0000	0.0000	0.0003
1.0000	0.0000	0.0000	0.0000
1.0000	0.0000	0.0000	0.0000
0.0009	0.0753	0.9227	0.0011
0.0000	1.0000	0.0000	0.0000
1.0000	0.0000	0.0000	0.0000
0.0000	1.0000	0.0000	0.0000
1.0000	0.0000	0.0000	0.0000
0.0457	0.0035	0.1264	0.8245
1.0000	0.0000	0.0000	0.0000
0.0002	0.9998	0.0000	0.0000
0.0000	0.0000	0.0000	1.0000
1.0000	0.0000	0.0000	0.0000
1.0000	0.0000	0.0000	0.0000
0.0036	0.1715	0.8236	0.0014
0.0106	0.0001	0.0239	0.9654
0.0000	1.0000	0.0000	0.0000
0.0000	0.0005	0.9941	0.0053
0.0024	0.9970	0.0006	0.0000
1.0000	0.0000	0.0000	0.0000
0.0000	0.0000	1.0000	0.0000
1.0000	0.0000	0.0000	0.0000
0.1279	0.8715	0.0005	0.0001
0.0000	1.0000	0.0000	0.0000
0.0007	0.9981	0.0012	0.0000
0.0000	1.0000	0.0000	0.0000
