0.9990	0.0000	0.0000	0.0010
0.9995	0.0000	0.0000	0.0005
0.0008	0.0066	0.9810	0.0116
1.0000	0.0000	0.0000	0.0000
0.0506	0.0000	0.0000	0.9494
0.0000	0.0000	0.0000	1.0000
0.0000	0.0402	0.9598	0.0000
0.9550	0.0049	0.0000	0.0401
0.0000	1.0000	0.0000	0.0000
1.0000	0.0000	0.0000	0.0000
1.0000	0.0000	0.0000	0.0000
1.0000	0.0000	0.0000	0.0000
1.0000	0.0000	0.0000	0.0000
0.0000	1.0000	0.0000	0.0000
1.0000	0.0000	0.0000	0.0000
0.0070	0.5051	0.4874	0.0005
0.0000	0.0000	0.0000	1.0000
0.3791	0.0000	0.0000	0.6209
0.0050	0.9950	0.0000	0.0000
1.0000	0.0000	0.0000	0.0000
1.0000	0.0000	0.0000	0.0000
1.0000	0.0000	0.0000	0.0000
0.0003	0.0001	0.8099	0.1897
0.7508	0.0000	0.0000	0.2492
1.0000	0.0000	0.0000	0.0000
0.7174	0.0000	0.0000	0.2826
0.0000	0.0000	0.7464	0.2536
0.0001	0.0002	0.9843	0.0153
1.0000	0.0000	0.0000	0.0000
0.0001	0.9999	0.0000	0.0000
1.0000	0.0000	0.0000	0.0000
1.0000	0.0000	0.0000	0.0000
0.0000	0.0000	1.0000	0.0000
0.9888	0.0000	0.0000	0.0112
1.0000	0.0000	0.0000	0.0000
1.0000	0.0000	0.0000	0.0000
0.0030	0.9970	0.0000	0.0000
0.6077	0.0000	0.0000	0.3923
1.0000	0.0000	0.0000	0.0000
1.0000	0.0000	0.0000	0.0000
1.0000	0.0000	0.0000	0.0000
0.0000	1.0000	0.0000	0.0000
0.4547	0.5453	0.0000	0.0000
0.0000	0.0000	0.0000	1.0000
0.9880	0.0120	0.0000	0.0000
1.0000	0.0000	0.0000	0.0000
1.0000	0.0000	0.0000	0.0000
0.8599	0.1401	0.0000	0.0000
1.0000	0.0000	0.0000	0.0000
0.0000	0.0000	0.0000	1.0000
1.0000	0.0000	0.0000	0.0000
0.0644	0.0000	0.0000	0.9356
0.9971	0.0029	0.0000	0.0000
0.0000	1.0000	0.0000	0.0000
0.0003	0.9997	0.0000	0.0000
0.0000	0.0000	0.0002	0.9998
0.3050	0.6949	0.0001	0.0001
1.0000	0.0000	0.0000	0.0000
1.0000	0.0000	0.0000	0.0000
0.7933	0.0001	0.0000	0.2066
0.0000	0.0000	0.7202	0.2797
0.9885	0.0115	0.0000	0.0000
0.5991	0.0000	0.0000	0.4009
1.0000	0.0000	0.0000	0.0000
0.0009	0.0012	0.9212	0.0768
0.0000	0.0000	1.0000	0.0000
0.0000	1.0000	0.0000	0.0000
0.0000	0.0001	0.9992	0.0006
